

Software Version	3.03.14



Experiment File Path:	C:\Users\Public\Documents\Experiments\Task2_48hr_48well_discon_171023_141142.xpt
Protocol File Path:	C:\Users\Public\Documents\Protocols\Task2_48hr_48well_discon.prt



Plate Number	Plate 1
Date	10/23/2017
Time	2:12:05 PM
Reader Type:	Synergy H1
Reader Serial Number:	1706221C
Reading Type	Reader

Procedure Details

Plate Type	Costar 48 well
Discontinuous Kinetics	Runtime 2:00:15 (D:HH:MM), Interval 0:00:15, 194 Reads
Set Temperature	Setpoint 25°C
	Preheat before moving to next step
Read	Absorbance Endpoint
	Full Plate
	Wavelengths:  600
	Read Speed: Normal,  Delay: 100 msec,  Measurements/Data Point: 8
Shake	Linear: 15:00 (MM:SS)
	Frequency: 567 cpm (3 mm)

Layout
	1	2	3	4	5	6	7	8
A	SPL1	SPL7	SPL13	SPL19	SPL25	SPL31	SPL37	SPL43	Well ID
B	SPL2	SPL8	SPL14	SPL20	SPL26	SPL32	SPL38	SPL44	Well ID
C	SPL3	SPL9	SPL15	SPL21	SPL27	SPL33	SPL39	SPL45	Well ID
D	SPL4	SPL10	SPL16	SPL22	SPL28	SPL34	SPL40	SPL46	Well ID
E	SPL5	SPL11	SPL17	SPL23	SPL29	SPL35	SPL41	SPL47	Well ID
F	SPL6	SPL12	SPL18	SPL24	SPL30	SPL36	SPL42	SPL48	Well ID

600

Time	T° 600	A1	A2	A3	A4	A5	A6	A7	A8	B1	B2	B3	B4	B5	B6	B7	B8	C1	C2	C3	C4	C5	C6	C7	C8	D1	D2	D3	D4	D5	D6	D7	D8	E1	E2	E3	E4	E5	E6	E7	E8	F1	F2	F3	F4	F5	F6	F7	F8
0:00:00	25.0	0.204	0.039	0.040	0.040	0.042	0.043	0.048	0.039	0.041	0.047	0.040	0.048	0.048	0.049	0.048	0.047	0.046	0.041	0.079	0.040	0.041	0.079	0.042	0.043	0.063	0.073	0.039	0.048	0.048	0.048	0.048	0.048	0.050	0.042	0.042	0.042	0.043	0.065	0.074	0.059	0.046	0.049	0.041	0.048	0.048	0.048	0.048	0.048
0:15:44	25.1	0.047	0.043	0.044	0.048	0.046	0.052	0.052	0.052	0.051	0.052	0.040	0.048	0.048	0.048	0.048	0.047	0.046	0.044	0.091	0.045	0.045	0.052	0.052	0.053	0.053	0.053	0.039	0.048	0.048	0.048	0.048	0.048	0.045	0.044	0.045	0.045	0.045	0.055	0.052	0.055	0.052	0.052	0.041	0.048	0.048	0.048	0.048	0.048
0:31:26	25.0	0.076	0.043	0.044	0.045	0.045	0.052	0.053	0.097	0.051	0.052	0.040	0.047	0.048	0.049	0.048	0.047	0.046	0.044	0.049	0.045	0.045	0.052	0.052	0.053	0.053	0.053	0.039	0.048	0.048	0.048	0.048	0.048	0.049	0.044	0.045	0.045	0.045	0.056	0.052	0.057	0.053	0.053	0.041	0.048	0.048	0.048	0.048	0.048
0:47:08	25.0	0.049	0.043	0.044	0.045	0.046	0.052	0.053	0.066	0.052	0.054	0.040	0.048	0.048	0.049	0.047	0.047	0.047	0.044	0.046	0.046	0.046	0.053	0.053	0.054	0.055	0.057	0.039	0.048	0.048	0.048	0.048	0.048	0.045	0.044	0.045	0.045	0.046	0.057	0.053	0.055	0.053	0.053	0.041	0.048	0.048	0.048	0.048	0.048
1:02:51	25.0	0.174	0.044	0.045	0.045	0.046	0.053	0.053	0.054	0.052	0.053	0.040	0.048	0.048	0.049	0.047	0.047	0.047	0.045	0.047	0.047	0.046	0.053	0.055	0.054	0.054	0.058	0.039	0.048	0.048	0.048	0.048	0.048	0.046	0.044	0.046	0.046	0.046	0.057	0.053	0.056	0.053	0.055	0.041	0.048	0.048	0.048	0.048	0.048
1:18:33	25.0	0.053	0.044	0.045	0.046	0.047	0.054	0.054	0.055	0.053	0.054	0.040	0.047	0.048	0.049	0.047	0.047	0.048	0.045	0.048	0.047	0.047	0.054	0.054	0.055	0.055	0.058	0.039	0.048	0.048	0.048	0.048	0.048	0.047	0.045	0.046	0.046	0.047	0.058	0.055	0.056	0.055	0.056	0.041	0.048	0.048	0.048	0.048	0.048
1:34:16	25.0	0.052	0.044	0.045	0.046	0.048	0.055	0.055	0.055	0.054	0.055	0.040	0.048	0.048	0.049	0.047	0.047	0.049	0.046	0.049	0.048	0.048	0.055	0.055	0.056	0.056	0.061	0.039	0.048	0.048	0.048	0.048	0.048	0.047	0.045	0.047	0.047	0.047	0.059	0.055	0.057	0.056	0.056	0.041	0.048	0.048	0.048	0.048	0.048
1:49:58	25.0	0.053	0.045	0.046	0.047	0.048	0.056	0.056	0.084	0.055	0.056	0.040	0.048	0.048	0.049	0.047	0.047	0.050	0.047	0.050	0.049	0.049	0.056	0.056	0.057	0.058	0.058	0.039	0.048	0.048	0.048	0.048	0.048	0.048	0.046	0.048	0.047	0.048	0.059	0.056	0.058	0.055	0.057	0.041	0.048	0.048	0.048	0.048	0.048
2:05:41	25.0	0.107	0.046	0.047	0.047	0.051	0.057	0.057	0.058	0.056	0.057	0.040	0.047	0.048	0.049	0.047	0.047	0.050	0.047	0.065	0.050	0.049	0.057	0.057	0.060	0.059	0.060	0.039	0.048	0.048	0.048	0.048	0.048	0.049	0.047	0.049	0.048	0.049	0.061	0.057	0.059	0.057	0.058	0.041	0.048	0.048	0.048	0.048	0.048
2:21:24	25.0	0.058	0.047	0.048	0.048	0.050	0.058	0.058	0.058	0.058	0.059	0.040	0.048	0.048	0.049	0.047	0.047	0.056	0.048	0.073	0.052	0.051	0.058	0.058	0.061	0.060	0.062	0.039	0.048	0.048	0.048	0.048	0.048	0.052	0.047	0.051	0.049	0.051	0.061	0.058	0.060	0.058	0.059	0.041	0.048	0.048	0.048	0.048	0.048
2:37:06	25.0	0.104	0.047	0.049	0.049	0.052	0.059	0.060	0.064	0.061	0.060	0.040	0.048	0.048	0.049	0.047	0.047	0.053	0.049	0.083	0.054	0.052	0.060	0.060	0.060	0.062	0.066	0.039	0.048	0.048	0.048	0.048	0.048	0.052	0.048	0.052	0.050	0.052	0.063	0.059	0.061	0.058	0.059	0.041	0.048	0.048	0.048	0.048	0.048
2:52:49	25.0	0.127	0.048	0.051	0.050	0.053	0.060	0.062	0.087	0.062	0.061	0.040	0.048	0.048	0.049	0.047	0.047	0.055	0.050	0.060	0.056	0.054	0.061	0.061	0.065	0.064	0.065	0.039	0.048	0.048	0.048	0.048	0.048	0.054	0.050	0.054	0.051	0.054	0.064	0.061	0.063	0.060	0.061	0.041	0.048	0.048	0.048	0.048	0.048
3:08:32	25.1	0.155	0.050	0.052	0.052	0.055	0.062	0.063	0.063	0.064	0.063	0.040	0.047	0.048	0.049	0.047	0.047	0.057	0.052	0.062	0.059	0.056	0.063	0.063	0.063	0.065	0.069	0.039	0.048	0.048	0.048	0.048	0.048	0.059	0.051	0.057	0.053	0.056	0.066	0.064	0.070	0.062	0.062	0.041	0.048	0.048	0.048	0.048	0.048
3:24:14	25.1	0.242	0.051	0.055	0.053	0.058	0.063	0.064	0.089	0.064	0.064	0.040	0.047	0.048	0.049	0.047	0.047	0.067	0.054	0.067	0.066	0.059	0.064	0.064	0.065	0.067	0.069	0.039	0.048	0.048	0.048	0.048	0.048	0.059	0.053	0.060	0.055	0.059	0.067	0.064	0.065	0.063	0.064	0.040	0.048	0.048	0.048	0.048	0.048
3:39:57	25.0	0.240	0.053	0.066	0.055	0.060	0.065	0.067	0.121	0.065	0.066	0.040	0.047	0.048	0.049	0.047	0.047	0.072	0.056	0.080	0.068	0.063	0.066	0.066	0.067	0.068	0.070	0.039	0.048	0.048	0.048	0.048	0.048	0.063	0.055	0.150	0.057	0.061	0.069	0.066	0.067	0.064	0.066	0.040	0.048	0.048	0.048	0.048	0.048
3:55:39	25.1	0.092	0.056	0.060	0.058	0.064	0.067	0.068	0.067	0.067	0.068	0.040	0.047	0.048	0.049	0.047	0.047	0.070	0.059	0.077	0.073	0.067	0.067	0.068	0.069	0.071	0.075	0.039	0.048	0.048	0.048	0.048	0.048	0.066	0.058	0.068	0.060	0.066	0.070	0.067	0.068	0.065	0.067	0.041	0.048	0.048	0.048	0.048	0.048
4:11:22	25.1	0.529	0.059	0.065	0.061	0.068	0.069	0.070	0.070	0.069	0.070	0.040	0.048	0.048	0.049	0.047	0.047	0.072	0.062	0.084	0.110	0.072	0.069	0.071	0.071	0.073	0.077	0.039	0.048	0.048	0.048	0.048	0.048	0.071	0.061	0.113	0.063	0.070	0.072	0.070	0.091	0.068	0.070	0.040	0.048	0.048	0.048	0.048	0.048
4:27:05	25.1	0.113	0.062	0.069	0.064	0.078	0.071	0.073	0.120	0.071	0.072	0.040	0.047	0.048	0.049	0.047	0.047	0.078	0.066	0.093	0.090	0.077	0.071	0.074	0.074	0.076	0.081	0.039	0.048	0.048	0.048	0.048	0.048	0.078	0.064	0.084	0.067	0.076	0.074	0.072	0.072	0.070	0.071	0.041	0.048	0.048	0.048	0.048	0.048
4:42:47	25.1	0.161	0.067	0.074	0.068	0.078	0.073	0.075	0.152	0.074	0.075	0.040	0.047	0.048	0.049	0.047	0.047	0.084	0.071	0.105	0.112	0.083	0.073	0.076	0.077	0.079	0.082	0.039	0.048	0.048	0.048	0.048	0.048	0.085	0.069	0.089	0.072	0.082	0.077	0.075	0.074	0.072	0.074	0.041	0.048	0.048	0.048	0.048	0.048
4:58:30	25.1	0.192	0.072	0.081	0.073	0.089	0.075	0.078	0.078	0.077	0.077	0.040	0.047	0.048	0.049	0.047	0.047	0.093	0.077	0.118	0.113	0.091	0.076	0.079	0.079	0.082	0.083	0.039	0.048	0.048	0.048	0.048	0.048	0.094	0.074	0.098	0.077	0.089	0.079	0.078	0.076	0.074	0.077	0.041	0.048	0.048	0.048	0.048	0.048
5:14:13	25.0	0.163	0.079	0.088	0.079	0.112	0.078	0.082	0.080	0.080	0.080	0.040	0.047	0.048	0.049	0.047	0.047	0.103	0.084	0.132	0.125	0.100	0.078	0.083	0.082	0.086	0.090	0.039	0.048	0.048	0.048	0.048	0.048	0.117	0.080	0.111	0.084	0.098	0.082	0.082	0.080	0.077	0.080	0.040	0.048	0.048	0.048	0.048	0.048
5:29:55	25.1	0.201	0.092	0.097	0.086	0.108	0.081	0.086	0.084	0.084	0.084	0.040	0.048	0.048	0.049	0.047	0.047	0.114	0.093	0.147	0.350	0.111	0.081	0.087	0.086	0.090	0.091	0.039	0.048	0.048	0.048	0.048	0.048	0.117	0.088	0.122	0.092	0.108	0.086	0.085	0.083	0.081	0.083	0.040	0.048	0.048	0.048	0.048	0.048
5:45:38	25.1	0.224	0.095	0.109	0.095	0.115	0.085	0.090	0.096	0.089	0.089	0.040	0.047	0.048	0.049	0.047	0.047	0.128	0.102	0.162	0.167	0.124	0.084	0.092	0.090	0.095	0.102	0.039	0.048	0.048	0.048	0.048	0.048	0.143	0.097	0.135	0.101	0.119	0.089	0.088	0.085	0.085	0.087	0.040	0.048	0.048	0.048	0.048	0.048
6:01:20	25.1	0.289	0.106	0.122	0.105	0.141	0.090	0.095	0.093	0.094	0.093	0.040	0.047	0.048	0.049	0.047	0.047	0.141	0.115	0.175	0.283	0.138	0.089	0.097	0.095	0.101	0.108	0.039	0.048	0.048	0.048	0.048	0.048	0.169	0.108	0.151	0.112	0.132	0.093	0.095	0.091	0.089	0.092	0.040	0.048	0.048	0.048	0.048	0.048
6:17:03	25.1	0.224	0.118	0.133	0.116	0.140	0.094	0.100	0.097	0.099	0.099	0.040	0.047	0.048	0.048	0.047	0.047	0.156	0.128	0.191	0.190	0.154	0.094	0.103	0.100	0.108	0.107	0.039	0.048	0.048	0.048	0.048	0.048	0.177	0.119	0.163	0.123	0.146	0.098	0.100	0.095	0.094	0.096	0.040	0.048	0.048	0.048	0.048	0.048
6:32:45	25.1	0.507	0.130	0.145	0.127	0.156	0.099	0.108	0.106	0.106	0.105	0.040	0.047	0.048	0.048	0.047	0.047	0.170	0.139	0.208	0.343	0.167	0.100	0.110	0.107	0.116	0.114	0.039	0.048	0.048	0.048	0.048	0.048	0.174	0.130	0.177	0.136	0.159	0.103	0.105	0.100	0.099	0.101	0.040	0.048	0.048	0.048	0.048	0.048
6:48:28	25.1	0.271	0.143	0.157	0.139	0.167	0.106	0.115	0.110	0.114	0.111	0.040	0.047	0.048	0.049	0.047	0.047	0.184	0.153	0.222	0.210	0.181	0.107	0.117	0.113	0.124	0.128	0.039	0.048	0.048	0.048	0.048	0.048	0.198	0.143	0.192	0.148	0.171	0.109	0.111	0.105	0.104	0.108	0.040	0.048	0.048	0.048	0.048	0.048
7:04:11	25.1	0.293	0.156	0.168	0.150	0.180	0.112	0.125	0.150	0.122	0.120	0.040	0.047	0.048	0.049	0.047	0.047	0.201	0.163	0.232	0.221	0.197	0.114	0.126	0.121	0.134	0.138	0.039	0.048	0.048	0.048	0.048	0.048	0.208	0.154	0.206	0.158	0.187	0.116	0.120	0.111	0.111	0.115	0.040	0.048	0.048	0.048	0.048	0.048
7:19:53	25.1	0.289	0.166	0.182	0.160	0.194	0.119	0.131	0.136	0.131	0.128	0.040	0.047	0.048	0.049	0.047	0.047	0.217	0.176	0.299	0.225	0.213	0.122	0.135	0.129	0.144	0.146	0.039	0.048	0.048	0.048	0.048	0.048	0.234	0.166	0.218	0.171	0.202	0.123	0.128	0.140	0.118	0.123	0.041	0.048	0.048	0.048	0.048	0.048
7:35:36	25.1	0.293	0.179	0.196	0.172	0.207	0.128	0.141	0.168	0.142	0.138	0.040	0.048	0.048	0.049	0.047	0.047	0.229	0.191	0.239	0.224	0.224	0.131	0.145	0.139	0.156	0.153	0.039	0.048	0.048	0.048	0.048	0.048	0.233	0.181	0.227	0.184	0.213	0.131	0.137	0.128	0.128	0.131	0.040	0.048	0.048	0.048	0.048	0.048
7:51:18	25.1	0.491	0.194	0.208	0.185	0.216	0.138	0.151	0.170	0.153	0.149	0.040	0.048	0.048	0.049	0.047	0.047	0.239	0.203	0.235	0.268	0.234	0.139	0.158	0.149	0.168	0.169	0.039	0.048	0.048	0.048	0.048	0.048	0.252	0.193	0.233	0.194	0.221	0.141	0.148	0.136	0.137	0.141	0.041	0.048	0.048	0.048	0.048	0.048
8:07:01	25.0	0.239	0.203	0.217	0.196	0.225	0.148	0.163	0.276	0.166	0.161	0.040	0.048	0.048	0.049	0.047	0.047	0.244	0.211	0.230	0.309	0.235	0.151	0.171	0.158	0.182	0.180	0.039	0.048	0.048	0.048	0.048	0.048	0.241	0.202	0.231	0.203	0.223	0.151	0.158	0.146	0.147	0.151	0.041	0.048	0.048	0.048	0.048	0.048
8:22:43	25.1	0.237	0.213	0.226	0.204	0.228	0.160	0.175	0.228	0.180	0.174	0.040	0.047	0.048	0.049	0.047	0.047	0.239	0.223	0.226	0.283	0.230	0.163	0.183	0.171	0.197	0.198	0.039	0.048	0.048	0.048	0.048	0.048	0.235	0.211	0.225	0.211	0.218	0.163	0.170	0.158	0.159	0.165	0.040	0.048	0.048	0.048	0.048	0.048
8:38:25	25.1	0.280	0.224	0.222	0.214	0.222	0.173	0.191	0.230	0.195	0.190	0.040	0.048	0.048	0.049	0.047	0.047	0.235	0.227	0.238	0.216	0.224	0.177	0.199	0.184	0.214	0.215	0.039	0.048	0.048	0.048	0.048	0.048	0.232	0.219	0.263	0.212	0.213	0.174	0.183	0.171	0.171	0.177	0.040	0.048	0.048	0.048	0.048	0.048
8:54:08	25.1	0.343	0.226	0.217	0.217	0.219	0.187	0.205	0.190	0.212	0.205	0.040	0.047	0.048	0.048	0.047	0.047	0.231	0.223	0.221	0.213	0.220	0.191	0.214	0.198	0.231	0.227	0.039	0.048	0.048	0.048	0.048	0.048	0.229	0.217	0.218	0.208	0.209	0.190	0.197	0.254	0.187	0.191	0.040	0.048	0.048	0.048	0.048	0.048
9:09:51	25.1	0.261	0.221	0.212	0.213	0.215	0.201	0.221	0.278	0.229	0.224	0.040	0.048	0.048	0.049	0.047	0.047	0.229	0.218	0.217	0.211	0.216	0.206	0.230	0.213	0.250	0.248	0.039	0.048	0.048	0.048	0.048	0.048	0.229	0.212	0.244	0.205	0.204	0.205	0.211	0.197	0.200	0.207	0.040	0.048	0.048	0.048	0.048	0.048
9:25:33	25.1	0.240	0.216	0.209	0.210	0.212	0.217	0.238	0.268	0.248	0.240	0.040	0.047	0.048	0.049	0.047	0.047	0.227	0.213	0.213	0.208	0.214	0.221	0.247	0.231	0.269	0.263	0.039	0.048	0.048	0.048	0.048	0.048	0.225	0.207	0.212	0.201	0.201	0.218	0.228	0.219	0.212	0.223	0.040	0.048	0.048	0.048	0.048	0.048
9:41:16	25.1	0.248	0.212	0.206	0.205	0.210	0.232	0.255	0.265	0.273	0.257	0.040	0.047	0.048	0.049	0.047	0.047	0.225	0.210	0.214	0.224	0.209	0.238	0.266	0.247	0.288	0.279	0.039	0.048	0.048	0.048	0.048	0.048	0.223	0.204	0.208	0.199	0.198	0.233	0.245	0.223	0.228	0.239	0.040	0.048	0.048	0.048	0.048	0.048
9:56:58	25.1	0.238	0.210	0.203	0.203	0.208	0.249	0.273	0.284	0.286	0.275	0.040	0.048	0.048	0.049	0.047	0.047	0.224	0.206	0.205	0.270	0.206	0.255	0.283	0.263	0.308	0.300	0.039	0.048	0.048	0.048	0.048	0.048	0.221	0.200	0.204	0.197	0.194	0.249	0.263	0.260	0.245	0.258	0.040	0.048	0.048	0.048	0.048	0.048
10:12:41	25.1	0.320	0.205	0.201	0.201	0.207	0.269	0.293	0.264	0.305	0.294	0.040	0.047	0.048	0.049	0.047	0.047	0.222	0.203	0.202	0.203	0.204	0.273	0.303	0.281	0.327	0.320	0.039	0.048	0.048	0.048	0.048	0.048	0.219	0.197	0.201	0.194	0.191	0.267	0.280	0.255	0.263	0.275	0.040	0.048	0.048	0.048	0.048	0.048
10:28:23	25.1	0.291	0.202	0.199	0.198	0.205	0.286	0.310	0.282	0.325	0.313	0.040	0.047	0.048	0.049	0.047	0.047	0.221	0.199	0.199	0.200	0.204	0.290	0.332	0.299	0.347	0.336	0.039	0.048	0.048	0.048	0.048	0.048	0.218	0.193	0.198	0.191	0.187	0.284	0.298	0.270	0.281	0.292	0.040	0.048	0.048	0.048	0.048	0.048
10:44:06	25.0	0.392	0.200	0.196	0.196	0.203	0.303	0.326	0.309	0.342	0.332	0.040	0.048	0.048	0.049	0.047	0.047	0.219	0.196	0.195	0.199	0.197	0.309	0.358	0.315	0.363	0.353	0.039	0.048	0.048	0.048	0.048	0.048	0.216	0.189	0.194	0.188	0.184	0.300	0.317	0.284	0.298	0.309	0.040	0.048	0.048	0.048	0.048	0.048
10:59:49	25.0	0.252	0.197	0.194	0.193	0.201	0.319	0.343	0.320	0.358	0.349	0.040	0.047	0.048	0.048	0.047	0.047	0.217	0.192	0.192	0.252	0.194	0.327	0.356	0.328	0.379	0.369	0.039	0.048	0.048	0.048	0.048	0.048	0.213	0.185	0.189	0.184	0.180	0.316	0.333	0.334	0.315	0.325	0.040	0.048	0.048	0.048	0.048	0.048
11:15:31	25.1	0.236	0.193	0.191	0.191	0.198	0.335	0.359	0.353	0.373	0.365	0.040	0.047	0.048	0.049	0.047	0.047	0.215	0.188	0.189	0.227	0.191	0.342	0.373	0.342	0.393	0.385	0.039	0.048	0.048	0.048	0.048	0.048	0.213	0.181	0.186	0.181	0.177	0.335	0.348	0.382	0.333	0.340	0.040	0.048	0.048	0.048	0.048	0.048
11:31:14	25.1	0.534	0.191	0.188	0.187	0.196	0.351	0.375	0.392	0.388	0.383	0.040	0.047	0.048	0.049	0.047	0.047	0.214	0.184	0.187	0.195	0.188	0.358	0.389	0.355	0.406	0.398	0.039	0.048	0.048	0.048	0.048	0.048	0.211	0.179	0.183	0.178	0.173	0.348	0.363	0.323	0.346	0.356	0.040	0.048	0.048	0.048	0.048	0.048
11:46:56	25.1	0.242	0.188	0.185	0.185	0.194	0.364	0.388	0.379	0.404	0.398	0.040	0.047	0.048	0.049	0.047	0.047	0.212	0.180	0.185	0.194	0.186	0.372	0.414	0.367	0.418	0.411	0.039	0.048	0.048	0.048	0.048	0.048	0.209	0.175	0.180	0.174	0.170	0.363	0.375	0.331	0.360	0.372	0.040	0.048	0.048	0.048	0.048	0.048
12:02:39	25.1	0.235	0.184	0.183	0.182	0.192	0.380	0.402	0.394	0.412	0.414	0.040	0.048	0.048	0.049	0.047	0.047	0.211	0.178	0.187	0.193	0.183	0.387	0.415	0.378	0.430	0.425	0.039	0.048	0.048	0.048	0.048	0.048	0.208	0.171	0.177	0.171	0.168	0.377	0.386	0.342	0.372	0.383	0.040	0.048	0.048	0.048	0.048	0.048
12:18:21	25.1	0.250	0.181	0.181	0.180	0.190	0.394	0.425	0.487	0.431	0.426	0.040	0.047	0.048	0.049	0.047	0.047	0.210	0.175	0.182	0.193	0.181	0.399	0.426	0.389	0.440	0.436	0.039	0.048	0.048	0.048	0.048	0.048	0.208	0.168	0.175	0.169	0.166	0.389	0.398	0.363	0.383	0.397	0.040	0.048	0.048	0.048	0.048	0.048
12:34:04	25.0	0.461	0.179	0.178	0.177	0.190	0.407	0.426	0.380	0.442	0.439	0.040	0.048	0.048	0.049	0.047	0.047	0.210	0.173	0.184	0.280	0.180	0.410	0.438	0.401	0.451	0.448	0.039	0.048	0.048	0.048	0.048	0.048	0.208	0.166	0.173	0.166	0.165	0.400	0.409	0.435	0.393	0.408	0.040	0.048	0.048	0.048	0.048	0.048
12:49:46	25.0	0.248	0.177	0.177	0.174	0.187	0.420	0.438	0.394	0.450	0.452	0.040	0.047	0.048	0.048	0.047	0.047	0.209	0.170	0.180	0.193	0.180	0.420	0.449	0.411	0.461	0.459	0.039	0.048	0.048	0.048	0.048	0.048	0.207	0.164	0.173	0.164	0.163	0.410	0.420	0.373	0.404	0.419	0.040	0.048	0.048	0.048	0.048	0.048
13:05:29	25.1	0.439	0.174	0.176	0.172	0.185	0.431	0.448	0.404	0.461	0.462	0.040	0.048	0.048	0.049	0.047	0.047	0.209	0.168	0.179	0.247	0.180	0.431	0.460	0.421	0.470	0.469	0.039	0.048	0.048	0.048	0.048	0.048	0.208	0.162	0.171	0.161	0.164	0.419	0.430	0.444	0.413	0.429	0.040	0.048	0.048	0.048	0.048	0.048
13:21:11	25.1	0.261	0.172	0.175	0.170	0.184	0.442	0.458	0.405	0.471	0.473	0.040	0.047	0.048	0.049	0.047	0.047	0.210	0.167	0.180	0.197	0.180	0.440	0.472	0.431	0.480	0.480	0.039	0.048	0.048	0.048	0.048	0.048	0.208	0.161	0.171	0.160	0.164	0.428	0.453	0.411	0.422	0.440	0.040	0.048	0.048	0.048	0.048	0.048
13:36:54	25.1	0.247	0.170	0.174	0.168	0.183	0.452	0.467	0.418	0.481	0.483	0.040	0.047	0.048	0.049	0.047	0.047	0.209	0.166	0.179	0.208	0.181	0.449	0.480	0.440	0.488	0.490	0.039	0.048	0.048	0.048	0.048	0.048	0.209	0.160	0.171	0.157	0.165	0.437	0.450	0.397	0.430	0.449	0.040	0.048	0.048	0.048	0.048	0.048
13:52:36	25.0	0.239	0.168	0.173	0.166	0.183	0.462	0.477	0.512	0.491	0.493	0.040	0.048	0.048	0.049	0.047	0.047	0.211	0.165	0.181	0.222	0.182	0.458	0.492	0.450	0.498	0.499	0.039	0.048	0.048	0.048	0.048	0.048	0.210	0.159	0.172	0.156	0.167	0.446	0.460	0.410	0.439	0.458	0.040	0.048	0.048	0.048	0.048	0.048
14:08:19	25.1	0.271	0.167	0.173	0.165	0.182	0.471	0.487	0.432	0.500	0.503	0.040	0.047	0.048	0.048	0.047	0.047	0.212	0.164	0.188	0.203	0.183	0.467	0.502	0.459	0.506	0.509	0.039	0.048	0.048	0.048	0.048	0.048	0.211	0.159	0.172	0.154	0.167	0.454	0.468	0.414	0.446	0.467	0.040	0.048	0.048	0.048	0.048	0.048
14:24:02	25.1	0.242	0.166	0.173	0.163	0.182	0.479	0.496	0.435	0.508	0.512	0.040	0.047	0.048	0.049	0.047	0.047	0.214	0.163	0.211	0.299	0.186	0.475	0.512	0.495	0.515	0.518	0.039	0.048	0.048	0.048	0.048	0.048	0.213	0.158	0.172	0.153	0.169	0.463	0.477	0.421	0.454	0.475	0.040	0.048	0.048	0.048	0.048	0.048
14:39:44	25.1	0.242	0.166	0.174	0.161	0.182	0.488	0.504	0.485	0.517	0.521	0.040	0.048	0.048	0.049	0.047	0.047	0.216	0.163	0.179	0.212	0.187	0.484	0.521	0.475	0.523	0.527	0.039	0.048	0.048	0.048	0.048	0.048	0.215	0.158	0.173	0.151	0.171	0.471	0.486	0.461	0.461	0.484	0.040	0.048	0.048	0.048	0.048	0.048
14:55:27	25.1	0.244	0.166	0.174	0.160	0.201	0.497	0.516	0.453	0.525	0.531	0.040	0.047	0.048	0.048	0.047	0.047	0.219	0.162	0.179	0.201	0.187	0.492	0.530	0.484	0.532	0.536	0.039	0.048	0.048	0.048	0.048	0.048	0.217	0.158	0.173	0.151	0.173	0.478	0.495	0.452	0.469	0.492	0.040	0.048	0.048	0.048	0.048	0.048
15:11:09	25.1	0.310	0.165	0.175	0.159	0.183	0.505	0.522	0.469	0.533	0.539	0.040	0.047	0.048	0.049	0.047	0.047	0.221	0.163	0.178	0.196	0.189	0.500	0.540	0.491	0.539	0.545	0.039	0.048	0.048	0.048	0.048	0.048	0.219	0.159	0.173	0.151	0.175	0.486	0.504	0.447	0.475	0.500	0.040	0.048	0.048	0.048	0.048	0.048
15:26:52	25.0	0.518	0.164	0.175	0.158	0.182	0.513	0.530	0.498	0.541	0.548	0.040	0.047	0.048	0.049	0.047	0.047	0.223	0.164	0.179	0.216	0.191	0.508	0.549	0.500	0.547	0.554	0.039	0.048	0.048	0.048	0.048	0.048	0.221	0.158	0.187	0.151	0.178	0.494	0.513	0.513	0.482	0.509	0.040	0.048	0.048	0.048	0.048	0.048
15:42:34	25.1	0.249	0.165	0.176	0.158	0.183	0.520	0.538	0.493	0.549	0.557	0.040	0.048	0.048	0.049	0.047	0.047	0.227	0.165	0.179	0.200	0.193	0.516	0.557	0.509	0.555	0.563	0.039	0.048	0.048	0.048	0.048	0.048	0.223	0.159	0.184	0.151	0.179	0.501	0.521	0.458	0.488	0.516	0.040	0.048	0.048	0.048	0.048	0.048
15:58:17	25.1	0.299	0.165	0.177	0.157	0.184	0.528	0.546	0.495	0.557	0.566	0.040	0.047	0.048	0.049	0.047	0.047	0.230	0.166	0.178	0.199	0.194	0.524	0.566	0.515	0.562	0.571	0.039	0.048	0.048	0.048	0.048	0.048	0.225	0.161	0.173	0.150	0.183	0.509	0.529	0.466	0.495	0.524	0.040	0.048	0.048	0.048	0.048	0.048
16:14:00	25.1	0.363	0.168	0.177	0.156	0.184	0.536	0.557	0.510	0.565	0.574	0.040	0.047	0.048	0.048	0.047	0.047	0.232	0.167	0.178	0.201	0.195	0.531	0.575	0.523	0.570	0.580	0.039	0.048	0.048	0.048	0.048	0.048	0.228	0.161	0.174	0.151	0.185	0.516	0.537	0.473	0.501	0.532	0.040	0.048	0.048	0.048	0.048	0.048
16:29:42	25.1	0.262	0.165	0.177	0.156	0.184	0.542	0.562	0.493	0.573	0.583	0.040	0.047	0.048	0.049	0.047	0.047	0.235	0.167	0.178	0.220	0.196	0.538	0.583	0.532	0.578	0.589	0.039	0.048	0.048	0.048	0.048	0.048	0.232	0.164	0.174	0.153	0.186	0.523	0.546	0.480	0.507	0.539	0.040	0.048	0.048	0.048	0.048	0.048
16:45:25	25.1	0.283	0.165	0.177	0.157	0.184	0.550	0.569	0.496	0.580	0.591	0.040	0.047	0.048	0.049	0.047	0.047	0.238	0.168	0.180	0.315	0.197	0.547	0.592	0.539	0.586	0.598	0.039	0.048	0.048	0.048	0.048	0.048	0.234	0.165	0.175	0.154	0.189	0.531	0.554	0.487	0.516	0.547	0.040	0.048	0.048	0.048	0.048	0.048
17:01:07	25.1	0.501	0.165	0.177	0.156	0.185	0.558	0.577	0.509	0.588	0.600	0.040	0.048	0.048	0.049	0.047	0.047	0.242	0.171	0.179	0.208	0.198	0.554	0.600	0.548	0.594	0.606	0.039	0.048	0.048	0.048	0.048	0.048	0.237	0.166	0.175	0.155	0.191	0.538	0.562	0.495	0.519	0.555	0.040	0.048	0.048	0.048	0.048	0.048
17:16:50	25.1	0.255	0.165	0.178	0.157	0.184	0.564	0.584	0.512	0.596	0.609	0.040	0.048	0.048	0.049	0.047	0.047	0.245	0.172	0.180	0.208	0.199	0.562	0.609	0.556	0.602	0.615	0.039	0.048	0.048	0.048	0.048	0.048	0.240	0.168	0.175	0.156	0.194	0.545	0.572	0.502	0.528	0.563	0.040	0.048	0.048	0.048	0.048	0.048
17:32:33	25.1	0.257	0.165	0.178	0.157	0.184	0.571	0.592	0.520	0.603	0.617	0.040	0.048	0.048	0.049	0.047	0.047	0.250	0.174	0.180	0.236	0.200	0.569	0.617	0.564	0.609	0.623	0.039	0.048	0.048	0.048	0.048	0.048	0.244	0.171	0.177	0.157	0.196	0.552	0.578	0.519	0.533	0.571	0.040	0.048	0.048	0.048	0.048	0.048
17:48:15	25.0	0.265	0.167	0.178	0.158	0.184	0.579	0.601	0.516	0.611	0.625	0.040	0.048	0.048	0.049	0.047	0.047	0.254	0.176	0.183	0.215	0.200	0.576	0.625	0.570	0.617	0.632	0.039	0.048	0.048	0.048	0.048	0.048	0.249	0.174	0.178	0.159	0.198	0.559	0.586	0.562	0.539	0.578	0.040	0.048	0.048	0.048	0.048	0.048
18:03:58	25.0	0.260	0.166	0.177	0.158	0.184	0.586	0.606	0.523	0.619	0.634	0.040	0.047	0.048	0.049	0.047	0.047	0.259	0.180	0.184	0.216	0.202	0.584	0.633	0.579	0.625	0.641	0.039	0.048	0.048	0.048	0.048	0.048	0.252	0.175	0.179	0.162	0.202	0.566	0.592	0.522	0.545	0.586	0.040	0.048	0.048	0.048	0.048	0.048
18:19:40	25.1	0.354	0.167	0.177	0.159	0.184	0.594	0.614	0.537	0.627	0.643	0.040	0.047	0.048	0.049	0.047	0.047	0.263	0.183	0.186	0.219	0.205	0.591	0.641	0.586	0.633	0.650	0.039	0.048	0.048	0.048	0.048	0.048	0.258	0.179	0.181	0.163	0.206	0.573	0.600	0.529	0.552	0.594	0.040	0.048	0.048	0.048	0.048	0.048
18:35:23	25.1	0.319	0.167	0.177	0.160	0.185	0.601	0.620	0.539	0.634	0.651	0.040	0.047	0.048	0.049	0.047	0.047	0.268	0.188	0.188	0.268	0.206	0.599	0.672	0.594	0.641	0.658	0.039	0.048	0.048	0.048	0.048	0.048	0.268	0.185	0.184	0.169	0.211	0.579	0.608	0.536	0.558	0.601	0.040	0.048	0.048	0.048	0.048	0.048
18:51:05	25.1	0.425	0.169	0.178	0.162	0.185	0.607	0.627	0.541	0.642	0.660	0.040	0.047	0.048	0.049	0.047	0.047	0.273	0.194	0.190	0.225	0.210	0.610	0.694	0.602	0.648	0.666	0.039	0.048	0.048	0.048	0.048	0.048	0.269	0.188	0.186	0.172	0.216	0.586	0.616	0.582	0.565	0.609	0.040	0.048	0.048	0.048	0.048	0.048
19:06:48	25.1	0.419	0.169	0.177	0.163	0.186	0.615	0.634	0.552	0.649	0.669	0.040	0.047	0.048	0.049	0.047	0.047	0.279	0.199	0.191	0.228	0.215	0.614	0.665	0.608	0.657	0.675	0.039	0.048	0.048	0.048	0.048	0.048	0.275	0.196	0.191	0.177	0.222	0.593	0.623	0.551	0.571	0.617	0.040	0.048	0.048	0.048	0.048	0.048
19:22:31	25.1	0.277	0.170	0.177	0.165	0.184	0.622	0.642	0.589	0.656	0.677	0.040	0.048	0.048	0.049	0.047	0.047	0.286	0.206	0.194	0.237	0.220	0.622	0.673	0.616	0.665	0.683	0.039	0.048	0.048	0.048	0.048	0.048	0.283	0.201	0.194	0.181	0.228	0.600	0.631	0.558	0.578	0.625	0.040	0.048	0.048	0.048	0.048	0.048
19:38:13	25.1	0.451	0.172	0.178	0.167	0.185	0.629	0.648	0.564	0.664	0.686	0.040	0.047	0.048	0.049	0.047	0.047	0.294	0.213	0.197	0.236	0.226	0.629	0.681	0.624	0.673	0.693	0.039	0.048	0.048	0.048	0.048	0.048	0.290	0.207	0.199	0.188	0.235	0.607	0.639	0.565	0.586	0.632	0.040	0.048	0.048	0.048	0.048	0.048
19:53:56	25.1	0.401	0.173	0.178	0.170	0.187	0.637	0.655	0.569	0.672	0.695	0.040	0.047	0.048	0.048	0.047	0.047	0.300	0.219	0.199	0.245	0.232	0.636	0.688	0.643	0.681	0.701	0.039	0.048	0.048	0.048	0.048	0.048	0.297	0.215	0.203	0.194	0.244	0.615	0.646	0.582	0.592	0.640	0.040	0.048	0.048	0.048	0.048	0.048
20:09:38	25.0	0.339	0.175	0.179	0.174	0.186	0.643	0.661	0.568	0.679	0.702	0.040	0.048	0.048	0.049	0.047	0.047	0.306	0.227	0.203	0.283	0.236	0.643	0.695	0.638	0.688	0.709	0.039	0.048	0.048	0.048	0.048	0.048	0.310	0.224	0.210	0.203	0.252	0.622	0.653	0.578	0.606	0.647	0.040	0.048	0.048	0.048	0.048	0.048
20:25:21	25.0	0.338	0.180	0.180	0.179	0.187	0.649	0.667	0.593	0.686	0.711	0.040	0.048	0.048	0.049	0.047	0.047	0.314	0.236	0.206	0.265	0.244	0.651	0.704	0.646	0.697	0.718	0.039	0.048	0.048	0.048	0.048	0.048	0.310	0.232	0.211	0.209	0.260	0.629	0.660	0.616	0.606	0.656	0.040	0.048	0.048	0.048	0.048	0.048
20:41:04	25.1	0.365	0.183	0.181	0.184	0.188	0.657	0.673	0.592	0.695	0.720	0.040	0.048	0.048	0.049	0.048	0.047	0.323	0.245	0.208	0.293	0.250	0.663	0.710	0.653	0.705	0.726	0.039	0.048	0.048	0.048	0.048	0.048	0.318	0.243	0.216	0.216	0.269	0.637	0.680	0.593	0.613	0.664	0.040	0.048	0.048	0.048	0.048	0.048
20:56:46	25.1	0.489	0.188	0.183	0.189	0.190	0.664	0.680	0.578	0.701	0.728	0.040	0.048	0.048	0.049	0.047	0.047	0.330	0.252	0.214	0.254	0.257	0.666	0.718	0.661	0.713	0.734	0.039	0.048	0.048	0.048	0.048	0.048	0.328	0.252	0.221	0.225	0.275	0.644	0.674	0.599	0.619	0.671	0.040	0.048	0.048	0.048	0.048	0.048
21:12:29	25.1	0.335	0.193	0.184	0.196	0.191	0.670	0.686	0.586	0.708	0.736	0.040	0.048	0.048	0.049	0.047	0.047	0.336	0.262	0.212	0.257	0.264	0.673	0.724	0.667	0.719	0.741	0.039	0.048	0.048	0.048	0.048	0.048	0.332	0.262	0.225	0.233	0.284	0.651	0.681	0.648	0.626	0.677	0.040	0.048	0.048	0.048	0.048	0.048
21:28:11	25.1	0.354	0.198	0.185	0.203	0.193	0.676	0.691	0.596	0.715	0.743	0.040	0.047	0.048	0.049	0.047	0.047	0.344	0.272	0.215	0.277	0.270	0.680	0.731	0.674	0.727	0.749	0.039	0.048	0.048	0.048	0.048	0.048	0.339	0.274	0.228	0.245	0.293	0.658	0.688	0.612	0.638	0.685	0.040	0.048	0.048	0.048	0.048	0.048
21:43:54	25.1	0.529	0.204	0.187	0.209	0.196	0.683	0.698	0.591	0.722	0.752	0.040	0.047	0.048	0.049	0.047	0.047	0.350	0.282	0.217	0.306	0.276	0.688	0.739	0.678	0.735	0.757	0.039	0.048	0.048	0.048	0.048	0.048	0.346	0.286	0.233	0.253	0.300	0.665	0.695	0.642	0.638	0.693	0.040	0.048	0.048	0.048	0.048	0.048
21:59:36	25.1	0.347	0.209	0.188	0.217	0.197	0.688	0.703	0.597	0.729	0.759	0.040	0.048	0.048	0.049	0.047	0.047	0.358	0.292	0.219	0.291	0.283	0.696	0.745	0.688	0.742	0.765	0.039	0.048	0.048	0.048	0.048	0.048	0.352	0.298	0.237	0.264	0.309	0.672	0.702	0.655	0.645	0.700	0.040	0.048	0.048	0.048	0.048	0.048
22:15:19	25.1	0.377	0.217	0.190	0.224	0.199	0.694	0.708	0.597	0.741	0.767	0.040	0.048	0.048	0.049	0.047	0.047	0.364	0.305	0.237	0.294	0.288	0.703	0.752	0.695	0.750	0.787	0.039	0.048	0.048	0.048	0.048	0.048	0.360	0.310	0.241	0.273	0.315	0.678	0.709	0.632	0.657	0.707	0.040	0.048	0.048	0.048	0.048	0.048
22:31:01	25.1	0.507	0.226	0.192	0.231	0.204	0.701	0.713	0.601	0.742	0.774	0.040	0.047	0.048	0.049	0.047	0.047	0.371	0.316	0.224	0.297	0.294	0.710	0.774	0.700	0.757	0.780	0.039	0.048	0.048	0.048	0.048	0.048	0.366	0.322	0.244	0.282	0.323	0.686	0.714	0.642	0.662	0.714	0.040	0.048	0.048	0.048	0.048	0.048
22:46:44	25.0	0.360	0.233	0.194	0.240	0.204	0.707	0.718	0.604	0.748	0.781	0.040	0.047	0.048	0.049	0.047	0.047	0.378	0.327	0.227	0.276	0.300	0.718	0.766	0.708	0.764	0.788	0.039	0.048	0.048	0.048	0.048	0.048	0.373	0.333	0.251	0.293	0.331	0.693	0.723	0.645	0.670	0.722	0.040	0.048	0.048	0.048	0.048	0.048
23:02:26	25.1	0.431	0.240	0.195	0.249	0.207	0.713	0.727	0.613	0.754	0.789	0.040	0.048	0.048	0.049	0.047	0.047	0.383	0.339	0.233	0.285	0.306	0.724	0.771	0.713	0.771	0.795	0.039	0.048	0.048	0.048	0.048	0.048	0.378	0.346	0.254	0.302	0.338	0.699	0.727	0.651	0.674	0.728	0.040	0.048	0.048	0.048	0.048	0.048
23:18:09	25.1	0.488	0.247	0.198	0.258	0.211	0.718	0.727	0.609	0.760	0.796	0.040	0.047	0.048	0.049	0.047	0.047	0.390	0.350	0.232	0.283	0.312	0.731	0.777	0.722	0.778	0.802	0.039	0.048	0.048	0.048	0.048	0.048	0.384	0.359	0.257	0.312	0.346	0.705	0.734	0.659	0.675	0.735	0.040	0.048	0.048	0.048	0.048	0.048
23:33:52	25.1	0.414	0.255	0.199	0.266	0.213	0.723	0.731	0.612	0.767	0.803	0.040	0.047	0.048	0.048	0.047	0.047	0.398	0.362	0.233	0.322	0.318	0.738	0.783	0.727	0.786	0.809	0.039	0.048	0.048	0.048	0.048	0.048	0.391	0.373	0.261	0.323	0.354	0.712	0.740	0.663	0.687	0.742	0.040	0.048	0.048	0.048	0.048	0.048
23:49:34	25.1	0.445	0.264	0.202	0.273	0.216	0.729	0.737	0.616	0.772	0.809	0.040	0.048	0.048	0.049	0.047	0.047	0.403	0.373	0.236	0.333	0.323	0.744	0.829	0.732	0.791	0.816	0.039	0.048	0.048	0.048	0.048	0.048	0.394	0.386	0.266	0.332	0.362	0.719	0.751	0.668	0.684	0.748	0.040	0.048	0.048	0.048	0.048	0.048
24:05:17	25.1	0.437	0.272	0.203	0.282	0.219	0.733	0.744	0.614	0.778	0.816	0.040	0.047	0.048	0.049	0.047	0.047	0.409	0.386	0.239	0.292	0.330	0.751	0.796	0.738	0.798	0.823	0.039	0.048	0.048	0.048	0.048	0.048	0.399	0.399	0.270	0.343	0.369	0.725	0.752	0.674	0.697	0.755	0.040	0.048	0.048	0.048	0.048	0.048
24:20:59	25.1	0.434	0.280	0.206	0.290	0.223	0.739	0.744	0.620	0.785	0.822	0.040	0.047	0.048	0.049	0.047	0.047	0.415	0.397	0.241	0.298	0.335	0.758	0.806	0.742	0.805	0.830	0.039	0.048	0.048	0.048	0.048	0.048	0.403	0.411	0.274	0.350	0.377	0.732	0.757	0.680	0.695	0.761	0.040	0.048	0.048	0.048	0.048	0.048
24:36:42	25.1	0.545	0.288	0.207	0.299	0.226	0.743	0.747	0.622	0.789	0.829	0.040	0.047	0.048	0.049	0.047	0.047	0.419	0.409	0.243	0.297	0.341	0.764	0.814	0.749	0.811	0.835	0.039	0.048	0.048	0.048	0.048	0.048	0.407	0.421	0.278	0.360	0.384	0.738	0.763	0.686	0.703	0.766	0.040	0.048	0.048	0.048	0.048	0.048
24:52:24	25.1	0.539	0.295	0.209	0.306	0.228	0.749	0.752	0.623	0.795	0.835	0.040	0.048	0.048	0.049	0.047	0.047	0.424	0.421	0.245	0.322	0.347	0.771	0.833	0.751	0.818	0.841	0.039	0.048	0.048	0.048	0.048	0.048	0.410	0.434	0.282	0.365	0.392	0.744	0.767	0.690	0.704	0.773	0.040	0.048	0.048	0.048	0.048	0.048
25:08:07	25.1	0.458	0.303	0.212	0.315	0.231	0.752	0.755	0.625	0.801	0.842	0.040	0.048	0.048	0.049	0.047	0.047	0.427	0.433	0.248	0.303	0.352	0.777	0.815	0.755	0.824	0.848	0.039	0.048	0.048	0.048	0.048	0.048	0.413	0.441	0.287	0.372	0.398	0.750	0.772	0.694	0.713	0.778	0.040	0.048	0.048	0.048	0.048	0.048
25:23:49	25.1	0.533	0.311	0.214	0.320	0.234	0.756	0.758	0.625	0.806	0.847	0.039	0.048	0.048	0.049	0.047	0.047	0.431	0.443	0.258	0.306	0.359	0.784	0.860	0.759	0.830	0.854	0.039	0.048	0.048	0.048	0.048	0.048	0.414	0.451	0.291	0.377	0.403	0.756	0.775	0.698	0.714	0.784	0.040	0.048	0.048	0.048	0.048	0.048
25:39:32	25.1	0.567	0.318	0.216	0.327	0.254	0.760	0.759	0.626	0.815	0.857	0.040	0.048	0.048	0.049	0.047	0.047	0.437	0.454	0.253	0.311	0.368	0.792	0.830	0.765	0.838	0.861	0.039	0.048	0.048	0.048	0.048	0.048	0.417	0.456	0.296	0.382	0.410	0.764	0.783	0.701	0.719	0.791	0.040	0.048	0.048	0.048	0.048	0.048
25:55:15	25.1	0.416	0.324	0.218	0.332	0.240	0.764	0.761	0.627	0.817	0.858	0.040	0.048	0.048	0.049	0.047	0.047	0.436	0.458	0.254	0.314	0.371	0.796	0.828	0.768	0.842	0.864	0.039	0.048	0.048	0.048	0.048	0.048	0.420	0.459	0.299	0.383	0.411	0.768	0.782	0.702	0.722	0.794	0.040	0.048	0.048	0.048	0.048	0.048
26:10:57	25.1	0.635	0.332	0.219	0.339	0.241	0.768	0.762	0.626	0.821	0.863	0.040	0.048	0.048	0.049	0.047	0.047	0.436	0.463	0.264	0.314	0.377	0.801	0.851	0.771	0.848	0.871	0.039	0.048	0.048	0.048	0.048	0.048	0.415	0.463	0.304	0.387	0.415	0.773	0.785	0.702	0.719	0.800	0.040	0.048	0.048	0.048	0.048	0.048
26:26:40	25.1	0.440	0.340	0.221	0.342	0.245	0.771	0.763	0.627	0.827	0.866	0.040	0.048	0.048	0.049	0.047	0.047	0.440	0.468	0.258	0.354	0.383	0.807	0.837	0.784	0.853	0.876	0.039	0.048	0.048	0.048	0.048	0.048	0.416	0.465	0.307	0.389	0.419	0.779	0.795	0.730	0.725	0.805	0.040	0.048	0.048	0.048	0.048	0.048
26:42:23	25.1	0.396	0.346	0.224	0.345	0.248	0.775	0.764	0.625	0.836	0.871	0.040	0.048	0.048	0.049	0.047	0.047	0.440	0.471	0.260	0.411	0.388	0.813	0.841	0.780	0.858	0.881	0.039	0.048	0.048	0.048	0.048	0.048	0.416	0.468	0.313	0.391	0.420	0.784	0.794	0.714	0.723	0.810	0.040	0.048	0.048	0.048	0.048	0.048
26:58:05	25.1	0.487	0.353	0.226	0.348	0.250	0.776	0.766	0.625	0.840	0.878	0.040	0.047	0.048	0.049	0.047	0.047	0.447	0.477	0.263	0.321	0.397	0.821	0.848	0.786	0.865	0.889	0.039	0.048	0.048	0.048	0.048	0.048	0.419	0.472	0.317	0.396	0.424	0.791	0.796	0.707	0.724	0.816	0.040	0.048	0.048	0.048	0.048	0.048
27:13:48	25.1	0.492	0.357	0.226	0.348	0.251	0.781	0.763	0.619	0.842	0.879	0.040	0.048	0.048	0.048	0.047	0.047	0.441	0.477	0.268	0.354	0.401	0.824	0.852	0.789	0.868	0.893	0.039	0.048	0.048	0.048	0.048	0.048	0.417	0.473	0.321	0.396	0.424	0.794	0.802	0.711	0.726	0.819	0.040	0.048	0.048	0.048	0.048	0.048
27:29:31	25.0	0.571	0.365	0.229	0.350	0.279	0.782	0.760	0.616	0.849	0.886	0.040	0.048	0.048	0.049	0.047	0.047	0.447	0.483	0.267	0.322	0.408	0.832	0.857	0.793	0.872	0.900	0.039	0.048	0.048	0.048	0.048	0.048	0.419	0.475	0.327	0.399	0.426	0.801	0.803	0.713	0.735	0.824	0.040	0.048	0.048	0.048	0.048	0.048
27:45:13	25.1	0.355	0.368	0.230	0.349	0.254	0.784	0.759	0.610	0.853	0.890	0.040	0.047	0.048	0.049	0.047	0.047	0.445	0.486	0.268	0.324	0.411	0.837	0.862	0.797	0.876	0.906	0.039	0.048	0.048	0.048	0.048	0.048	0.417	0.477	0.333	0.401	0.427	0.806	0.808	0.716	0.735	0.827	0.040	0.048	0.048	0.048	0.048	0.048
28:00:56	25.1	0.296	0.373	0.231	0.352	0.259	0.790	0.760	0.609	0.855	0.891	0.040	0.048	0.048	0.049	0.047	0.047	0.442	0.483	0.269	0.323	0.411	0.839	0.865	0.798	0.879	0.908	0.039	0.048	0.048	0.048	0.048	0.048	0.414	0.476	0.335	0.398	0.424	0.809	0.813	0.718	0.729	0.828	0.040	0.048	0.048	0.048	0.048	0.048
28:16:39	25.1	0.281	0.378	0.233	0.354	0.259	0.791	0.762	0.607	0.859	0.895	0.040	0.048	0.048	0.049	0.048	0.047	0.442	0.485	0.270	0.322	0.414	0.844	0.880	0.802	0.882	0.913	0.039	0.048	0.048	0.048	0.048	0.048	0.415	0.479	0.338	0.399	0.425	0.815	0.812	0.732	0.729	0.829	0.040	0.048	0.048	0.048	0.048	0.048
28:32:21	25.1	0.313	0.380	0.235	0.354	0.263	0.793	0.760	0.606	0.864	0.900	0.040	0.048	0.048	0.048	0.047	0.047	0.443	0.487	0.272	0.326	0.416	0.848	0.875	0.806	0.887	0.919	0.039	0.048	0.048	0.048	0.048	0.048	0.415	0.481	0.348	0.401	0.428	0.818	0.816	0.722	0.735	0.830	0.040	0.048	0.048	0.048	0.048	0.048
28:48:04	25.1	0.273	0.383	0.236	0.355	0.280	0.795	0.759	0.609	0.868	0.904	0.039	0.048	0.048	0.049	0.047	0.047	0.444	0.490	0.275	0.324	0.419	0.852	0.878	0.808	0.890	0.924	0.039	0.048	0.048	0.048	0.048	0.048	0.413	0.485	0.348	0.401	0.430	0.823	0.821	0.725	0.736	0.832	0.040	0.048	0.048	0.048	0.048	0.048
29:03:46	25.1	0.303	0.382	0.238	0.355	0.265	0.797	0.759	0.602	0.872	0.909	0.040	0.047	0.048	0.049	0.047	0.047	0.444	0.491	0.276	0.325	0.421	0.856	0.913	0.811	0.895	0.929	0.039	0.048	0.048	0.048	0.048	0.048	0.410	0.488	0.357	0.400	0.432	0.826	0.825	0.725	0.735	0.833	0.040	0.048	0.048	0.048	0.048	0.048
29:19:29	25.1	0.234	0.383	0.239	0.354	0.285	0.798	0.758	0.600	0.875	0.918	0.040	0.048	0.048	0.049	0.048	0.047	0.448	0.496	0.280	0.380	0.425	0.863	0.886	0.814	0.901	0.936	0.039	0.048	0.048	0.048	0.048	0.048	0.413	0.493	0.359	0.403	0.438	0.830	0.824	0.729	0.736	0.835	0.040	0.048	0.048	0.048	0.048	0.048
29:35:12	25.1	0.223	0.383	0.241	0.355	0.268	0.800	0.757	0.599	0.875	0.918	0.040	0.048	0.048	0.049	0.047	0.047	0.443	0.496	0.280	0.325	0.421	0.866	0.890	0.816	0.903	0.938	0.039	0.048	0.048	0.048	0.048	0.048	0.410	0.495	0.362	0.400	0.437	0.831	0.827	0.730	0.735	0.836	0.040	0.048	0.048	0.048	0.048	0.048
29:50:55	25.1	0.269	0.384	0.242	0.355	0.269	0.802	0.759	0.598	0.875	0.921	0.040	0.048	0.048	0.049	0.048	0.047	0.443	0.500	0.281	0.363	0.421	0.868	0.892	0.819	0.907	0.943	0.039	0.048	0.048	0.048	0.048	0.048	0.409	0.497	0.368	0.400	0.439	0.833	0.833	0.731	0.727	0.838	0.040	0.048	0.048	0.048	0.048	0.048
30:06:37	25.1	0.222	0.385	0.243	0.354	0.273	0.803	0.774	0.595	0.876	0.926	0.040	0.047	0.048	0.048	0.047	0.047	0.444	0.504	0.284	0.337	0.422	0.872	0.896	0.822	0.912	0.948	0.039	0.048	0.048	0.048	0.048	0.048	0.408	0.500	0.372	0.399	0.441	0.835	0.834	0.731	0.729	0.841	0.040	0.048	0.048	0.048	0.048	0.048
30:22:20	25.1	0.220	0.385	0.243	0.351	0.273	0.802	0.755	0.593	0.878	0.932	0.040	0.048	0.048	0.049	0.047	0.047	0.447	0.511	0.287	0.390	0.428	0.880	0.901	0.824	0.918	0.955	0.039	0.048	0.048	0.048	0.048	0.048	0.410	0.502	0.380	0.402	0.444	0.838	0.837	0.731	0.724	0.844	0.040	0.048	0.048	0.048	0.048	0.048
30:38:02	25.1	0.213	0.384	0.245	0.353	0.272	0.802	0.756	0.591	0.880	0.934	0.040	0.048	0.048	0.048	0.047	0.047	0.442	0.510	0.287	0.327	0.424	0.881	0.909	0.825	0.920	0.956	0.039	0.048	0.048	0.048	0.048	0.048	0.407	0.501	0.381	0.399	0.443	0.839	0.836	0.732	0.718	0.845	0.040	0.048	0.048	0.048	0.048	0.048
30:53:45	25.1	0.212	0.384	0.248	0.352	0.274	0.803	0.760	0.592	0.880	0.937	0.040	0.048	0.048	0.049	0.047	0.047	0.442	0.513	0.289	0.326	0.425	0.886	0.916	0.827	0.925	0.962	0.039	0.048	0.048	0.048	0.048	0.048	0.408	0.504	0.386	0.399	0.442	0.843	0.838	0.733	0.709	0.848	0.040	0.048	0.048	0.048	0.048	0.048
31:09:28	25.1	0.211	0.384	0.248	0.350	0.274	0.801	0.762	0.587	0.883	0.942	0.040	0.048	0.048	0.049	0.048	0.047	0.443	0.515	0.291	0.347	0.427	0.889	0.941	0.830	0.929	0.966	0.039	0.048	0.048	0.048	0.048	0.048	0.407	0.505	0.389	0.400	0.442	0.845	0.840	0.731	0.713	0.849	0.040	0.048	0.048	0.048	0.048	0.048
31:25:10	25.1	0.208	0.384	0.249	0.349	0.275	0.795	0.754	0.584	0.885	0.946	0.040	0.048	0.048	0.049	0.047	0.047	0.443	0.516	0.293	0.329	0.430	0.894	0.915	0.831	0.933	0.969	0.039	0.048	0.048	0.048	0.048	0.048	0.407	0.505	0.393	0.400	0.442	0.848	0.840	0.732	0.710	0.852	0.040	0.048	0.048	0.048	0.048	0.048
31:40:53	25.1	0.209	0.383	0.249	0.346	0.295	0.793	0.754	0.582	0.887	0.948	0.039	0.048	0.048	0.049	0.047	0.047	0.444	0.517	0.294	0.326	0.430	0.898	0.916	0.833	0.935	0.974	0.039	0.048	0.048	0.048	0.048	0.048	0.407	0.505	0.396	0.401	0.442	0.851	0.845	0.731	0.709	0.853	0.040	0.048	0.048	0.048	0.048	0.048
31:56:36	25.1	0.205	0.380	0.248	0.343	0.276	0.789	0.751	0.578	0.899	0.956	0.039	0.048	0.048	0.049	0.047	0.047	0.448	0.522	0.298	0.329	0.436	0.903	0.920	0.835	0.940	0.981	0.039	0.048	0.048	0.048	0.048	0.048	0.407	0.507	0.400	0.403	0.444	0.852	0.844	0.730	0.709	0.854	0.040	0.048	0.048	0.048	0.048	0.048
32:12:18	25.0	0.205	0.379	0.249	0.344	0.300	0.787	0.751	0.573	0.891	0.956	0.039	0.048	0.048	0.048	0.047	0.047	0.444	0.519	0.298	0.329	0.433	0.906	0.923	0.837	0.943	0.982	0.039	0.048	0.048	0.048	0.048	0.048	0.406	0.505	0.400	0.400	0.439	0.854	0.848	0.730	0.707	0.853	0.040	0.048	0.048	0.048	0.048	0.048
32:28:01	25.1	0.203	0.376	0.248	0.340	0.274	0.783	0.750	0.571	0.895	0.964	0.039	0.047	0.048	0.049	0.047	0.047	0.448	0.521	0.301	0.331	0.437	0.911	0.927	0.838	0.948	0.989	0.039	0.048	0.048	0.048	0.048	0.048	0.406	0.505	0.404	0.402	0.441	0.857	0.848	0.729	0.704	0.854	0.040	0.048	0.048	0.048	0.048	0.048
32:43:44	25.1	0.205	0.375	0.249	0.338	0.272	0.782	0.748	0.568	0.896	0.965	0.040	0.048	0.048	0.049	0.047	0.047	0.443	0.517	0.300	0.328	0.433	0.913	0.944	0.839	0.949	0.990	0.039	0.048	0.048	0.048	0.048	0.048	0.402	0.502	0.402	0.398	0.437	0.859	0.852	0.729	0.706	0.855	0.040	0.048	0.048	0.048	0.048	0.048
32:59:27	25.1	0.200	0.372	0.249	0.336	0.281	0.779	0.748	0.565	0.898	0.969	0.040	0.047	0.048	0.049	0.047	0.047	0.446	0.521	0.304	0.330	0.436	0.919	0.931	0.840	0.954	0.997	0.039	0.048	0.048	0.048	0.048	0.048	0.403	0.502	0.406	0.400	0.437	0.860	0.850	0.725	0.707	0.855	0.040	0.048	0.048	0.048	0.048	0.048
33:15:09	25.1	0.200	0.368	0.248	0.334	0.269	0.779	0.746	0.562	0.899	0.973	0.039	0.047	0.048	0.048	0.047	0.047	0.446	0.521	0.306	0.332	0.438	0.922	0.963	0.841	0.958	1.001	0.039	0.048	0.048	0.048	0.048	0.048	0.401	0.501	0.405	0.401	0.437	0.862	0.852	0.725	0.708	0.855	0.040	0.048	0.048	0.048	0.048	0.048
33:30:52	25.1	0.197	0.365	0.250	0.331	0.265	0.777	0.744	0.563	0.902	0.974	0.040	0.048	0.048	0.049	0.048	0.047	0.440	0.516	0.303	0.384	0.430	0.924	0.938	0.841	0.960	1.003	0.039	0.048	0.048	0.048	0.048	0.048	0.398	0.498	0.403	0.397	0.432	0.865	0.855	0.724	0.701	0.855	0.040	0.048	0.048	0.048	0.048	0.048
33:46:35	25.1	0.196	0.363	0.248	0.330	0.264	0.778	0.746	0.559	0.904	0.976	0.040	0.048	0.048	0.049	0.047	0.047	0.439	0.514	0.309	0.336	0.430	0.927	0.936	0.841	0.962	1.006	0.039	0.048	0.048	0.048	0.048	0.048	0.395	0.496	0.404	0.396	0.431	0.866	0.853	0.721	0.704	0.855	0.040	0.048	0.048	0.048	0.048	0.048
34:02:17	25.1	0.195	0.359	0.248	0.328	0.263	0.776	0.742	0.553	0.905	0.979	0.040	0.047	0.048	0.049	0.047	0.047	0.437	0.513	0.306	0.334	0.428	0.929	0.944	0.844	0.966	1.009	0.039	0.048	0.048	0.048	0.048	0.048	0.392	0.494	0.405	0.396	0.429	0.868	0.857	0.721	0.706	0.855	0.040	0.048	0.048	0.048	0.048	0.048
34:18:00	25.1	0.194	0.358	0.247	0.324	0.261	0.773	0.740	0.550	0.907	0.986	0.039	0.047	0.048	0.049	0.047	0.047	0.438	0.515	0.312	0.350	0.432	0.934	0.954	0.842	0.969	1.014	0.039	0.048	0.048	0.048	0.048	0.048	0.391	0.494	0.408	0.396	0.429	0.870	0.854	0.718	0.705	0.852	0.040	0.048	0.048	0.048	0.048	0.048
34:33:43	25.1	0.193	0.353	0.247	0.320	0.258	0.773	0.738	0.546	0.907	0.987	0.039	0.047	0.048	0.049	0.047	0.047	0.433	0.510	0.310	0.331	0.426	0.937	0.943	0.844	0.972	1.017	0.039	0.048	0.048	0.048	0.048	0.048	0.387	0.488	0.408	0.392	0.425	0.871	0.858	0.719	0.703	0.852	0.040	0.048	0.048	0.048	0.048	0.048
34:49:25	25.1	0.190	0.350	0.247	0.320	0.255	0.772	0.738	0.539	0.909	0.990	0.040	0.048	0.048	0.049	0.047	0.047	0.431	0.509	0.311	0.330	0.425	0.939	0.956	0.843	0.973	1.019	0.039	0.048	0.048	0.048	0.048	0.048	0.384	0.486	0.408	0.390	0.424	0.872	0.855	0.716	0.704	0.851	0.040	0.048	0.048	0.048	0.048	0.048
35:05:08	25.1	0.190	0.347	0.247	0.315	0.253	0.772	0.736	0.534	0.907	0.992	0.040	0.048	0.048	0.049	0.047	0.047	0.429	0.505	0.311	0.330	0.423	0.942	0.950	0.842	0.977	1.023	0.039	0.048	0.048	0.048	0.048	0.048	0.381	0.485	0.409	0.389	0.423	0.874	0.857	0.716	0.703	0.851	0.040	0.048	0.048	0.048	0.048	0.048
35:20:51	25.1	0.188	0.344	0.245	0.313	0.250	0.770	0.735	0.531	0.915	0.995	0.039	0.048	0.048	0.049	0.047	0.047	0.425	0.504	0.313	0.353	0.422	0.945	0.949	0.842	0.980	1.027	0.039	0.048	0.048	0.048	0.048	0.048	0.379	0.482	0.408	0.387	0.419	0.875	0.857	0.715	0.703	0.850	0.040	0.048	0.048	0.048	0.048	0.048
35:36:33	25.1	0.187	0.341	0.245	0.309	0.249	0.770	0.731	0.521	0.906	0.999	0.040	0.048	0.048	0.049	0.048	0.047	0.424	0.500	0.314	0.350	0.418	0.949	0.949	0.842	0.983	1.031	0.039	0.048	0.048	0.048	0.048	0.048	0.376	0.478	0.409	0.385	0.417	0.876	0.856	0.713	0.701	0.847	0.040	0.048	0.048	0.048	0.048	0.048
35:52:16	25.1	0.187	0.343	0.244	0.308	0.247	0.768	0.730	0.534	0.904	1.004	0.039	0.047	0.048	0.049	0.047	0.047	0.425	0.501	0.318	0.337	0.421	0.953	0.953	0.840	0.987	1.036	0.039	0.048	0.048	0.048	0.048	0.048	0.374	0.477	0.412	0.386	0.416	0.877	0.858	0.711	0.701	0.846	0.040	0.048	0.048	0.048	0.048	0.048
36:07:59	25.1	0.184	0.336	0.242	0.304	0.243	0.766	0.726	0.509	0.906	1.003	0.039	0.047	0.048	0.048	0.047	0.047	0.419	0.496	0.316	0.396	0.414	0.953	0.967	0.840	0.988	1.038	0.039	0.048	0.048	0.048	0.048	0.048	0.368	0.472	0.409	0.382	0.413	0.878	0.856	0.709	0.699	0.844	0.040	0.048	0.048	0.048	0.048	0.048
36:23:41	25.1	0.182	0.333	0.240	0.301	0.243	0.766	0.726	0.501	0.905	1.007	0.039	0.048	0.048	0.048	0.047	0.047	0.417	0.492	0.316	0.330	0.414	0.956	0.955	0.839	0.990	1.041	0.039	0.048	0.048	0.048	0.048	0.048	0.367	0.469	0.408	0.379	0.411	0.878	0.855	0.709	0.700	0.843	0.040	0.048	0.048	0.048	0.048	0.048
36:39:24	25.1	0.181	0.330	0.239	0.298	0.240	0.809	0.721	0.494	0.910	1.010	0.039	0.047	0.048	0.049	0.047	0.047	0.413	0.489	0.318	0.330	0.411	0.958	0.954	0.838	0.991	1.044	0.039	0.048	0.048	0.048	0.048	0.048	0.363	0.465	0.407	0.377	0.409	0.879	0.853	0.704	0.697	0.842	0.040	0.048	0.048	0.048	0.048	0.048
36:55:06	25.1	0.180	0.326	0.238	0.295	0.238	0.764	0.719	0.487	0.902	1.013	0.040	0.048	0.048	0.049	0.047	0.047	0.411	0.486	0.318	0.329	0.410	0.963	0.964	0.836	0.997	1.048	0.039	0.048	0.048	0.048	0.048	0.048	0.360	0.463	0.407	0.375	0.407	0.881	0.855	0.703	0.698	0.840	0.040	0.048	0.048	0.048	0.048	0.048
37:10:49	25.1	0.178	0.324	0.238	0.292	0.236	0.766	0.714	0.479	0.901	1.015	0.039	0.047	0.048	0.048	0.047	0.047	0.408	0.483	0.319	0.357	0.408	0.964	0.973	0.834	0.998	1.050	0.039	0.048	0.048	0.048	0.048	0.048	0.358	0.460	0.403	0.373	0.404	0.881	0.860	0.701	0.695	0.839	0.040	0.048	0.048	0.048	0.048	0.048
37:26:31	25.1	0.176	0.322	0.236	0.290	0.234	0.763	0.713	0.469	0.899	1.018	0.040	0.048	0.048	0.049	0.048	0.047	0.405	0.479	0.320	0.362	0.406	0.967	0.962	0.833	1.000	1.053	0.039	0.048	0.048	0.048	0.048	0.048	0.354	0.457	0.403	0.371	0.401	0.882	0.852	0.698	0.696	0.839	0.040	0.048	0.048	0.048	0.048	0.048
37:42:14	25.1	0.175	0.318	0.235	0.287	0.232	0.761	0.710	0.462	0.898	1.021	0.039	0.047	0.048	0.049	0.047	0.047	0.403	0.476	0.321	0.376	0.404	0.970	0.959	0.831	1.003	1.057	0.039	0.048	0.048	0.048	0.048	0.048	0.352	0.454	0.402	0.369	0.400	0.884	0.854	0.697	0.694	0.837	0.040	0.048	0.048	0.048	0.048	0.048
37:57:57	25.1	0.173	0.315	0.233	0.284	0.230	0.759	0.705	0.455	0.895	1.024	0.040	0.048	0.048	0.049	0.047	0.047	0.400	0.473	0.320	0.330	0.403	0.972	0.960	0.830	1.005	1.059	0.039	0.048	0.048	0.048	0.048	0.048	0.348	0.450	0.400	0.367	0.397	0.883	0.851	0.692	0.693	0.836	0.040	0.048	0.048	0.048	0.048	0.048
38:13:39	25.1	0.172	0.315	0.234	0.283	0.229	0.757	0.703	0.445	0.894	1.028	0.039	0.048	0.048	0.049	0.047	0.047	0.401	0.472	0.324	0.333	0.404	0.976	0.963	0.826	1.007	1.064	0.039	0.048	0.048	0.048	0.048	0.048	0.347	0.448	0.400	0.367	0.396	0.883	0.854	0.691	0.692	0.835	0.040	0.048	0.048	0.048	0.048	0.048
38:29:22	25.1	0.171	0.309	0.231	0.279	0.227	0.754	0.698	0.437	0.891	1.027	0.039	0.047	0.048	0.049	0.047	0.047	0.396	0.466	0.321	0.330	0.398	0.976	0.961	0.826	1.008	1.066	0.039	0.048	0.048	0.048	0.048	0.048	0.342	0.443	0.396	0.362	0.392	0.885	0.847	0.686	0.690	0.833	0.040	0.048	0.048	0.048	0.048	0.048
38:45:05	25.0	0.168	0.307	0.230	0.277	0.225	0.752	0.697	0.427	0.889	1.030	0.039	0.048	0.048	0.049	0.048	0.047	0.393	0.462	0.322	0.330	0.397	0.978	0.975	0.823	1.011	1.069	0.039	0.048	0.048	0.048	0.048	0.048	0.339	0.441	0.394	0.360	0.390	0.885	0.846	0.685	0.689	0.832	0.040	0.048	0.048	0.048	0.048	0.048
39:00:47	25.1	0.167	0.303	0.228	0.275	0.224	0.750	0.692	0.419	0.886	1.033	0.039	0.047	0.048	0.048	0.047	0.047	0.390	0.460	0.323	0.346	0.395	0.980	0.979	0.822	1.014	1.071	0.039	0.048	0.048	0.048	0.048	0.048	0.336	0.437	0.392	0.358	0.387	0.885	0.845	0.681	0.686	0.831	0.040	0.048	0.048	0.048	0.048	0.048
39:16:30	25.1	0.166	0.301	0.227	0.271	0.223	0.747	0.689	0.410	0.885	1.034	0.039	0.047	0.048	0.048	0.047	0.047	0.388	0.457	0.323	0.331	0.393	0.983	0.976	0.820	1.016	1.074	0.039	0.048	0.048	0.048	0.048	0.048	0.334	0.435	0.391	0.355	0.384	0.886	0.841	0.678	0.686	0.830	0.040	0.048	0.048	0.048	0.048	0.048
39:32:13	25.1	0.164	0.297	0.226	0.269	0.239	0.748	0.684	0.402	0.885	1.036	0.039	0.047	0.048	0.048	0.047	0.047	0.385	0.453	0.342	0.337	0.392	0.984	1.012	0.824	1.017	1.077	0.039	0.048	0.048	0.048	0.048	0.048	0.331	0.433	0.389	0.354	0.382	0.885	0.846	0.675	0.682	0.829	0.040	0.048	0.048	0.048	0.048	0.048
39:47:55	25.1	0.162	0.296	0.224	0.266	0.219	0.743	0.682	0.393	0.882	1.039	0.039	0.048	0.048	0.049	0.047	0.047	0.383	0.450	0.323	0.330	0.390	0.985	0.972	0.816	1.019	1.079	0.039	0.048	0.048	0.048	0.048	0.048	0.327	0.429	0.387	0.352	0.380	0.885	0.843	0.673	0.681	0.828	0.040	0.048	0.048	0.048	0.048	0.048
40:03:38	25.1	0.161	0.293	0.224	0.264	0.217	0.742	0.677	0.383	0.882	1.042	0.039	0.047	0.048	0.049	0.047	0.047	0.380	0.447	0.323	0.332	0.387	0.988	0.975	0.814	1.021	1.082	0.039	0.048	0.048	0.048	0.048	0.048	0.325	0.426	0.385	0.350	0.377	0.885	0.838	0.669	0.678	0.827	0.040	0.048	0.048	0.048	0.048	0.048
40:19:20	25.1	0.159	0.288	0.222	0.262	0.215	0.737	0.671	0.374	0.878	1.045	0.039	0.048	0.048	0.049	0.047	0.047	0.382	0.450	0.329	0.341	0.392	0.989	0.986	0.810	1.024	1.088	0.039	0.048	0.048	0.048	0.048	0.048	0.323	0.428	0.389	0.350	0.375	0.883	0.845	0.664	0.675	0.828	0.040	0.048	0.048	0.048	0.048	0.048
40:35:03	25.1	0.160	0.289	0.221	0.259	0.213	0.734	0.672	0.364	0.876	1.046	0.039	0.047	0.048	0.049	0.047	0.047	0.378	0.445	0.326	0.333	0.387	0.990	0.976	0.809	1.024	1.088	0.039	0.048	0.048	0.048	0.048	0.048	0.319	0.423	0.384	0.346	0.372	0.885	0.836	0.663	0.672	0.827	0.040	0.048	0.048	0.048	0.048	0.048
40:50:46	25.1	0.158	0.287	0.221	0.260	0.212	0.732	0.664	0.356	0.878	1.047	0.039	0.047	0.048	0.049	0.047	0.047	0.376	0.443	0.325	0.340	0.385	0.991	0.980	0.806	1.025	1.091	0.039	0.048	0.048	0.048	0.048	0.048	0.316	0.420	0.383	0.344	0.369	0.883	0.836	0.660	0.669	0.825	0.040	0.048	0.048	0.048	0.048	0.048
41:06:29	25.1	0.157	0.285	0.219	0.256	0.211	0.729	0.668	0.349	0.872	1.049	0.039	0.048	0.048	0.049	0.047	0.047	0.372	0.439	0.324	0.333	0.383	0.992	0.979	0.804	1.027	1.094	0.039	0.048	0.048	0.048	0.048	0.048	0.313	0.417	0.380	0.343	0.366	0.883	0.830	0.655	0.665	0.824	0.040	0.048	0.048	0.048	0.048	0.048
41:22:11	25.0	0.152	0.281	0.217	0.255	0.208	0.727	0.666	0.340	0.870	1.050	0.039	0.048	0.048	0.049	0.047	0.047	0.369	0.435	0.330	0.331	0.378	0.993	0.976	0.804	1.028	1.096	0.039	0.048	0.048	0.048	0.048	0.048	0.310	0.414	0.377	0.339	0.364	0.884	0.837	0.654	0.663	0.822	0.040	0.048	0.048	0.048	0.048	0.048
41:37:54	25.1	0.149	0.277	0.217	0.253	0.206	0.723	0.657	0.328	0.870	1.054	0.039	0.048	0.048	0.049	0.048	0.047	0.371	0.436	0.326	0.355	0.382	0.995	0.983	0.800	1.031	1.102	0.039	0.048	0.048	0.048	0.048	0.048	0.307	0.414	0.380	0.338	0.362	0.881	0.828	0.647	0.656	0.822	0.040	0.048	0.048	0.048	0.048	0.048
41:53:37	25.1	0.150	0.277	0.216	0.250	0.205	0.722	0.653	0.320	0.874	1.055	0.040	0.048	0.048	0.049	0.048	0.047	0.367	0.432	0.324	0.367	0.377	0.996	0.982	0.798	1.032	1.101	0.039	0.048	0.048	0.048	0.048	0.048	0.303	0.411	0.376	0.336	0.358	0.880	0.824	0.646	0.652	0.820	0.040	0.048	0.048	0.048	0.048	0.048
42:09:20	25.1	0.147	0.275	0.214	0.249	0.204	0.720	0.650	0.312	0.870	1.056	0.039	0.048	0.048	0.049	0.047	0.047	0.362	0.427	0.320	0.334	0.372	0.996	0.982	0.796	1.032	1.103	0.039	0.048	0.048	0.048	0.048	0.048	0.300	0.407	0.375	0.332	0.356	0.881	0.822	0.646	0.647	0.818	0.040	0.048	0.048	0.048	0.048	0.048
42:25:02	25.1	0.152	0.273	0.213	0.246	0.202	0.715	0.642	0.304	0.871	1.060	0.039	0.047	0.048	0.049	0.047	0.047	0.361	0.427	0.323	0.384	0.373	0.996	0.983	0.793	1.034	1.107	0.039	0.048	0.048	0.048	0.048	0.048	0.297	0.405	0.371	0.331	0.354	0.878	0.827	0.639	0.642	0.818	0.040	0.048	0.048	0.048	0.048	0.048
42:40:45	25.1	0.144	0.272	0.211	0.244	0.200	0.712	0.641	0.287	0.869	1.060	0.039	0.048	0.048	0.049	0.047	0.047	0.360	0.424	0.322	0.363	0.371	0.997	0.985	0.789	1.035	1.109	0.039	0.048	0.048	0.048	0.048	0.048	0.294	0.404	0.370	0.329	0.352	0.878	0.820	0.633	0.636	0.816	0.040	0.048	0.048	0.048	0.048	0.048
42:56:28	25.1	0.141	0.268	0.209	0.242	0.199	0.708	0.637	0.284	0.861	1.061	0.039	0.048	0.048	0.048	0.047	0.047	0.355	0.420	0.318	0.327	0.366	0.997	0.976	0.788	1.035	1.110	0.039	0.048	0.048	0.048	0.048	0.048	0.290	0.399	0.365	0.326	0.348	0.878	0.817	0.630	0.633	0.814	0.040	0.048	0.048	0.048	0.048	0.048
43:12:11	25.1	0.138	0.267	0.208	0.240	0.196	0.704	0.629	0.263	0.865	1.064	0.039	0.048	0.048	0.049	0.047	0.047	0.355	0.420	0.320	0.342	0.368	0.998	0.978	0.784	1.039	1.114	0.039	0.048	0.048	0.048	0.048	0.048	0.287	0.398	0.367	0.325	0.346	0.875	0.813	0.625	0.626	0.814	0.040	0.048	0.048	0.048	0.048	0.048
43:27:53	25.1	0.135	0.262	0.207	0.237	0.195	0.700	0.619	0.249	0.859	1.064	0.039	0.048	0.048	0.049	0.047	0.047	0.355	0.419	0.323	0.336	0.367	0.998	0.988	0.780	1.037	1.117	0.039	0.048	0.048	0.048	0.048	0.048	0.284	0.399	0.367	0.323	0.344	0.872	0.815	0.617	0.618	0.813	0.040	0.048	0.048	0.048	0.048	0.048
43:43:36	25.1	0.138	0.260	0.206	0.236	0.195	0.697	0.613	0.239	0.860	1.066	0.039	0.048	0.048	0.049	0.047	0.047	0.348	0.413	0.317	0.325	0.360	0.998	0.974	0.778	1.040	1.116	0.039	0.048	0.048	0.048	0.048	0.048	0.280	0.393	0.361	0.322	0.342	0.873	0.808	0.612	0.615	0.811	0.040	0.048	0.048	0.048	0.048	0.048
43:59:19	25.1	0.130	0.260	0.205	0.234	0.192	0.691	0.604	0.225	0.856	1.068	0.039	0.048	0.048	0.049	0.047	0.047	0.348	0.414	0.319	0.326	0.362	0.999	0.973	0.775	1.041	1.121	0.039	0.048	0.048	0.048	0.048	0.048	0.278	0.393	0.361	0.319	0.340	0.870	0.805	0.605	0.608	0.810	0.040	0.048	0.048	0.048	0.048	0.048
44:15:01	25.0	0.128	0.257	0.203	0.232	0.191	0.689	0.597	0.210	0.858	1.069	0.039	0.047	0.048	0.049	0.047	0.047	0.344	0.409	0.316	0.322	0.357	0.999	0.980	0.772	1.040	1.120	0.039	0.048	0.048	0.048	0.048	0.048	0.274	0.389	0.357	0.316	0.337	0.869	0.802	0.599	0.605	0.808	0.040	0.048	0.048	0.048	0.048	0.048
44:30:44	25.0	0.125	0.253	0.201	0.229	0.189	0.683	0.586	0.193	0.854	1.070	0.039	0.048	0.048	0.049	0.047	0.047	0.345	0.412	0.320	0.327	0.360	0.999	0.978	0.767	1.042	1.127	0.039	0.048	0.048	0.048	0.048	0.048	0.273	0.390	0.361	0.314	0.336	0.865	0.800	0.589	0.595	0.807	0.040	0.048	0.048	0.048	0.048	0.048
44:46:27	25.1	0.123	0.251	0.200	0.227	0.188	0.679	0.577	0.179	0.855	1.070	0.039	0.048	0.048	0.049	0.048	0.047	0.343	0.409	0.319	0.325	0.358	0.998	1.001	0.764	1.043	1.129	0.039	0.048	0.048	0.048	0.048	0.048	0.270	0.388	0.358	0.312	0.333	0.862	0.798	0.582	0.590	0.807	0.040	0.048	0.048	0.048	0.048	0.048
45:02:09	25.1	0.121	0.249	0.198	0.226	0.185	0.674	0.568	0.166	0.851	1.072	0.039	0.048	0.048	0.049	0.047	0.047	0.341	0.407	0.318	0.325	0.356	0.998	0.978	0.760	1.042	1.130	0.039	0.048	0.048	0.048	0.048	0.048	0.267	0.385	0.357	0.311	0.331	0.860	0.793	0.575	0.586	0.805	0.040	0.048	0.048	0.048	0.048	0.048
45:17:52	25.1	0.118	0.250	0.198	0.224	0.184	0.675	0.560	0.151	0.856	1.073	0.039	0.048	0.048	0.049	0.047	0.047	0.337	0.404	0.314	0.328	0.351	0.998	0.969	0.755	1.043	1.131	0.039	0.048	0.048	0.048	0.048	0.048	0.265	0.381	0.352	0.308	0.328	0.859	0.786	0.570	0.582	0.803	0.040	0.048	0.048	0.048	0.048	0.048
45:33:35	25.1	0.116	0.246	0.196	0.222	0.184	0.669	0.552	0.138	0.848	1.074	0.039	0.048	0.048	0.049	0.047	0.047	0.333	0.400	0.311	0.333	0.348	0.998	0.969	0.753	1.043	1.130	0.039	0.048	0.048	0.048	0.048	0.048	0.262	0.378	0.348	0.306	0.324	0.858	0.785	0.565	0.580	0.800	0.040	0.048	0.048	0.048	0.048	0.048
45:49:18	25.1	0.114	0.245	0.195	0.221	0.182	0.667	0.541	0.123	0.846	1.075	0.039	0.048	0.048	0.049	0.047	0.047	0.330	0.398	0.310	0.317	0.346	0.999	0.973	0.748	1.045	1.133	0.039	0.048	0.048	0.048	0.048	0.048	0.260	0.376	0.347	0.303	0.323	0.855	0.781	0.556	0.572	0.800	0.040	0.048	0.048	0.048	0.048	0.048
46:05:00	25.1	0.111	0.244	0.193	0.219	0.180	0.656	0.530	0.108	0.846	1.075	0.039	0.048	0.048	0.049	0.047	0.047	0.330	0.399	0.310	0.319	0.346	0.997	0.970	0.744	1.044	1.137	0.039	0.048	0.048	0.048	0.048	0.048	0.258	0.375	0.347	0.302	0.321	0.852	0.775	0.546	0.567	0.798	0.040	0.048	0.048	0.048	0.048	0.048
46:20:43	25.1	0.110	0.241	0.192	0.217	0.178	0.656	0.520	0.099	0.844	1.076	0.039	0.048	0.048	0.048	0.047	0.047	0.325	0.394	0.308	0.316	0.342	0.998	0.965	0.740	1.045	1.136	0.039	0.048	0.048	0.048	0.048	0.048	0.256	0.372	0.344	0.300	0.318	0.850	0.772	0.540	0.564	0.796	0.040	0.048	0.048	0.048	0.048	0.048
46:36:25	25.1	0.107	0.238	0.190	0.214	0.177	0.650	0.509	0.085	0.846	1.076	0.039	0.048	0.048	0.049	0.047	0.047	0.328	0.397	0.311	0.319	0.344	0.997	0.961	0.734	1.042	1.141	0.039	0.048	0.048	0.048	0.048	0.048	0.255	0.372	0.345	0.298	0.316	0.846	0.766	0.530	0.557	0.796	0.040	0.048	0.048	0.048	0.048	0.048
46:52:08	25.0	0.104	0.236	0.189	0.212	0.175	0.641	0.501	0.081	0.840	1.077	0.039	0.048	0.048	0.049	0.048	0.047	0.321	0.391	0.304	0.317	0.339	0.997	0.962	0.732	1.043	1.141	0.039	0.048	0.048	0.048	0.048	0.048	0.252	0.368	0.340	0.296	0.313	0.846	0.763	0.528	0.552	0.793	0.040	0.048	0.048	0.048	0.048	0.048
47:07:51	25.1	0.127	0.234	0.187	0.210	0.172	0.632	0.489	0.071	0.839	1.076	0.039	0.048	0.048	0.049	0.047	0.047	0.322	0.394	0.309	0.318	0.340	0.997	0.967	0.725	1.042	1.145	0.039	0.048	0.048	0.048	0.048	0.048	0.251	0.368	0.343	0.294	0.311	0.841	0.758	0.514	0.541	0.792	0.040	0.048	0.048	0.048	0.048	0.048
47:23:34	25.1	0.102	0.233	0.186	0.208	0.172	0.627	0.482	0.068	0.838	1.077	0.039	0.048	0.048	0.049	0.047	0.047	0.316	0.387	0.302	0.311	0.336	0.997	0.959	0.727	1.043	1.145	0.039	0.048	0.048	0.048	0.048	0.048	0.248	0.364	0.336	0.292	0.308	0.842	0.755	0.511	0.539	0.788	0.040	0.048	0.048	0.048	0.048	0.048
47:39:16	25.1	0.096	0.231	0.184	0.206	0.171	0.618	0.468	0.063	0.836	1.077	0.039	0.048	0.048	0.049	0.047	0.047	0.318	0.390	0.306	0.329	0.336	0.995	0.952	0.720	1.040	1.149	0.039	0.048	0.048	0.048	0.048	0.048	0.247	0.364	0.339	0.291	0.305	0.837	0.750	0.499	0.529	0.786	0.040	0.048	0.048	0.048	0.048	0.048
47:54:59	25.1	0.094	0.228	0.183	0.204	0.168	0.613	0.458	0.061	0.835	1.077	0.039	0.048	0.048	0.049	0.047	0.047	0.315	0.388	0.303	0.313	0.335	0.994	0.956	0.714	1.039	1.151	0.039	0.048	0.048	0.048	0.048	0.048	0.245	0.363	0.337	0.289	0.303	0.835	0.745	0.493	0.522	0.783	0.040	0.048	0.048	0.048	0.048	0.048
48:10:42	25.1	0.092	0.229	0.183	0.205	0.167	0.604	0.450	0.059	0.834	1.079	0.039	0.048	0.048	0.049	0.048	0.047	0.311	0.385	0.301	0.311	0.331	0.994	0.955	0.712	1.039	1.152	0.039	0.048	0.048	0.048	0.048	0.048	0.242	0.360	0.334	0.287	0.300	0.833	0.742	0.486	0.516	0.780	0.040	0.048	0.048	0.048	0.048	0.048
48:26:24	25.1	0.089	0.226	0.181	0.202	0.167	0.597	0.441	0.057	0.831	1.077	0.039	0.048	0.048	0.049	0.047	0.047	0.308	0.381	0.296	0.314	0.328	0.994	0.954	0.707	1.038	1.151	0.039	0.048	0.048	0.048	0.048	0.048	0.241	0.355	0.329	0.286	0.298	0.832	0.739	0.477	0.510	0.777	0.040	0.048	0.048	0.048	0.048	0.048
48:42:07	25.0	0.086	0.224	0.179	0.198	0.163	0.585	0.428	0.054	0.829	1.075	0.039	0.048	0.048	0.049	0.047	0.047	0.308	0.383	0.299	0.309	0.328	0.993	0.940	0.699	1.035	1.157	0.039	0.048	0.048	0.048	0.048	0.048	0.240	0.356	0.332	0.283	0.295	0.827	0.735	0.466	0.501	0.773	0.040	0.048	0.048	0.048	0.048	0.048
48:57:50	25.0	0.083	0.223	0.179	0.199	0.163	0.578	0.420	0.054	0.838	1.075	0.039	0.048	0.048	0.049	0.048	0.047	0.305	0.381	0.296	0.307	0.325	0.993	0.952	0.692	1.035	1.156	0.039	0.048	0.048	0.048	0.048	0.048	0.238	0.353	0.328	0.281	0.293	0.827	0.730	0.460	0.496	0.769	0.040	0.048	0.048	0.048	0.048	0.048
49:13:33	25.1	0.082	0.221	0.178	0.197	0.161	0.569	0.410	0.055	0.825	1.074	0.039	0.048	0.048	0.049	0.048	0.047	0.303	0.379	0.295	0.307	0.324	0.992	0.941	0.691	1.032	1.157	0.039	0.048	0.048	0.048	0.048	0.048	0.236	0.350	0.326	0.280	0.290	0.824	0.727	0.451	0.490	0.766	0.040	0.048	0.048	0.048	0.048	0.048
49:29:15	25.1	0.079	0.218	0.176	0.194	0.160	0.563	0.402	0.056	0.823	1.074	0.039	0.048	0.048	0.049	0.048	0.047	0.299	0.375	0.291	0.303	0.321	0.992	0.929	0.686	1.032	1.158	0.039	0.048	0.048	0.048	0.048	0.048	0.234	0.347	0.323	0.278	0.287	0.822	0.724	0.442	0.486	0.762	0.040	0.048	0.048	0.048	0.048	0.048
49:44:58	25.1	0.076	0.217	0.175	0.194	0.159	0.552	0.390	0.059	0.821	1.073	0.039	0.048	0.048	0.049	0.047	0.047	0.297	0.375	0.292	0.331	0.320	0.991	0.949	0.679	1.030	1.160	0.039	0.048	0.048	0.048	0.048	0.048	0.232	0.347	0.324	0.276	0.285	0.818	0.723	0.432	0.479	0.756	0.040	0.048	0.048	0.048	0.048	0.048
50:00:41	25.1	0.073	0.215	0.173	0.191	0.156	0.544	0.380	0.063	0.818	1.072	0.039	0.048	0.048	0.049	0.047	0.047	0.295	0.372	0.288	0.301	0.318	0.989	0.940	0.671	1.028	1.161	0.039	0.048	0.048	0.048	0.048	0.048	0.230	0.345	0.321	0.274	0.283	0.815	0.718	0.427	0.476	0.752	0.040	0.048	0.048	0.048	0.048	0.048
50:16:24	25.1	0.070	0.212	0.172	0.188	0.155	0.531	0.364	0.054	0.817	1.070	0.039	0.047	0.048	0.049	0.047	0.047	0.294	0.374	0.303	0.330	0.318	0.989	0.934	0.667	1.026	1.167	0.039	0.048	0.048	0.048	0.048	0.048	0.229	0.344	0.322	0.272	0.280	0.811	0.715	0.412	0.467	0.748	0.040	0.048	0.048	0.048	0.048	0.048
50:32:07	25.0	0.067	0.211	0.170	0.186	0.152	0.523	0.354	0.043	0.815	1.069	0.039	0.048	0.048	0.049	0.048	0.047	0.292	0.372	0.291	0.340	0.316	0.988	0.944	0.658	1.023	1.166	0.039	0.048	0.048	0.048	0.048	0.048	0.227	0.342	0.320	0.270	0.277	0.809	0.709	0.404	0.462	0.742	0.040	0.048	0.048	0.048	0.048	0.048

Results
	1	2	3	4	5	6	7	8
A	27.837	0.943	0.904	0.828	1.775	-2.841	1.465	-6.821	Max V [600]
	1.000	1.000	1.000	1.000	1.000	1.000	1.000	1.000	R-Squared [600]
	4:03:31	7:43:27	7:12:02	7:43:27	27:21:40	36:47:15	12:10:30	12:26:13	t at Max V [600]
	3:59:40	5:07:31	4:42:07	4:55:57	25:16:14	41:09:03	8:01:13	13:24:05	Lagtime [600]
B	1.603	1.228	-0.013	-0.013	-0.006	-0.013	0.013	-0.006	Max V [600]
	1.000	1.000	1.000	1.000	1.000	1.000	1.000	1.000	R-Squared [600]
	9:33:25	10:04:50	0:23:35	0:23:35	28:24:30	28:24:30	37:18:40	47:31:25	t at Max V [600]
	7:16:31	6:51:08	0:23:35	0:15:44	28:00:57	28:24:30	37:26:31	47:07:52	Lagtime [600]
C	1.107	0.929	4.229	14.350	1.031	-1.678	2.898	2.322	Max V [600]
	1.000	1.000	1.000	1.000	1.000	1.000	1.000	1.000	R-Squared [600]
	6:56:20	7:27:45	7:12:02	5:22:04	6:09:12	0:07:52	23:41:43	14:16:11	t at Max V [600]
	4:44:05	4:53:35	6:27:59	5:08:16	4:26:50	0:00:00	19:18:01	11:09:14	Lagtime [600]
D	1.293	1.406	0.006	-0.006	0.006	0.006	-0.013	-0.006	Max V [600]
	1.000	1.000	1.000	1.000	1.000	1.000	1.000	1.000	R-Squared [600]
	10:20:32	22:07:28	20:01:47	26:50:14	26:03:06	26:03:06	38:52:56	28:24:30	t at Max V [600]
	6:48:40	13:47:33	20:25:20	26:42:23	26:10:57	26:10:57	38:45:05	28:00:57	Lagtime [600]
E	1.650	0.923	5.726	0.873	1.012	1.191	1.446	5.287	Max V [600]
	1.000	1.000	1.000	1.000	1.000	1.000	1.000	1.000	R-Squared [600]
	5:53:29	7:27:45	3:32:06	7:12:02	6:56:20	11:07:40	13:13:20	8:46:17	t at Max V [600]
	4:49:12	5:05:29	3:21:02	4:51:36	4:41:51	7:29:25	8:59:24	8:17:20	Lagtime [600]
F	1.146	1.185	-0.013	0.013	0.006	-0.013	0.006	-0.013	Max V [600]
	1.000	1.000	1.000	1.000	1.000	1.000	1.000	1.000	R-Squared [600]
	10:20:32	9:49:07	34:10:09	21:51:45	26:03:06	40:11:29	36:15:50	48:18:33	t at Max V [600]
	7:03:19	7:00:53	33:23:00	22:07:27	26:26:39	39:55:47	36:39:23	48:10:42	Lagtime [600]

