

Software Version	3.03.14



Experiment File Path:	C:\Users\Public\Documents\Experiments\Task2_48hr_48well_discon_170920_133432.xpt
Protocol File Path:	C:\Users\Public\Documents\Protocols\Task2_48hr_48well_discon.prt



Plate Number	Plate 1
Date	9/20/2017
Time	1:34:54 PM
Reader Type:	Synergy H1
Reader Serial Number:	1706221C
Reading Type	Reader

Procedure Details

Plate Type	Costar 48 well
Discontinuous Kinetics	Runtime 2:00:15 (D:HH:MM), Interval 0:00:15, 194 Reads
Set Temperature	Setpoint 25°C
	Preheat before moving to next step
Read	Absorbance Endpoint
	Full Plate
	Wavelengths:  600
	Read Speed: Normal,  Delay: 100 msec,  Measurements/Data Point: 8
Shake	Linear: 15:00 (MM:SS)
	Frequency: 567 cpm (3 mm)

Layout
	1	2	3	4	5	6	7	8
A	SPL1	SPL7	SPL13	SPL19	SPL25	SPL31	SPL37	SPL43	Well ID
B	SPL2	SPL8	SPL14	SPL20	SPL26	SPL32	SPL38	SPL44	Well ID
C	SPL3	SPL9	SPL15	SPL21	SPL27	SPL33	SPL39	SPL45	Well ID
D	SPL4	SPL10	SPL16	SPL22	SPL28	SPL34	SPL40	SPL46	Well ID
E	SPL5	SPL11	SPL17	SPL23	SPL29	SPL35	SPL41	SPL47	Well ID
F	SPL6	SPL12	SPL18	SPL24	SPL30	SPL36	SPL42	SPL48	Well ID

600

Time	T° 600	A1	A2	A3	A4	A5	A6	A7	A8	B1	B2	B3	B4	B5	B6	B7	B8	C1	C2	C3	C4	C5	C6	C7	C8	D1	D2	D3	D4	D5	D6	D7	D8	E1	E2	E3	E4	E5	E6	E7	E8	F1	F2	F3	F4	F5	F6	F7	F8
0:00:00	25.0	0.043	0.040	0.046	0.048	0.045	0.048	0.045	0.048	0.042	0.041	0.044	0.043	0.045	0.047	0.047	0.047	0.040	0.043	0.045	0.044	0.045	0.043	0.048	0.048	0.040	0.048	0.043	0.052	0.042	0.043	0.046	0.040	0.039	0.047	0.043	0.041	0.042	0.041	0.041	0.040	0.042	0.048	0.045	0.052	0.049	0.054	0.050	0.039
0:15:43	25.1	0.042	0.041	0.047	0.048	0.047	0.049	0.049	0.047	0.043	0.043	0.046	0.047	0.047	0.047	0.049	0.047	0.043	0.043	0.047	0.048	0.046	0.047	0.049	0.048	0.042	0.048	0.051	0.044	0.047	0.049	0.052	0.040	0.042	0.047	0.054	0.047	0.047	0.049	0.052	0.040	0.043	0.048	0.048	0.047	0.046	0.049	0.050	0.039
0:31:25	25.1	0.042	0.041	0.048	0.049	0.048	0.050	0.051	0.047	0.043	0.043	0.047	0.048	0.048	0.049	0.051	0.047	0.042	0.043	0.048	0.049	0.047	0.048	0.050	0.048	0.042	0.048	0.052	0.047	0.048	0.049	0.052	0.040	0.042	0.047	0.053	0.047	0.048	0.051	0.053	0.039	0.043	0.048	0.051	0.047	0.047	0.050	0.052	0.039
0:47:07	25.0	0.042	0.041	0.049	0.049	0.048	0.051	0.051	0.047	0.043	0.043	0.047	0.048	0.049	0.050	0.052	0.047	0.043	0.043	0.049	0.050	0.048	0.049	0.052	0.048	0.042	0.048	0.050	0.046	0.049	0.050	0.053	0.040	0.042	0.047	0.052	0.048	0.119	0.051	0.053	0.040	0.043	0.048	0.066	0.048	0.047	0.050	0.052	0.039
1:02:50	25.0	0.042	0.041	0.050	0.050	0.050	0.052	0.053	0.047	0.043	0.043	0.048	0.049	0.051	0.050	0.054	0.047	0.043	0.043	0.050	0.050	0.048	0.051	0.053	0.048	0.042	0.048	0.055	0.048	0.050	0.051	0.054	0.040	0.042	0.047	0.052	0.049	0.050	0.051	0.055	0.040	0.043	0.048	0.055	0.049	0.048	0.052	0.054	0.039
1:18:33	25.0	0.042	0.042	0.052	0.051	0.051	0.053	0.055	0.047	0.043	0.043	0.049	0.050	0.052	0.052	0.056	0.047	0.043	0.044	0.051	0.051	0.050	0.052	0.055	0.048	0.042	0.048	0.052	0.048	0.051	0.052	0.056	0.040	0.042	0.047	0.056	0.050	0.050	0.055	0.055	0.039	0.043	0.048	0.052	0.050	0.049	0.053	0.055	0.039
1:34:15	25.0	0.042	0.042	0.053	0.053	0.052	0.055	0.057	0.047	0.043	0.043	0.051	0.051	0.053	0.054	0.058	0.047	0.043	0.044	0.053	0.053	0.051	0.053	0.057	0.048	0.042	0.048	0.054	0.049	0.052	0.053	0.058	0.040	0.043	0.047	0.057	0.052	0.054	0.056	0.058	0.040	0.043	0.048	0.054	0.051	0.050	0.055	0.058	0.039
1:49:58	25.1	0.043	0.042	0.055	0.055	0.053	0.057	0.059	0.047	0.043	0.043	0.052	0.053	0.055	0.056	0.061	0.047	0.043	0.044	0.055	0.054	0.053	0.056	0.059	0.048	0.042	0.048	0.056	0.051	0.053	0.056	0.061	0.040	0.043	0.047	0.058	0.052	0.054	0.057	0.060	0.039	0.043	0.048	0.068	0.052	0.051	0.056	0.058	0.039
2:05:40	25.0	0.043	0.042	0.057	0.057	0.056	0.059	0.062	0.047	0.043	0.043	0.053	0.055	0.057	0.058	0.064	0.047	0.043	0.044	0.057	0.056	0.055	0.058	0.062	0.048	0.042	0.048	0.061	0.052	0.055	0.058	0.063	0.040	0.043	0.047	0.060	0.054	0.059	0.059	0.063	0.040	0.043	0.048	0.059	0.053	0.053	0.059	0.059	0.039
2:21:23	25.1	0.043	0.042	0.059	0.059	0.058	0.062	0.065	0.047	0.044	0.043	0.056	0.057	0.060	0.061	0.069	0.047	0.043	0.044	0.059	0.058	0.057	0.061	0.065	0.048	0.042	0.048	0.064	0.054	0.058	0.060	0.066	0.040	0.043	0.047	0.066	0.056	0.102	0.063	0.066	0.039	0.043	0.048	0.064	0.055	0.055	0.063	0.064	0.039
2:37:06	25.1	0.043	0.042	0.063	0.062	0.061	0.065	0.070	0.047	0.044	0.043	0.058	0.059	0.064	0.064	0.074	0.047	0.044	0.045	0.062	0.061	0.061	0.064	0.070	0.048	0.042	0.048	0.069	0.056	0.061	0.064	0.070	0.040	0.043	0.047	0.071	0.058	0.287	0.067	0.070	0.039	0.044	0.048	0.070	0.056	0.056	0.066	0.065	0.039
2:52:48	25.1	0.043	0.042	0.066	0.065	0.065	0.070	0.075	0.047	0.044	0.044	0.061	0.063	0.068	0.069	0.081	0.047	0.044	0.045	0.067	0.064	0.064	0.069	0.075	0.048	0.043	0.048	0.076	0.058	0.064	0.068	0.075	0.040	0.044	0.047	0.073	0.061	0.068	0.072	0.075	0.039	0.044	0.048	0.072	0.059	0.059	0.071	0.070	0.039
3:08:31	25.0	0.043	0.042	0.070	0.069	0.070	0.074	0.082	0.047	0.044	0.044	0.065	0.067	0.074	0.074	0.088	0.047	0.044	0.045	0.071	0.068	0.069	0.074	0.081	0.048	0.043	0.048	0.081	0.062	0.068	0.072	0.081	0.040	0.044	0.047	0.079	0.065	0.073	0.078	0.081	0.039	0.044	0.048	0.084	0.062	0.062	0.077	0.076	0.039
3:24:14	25.1	0.044	0.043	0.075	0.074	0.077	0.080	0.089	0.047	0.045	0.044	0.069	0.071	0.080	0.080	0.098	0.047	0.044	0.045	0.077	0.073	0.074	0.081	0.089	0.048	0.043	0.048	0.088	0.066	0.072	0.077	0.090	0.040	0.044	0.047	0.088	0.068	0.121	0.085	0.089	0.039	0.044	0.048	0.089	0.066	0.066	0.084	0.081	0.039
3:39:56	25.1	0.044	0.043	0.081	0.080	0.083	0.087	0.099	0.047	0.045	0.044	0.074	0.077	0.089	0.088	0.109	0.047	0.044	0.046	0.083	0.078	0.082	0.090	0.098	0.048	0.043	0.048	0.097	0.070	0.078	0.085	0.097	0.040	0.044	0.047	0.097	0.074	0.087	0.094	0.097	0.039	0.045	0.048	0.097	0.069	0.071	0.095	0.090	0.039
3:55:39	25.1	0.044	0.043	0.089	0.088	0.092	0.097	0.110	0.047	0.045	0.044	0.080	0.084	0.099	0.099	0.122	0.047	0.045	0.046	0.092	0.086	0.091	0.102	0.110	0.048	0.043	0.048	0.108	0.074	0.084	0.093	0.108	0.040	0.044	0.047	0.108	0.078	0.174	0.104	0.107	0.039	0.045	0.048	0.107	0.074	0.076	0.104	0.100	0.039
4:11:21	25.0	0.044	0.043	0.098	0.097	0.104	0.109	0.124	0.047	0.045	0.045	0.088	0.092	0.110	0.113	0.135	0.047	0.045	0.047	0.101	0.095	0.102	0.115	0.123	0.048	0.043	0.048	0.121	0.080	0.093	0.105	0.119	0.040	0.045	0.047	0.120	0.082	0.106	0.115	0.117	0.039	0.045	0.048	0.119	0.079	0.082	0.115	0.109	0.039
4:27:04	25.0	0.044	0.043	0.108	0.108	0.117	0.123	0.139	0.047	0.046	0.045	0.097	0.102	0.124	0.128	0.153	0.047	0.045	0.047	0.112	0.105	0.115	0.131	0.139	0.048	0.044	0.048	0.135	0.086	0.103	0.115	0.131	0.040	0.045	0.047	0.133	0.088	0.138	0.130	0.130	0.039	0.045	0.048	0.134	0.084	0.090	0.130	0.121	0.039
4:42:47	25.1	0.045	0.044	0.122	0.121	0.134	0.140	0.159	0.047	0.046	0.045	0.108	0.115	0.143	0.147	0.177	0.047	0.046	0.047	0.128	0.118	0.133	0.150	0.160	0.048	0.044	0.048	0.150	0.094	0.114	0.127	0.145	0.040	0.045	0.047	0.148	0.097	0.128	0.141	0.143	0.039	0.046	0.048	0.148	0.092	0.099	0.142	0.135	0.039
4:58:30	25.1	0.045	0.044	0.139	0.138	0.157	0.162	0.187	0.047	0.047	0.046	0.122	0.131	0.169	0.172	0.210	0.047	0.046	0.048	0.148	0.136	0.157	0.175	0.190	0.048	0.044	0.048	0.163	0.103	0.126	0.140	0.158	0.040	0.046	0.047	0.161	0.106	0.267	0.152	0.157	0.039	0.046	0.048	0.161	0.101	0.109	0.155	0.145	0.039
5:14:12	25.1	0.045	0.044	0.161	0.161	0.185	0.190	0.221	0.047	0.047	0.046	0.140	0.152	0.201	0.203	0.248	0.047	0.046	0.048	0.174	0.160	0.188	0.209	0.227	0.048	0.044	0.048	0.179	0.113	0.139	0.152	0.168	0.040	0.046	0.047	0.177	0.118	0.153	0.164	0.167	0.039	0.046	0.048	0.175	0.111	0.121	0.166	0.158	0.039
5:29:55	25.1	0.045	0.044	0.190	0.191	0.220	0.226	0.261	0.047	0.047	0.046	0.164	0.179	0.239	0.241	0.292	0.047	0.047	0.048	0.205	0.189	0.223	0.247	0.272	0.048	0.044	0.048	0.195	0.126	0.153	0.163	0.183	0.040	0.046	0.047	0.194	0.131	0.406	0.177	0.181	0.039	0.047	0.048	0.193	0.123	0.134	0.180	0.170	0.039
5:45:37	25.1	0.046	0.045	0.226	0.225	0.259	0.261	0.308	0.047	0.048	0.046	0.195	0.212	0.282	0.283	0.340	0.047	0.047	0.049	0.243	0.226	0.265	0.290	0.322	0.048	0.045	0.048	0.210	0.140	0.165	0.177	0.199	0.040	0.047	0.047	0.208	0.145	0.177	0.192	0.197	0.039	0.047	0.048	0.208	0.136	0.146	0.197	0.184	0.039
6:01:20	25.1	0.046	0.045	0.268	0.270	0.307	0.309	0.362	0.047	0.048	0.047	0.232	0.252	0.333	0.335	0.395	0.047	0.048	0.049	0.287	0.268	0.314	0.341	0.381	0.048	0.045	0.048	0.228	0.153	0.175	0.193	0.213	0.040	0.048	0.047	0.225	0.158	0.192	0.206	0.211	0.039	0.048	0.048	0.227	0.149	0.157	0.211	0.200	0.039
6:17:03	25.1	0.046	0.045	0.315	0.319	0.360	0.359	0.423	0.047	0.048	0.047	0.275	0.301	0.387	0.388	0.459	0.047	0.048	0.050	0.336	0.317	0.367	0.397	0.442	0.048	0.045	0.048	0.240	0.167	0.189	0.205	0.228	0.040	0.048	0.047	0.238	0.172	0.203	0.217	0.222	0.039	0.048	0.048	0.240	0.163	0.169	0.221	0.212	0.039
6:32:45	25.1	0.047	0.045	0.365	0.370	0.416	0.413	0.494	0.047	0.049	0.048	0.319	0.353	0.449	0.445	0.527	0.047	0.048	0.050	0.385	0.371	0.426	0.457	0.513	0.048	0.046	0.048	0.249	0.181	0.204	0.216	0.237	0.040	0.049	0.047	0.247	0.186	0.212	0.224	0.232	0.039	0.048	0.048	0.250	0.175	0.182	0.230	0.224	0.039
6:48:28	25.0	0.047	0.046	0.418	0.427	0.475	0.472	0.562	0.047	0.050	0.048	0.368	0.409	0.504	0.507	0.597	0.047	0.049	0.051	0.438	0.429	0.484	0.520	0.578	0.048	0.046	0.048	0.257	0.197	0.216	0.223	0.243	0.040	0.049	0.047	0.254	0.203	0.218	0.224	0.236	0.039	0.049	0.048	0.258	0.190	0.196	0.230	0.232	0.039
7:04:11	25.1	0.047	0.046	0.473	0.487	0.531	0.533	0.634	0.047	0.050	0.048	0.419	0.471	0.555	0.566	0.674	0.047	0.049	0.051	0.490	0.490	0.537	0.582	0.658	0.048	0.047	0.048	0.255	0.213	0.226	0.222	0.241	0.040	0.050	0.047	0.254	0.215	0.216	0.221	0.233	0.039	0.049	0.048	0.258	0.206	0.206	0.224	0.231	0.039
7:19:53	25.1	0.048	0.047	0.523	0.542	0.574	0.589	0.700	0.047	0.051	0.049	0.473	0.524	0.599	0.618	0.717	0.047	0.050	0.052	0.534	0.545	0.579	0.631	0.705	0.048	0.047	0.048	0.252	0.225	0.231	0.217	0.238	0.040	0.050	0.047	0.251	0.225	0.212	0.217	0.233	0.039	0.050	0.048	0.255	0.217	0.217	0.222	0.229	0.039
7:35:36	25.1	0.048	0.047	0.567	0.589	0.618	0.638	0.728	0.047	0.051	0.049	0.516	0.569	0.635	0.663	0.743	0.047	0.050	0.053	0.573	0.594	0.618	0.675	0.731	0.048	0.047	0.048	0.250	0.234	0.226	0.214	0.237	0.040	0.051	0.047	0.250	0.236	0.261	0.216	0.231	0.039	0.050	0.048	0.254	0.229	0.222	0.219	0.226	0.039
7:51:19	25.1	0.049	0.047	0.606	0.636	0.649	0.684	0.750	0.047	0.052	0.050	0.558	0.622	0.665	0.693	0.761	0.047	0.051	0.054	0.603	0.644	0.652	0.707	0.747	0.048	0.048	0.048	0.247	0.237	0.222	0.212	0.236	0.040	0.051	0.047	0.248	0.238	0.208	0.213	0.231	0.039	0.051	0.048	0.252	0.235	0.218	0.217	0.226	0.039
8:07:01	25.1	0.049	0.048	0.638	0.669	0.675	0.720	0.762	0.047	0.053	0.050	0.591	0.659	0.692	0.728	0.780	0.047	0.052	0.054	0.633	0.677	0.673	0.737	0.761	0.048	0.048	0.048	0.247	0.236	0.219	0.209	0.235	0.040	0.052	0.047	0.246	0.238	0.207	0.211	0.229	0.039	0.051	0.048	0.252	0.235	0.215	0.216	0.225	0.039
8:22:44	25.1	0.050	0.048	0.648	0.701	0.694	0.744	0.771	0.047	0.053	0.051	0.619	0.686	0.715	0.738	0.789	0.047	0.052	0.055	0.657	0.702	0.691	0.757	0.769	0.048	0.049	0.048	0.246	0.233	0.218	0.207	0.235	0.040	0.053	0.047	0.245	0.233	0.323	0.210	0.229	0.039	0.052	0.048	0.252	0.232	0.211	0.214	0.224	0.039
8:38:26	25.1	0.050	0.049	0.672	0.716	0.709	0.763	0.778	0.047	0.054	0.051	0.640	0.704	0.732	0.757	0.792	0.047	0.053	0.056	0.671	0.720	0.708	0.774	0.777	0.048	0.049	0.048	0.243	0.230	0.216	0.205	0.234	0.040	0.053	0.047	0.244	0.232	0.205	0.208	0.229	0.039	0.052	0.048	0.251	0.231	0.210	0.212	0.224	0.039
8:54:09	25.1	0.051	0.049	0.689	0.727	0.721	0.778	0.783	0.047	0.055	0.052	0.661	0.720	0.745	0.773	0.798	0.047	0.054	0.057	0.687	0.738	0.724	0.783	0.783	0.048	0.050	0.048	0.240	0.229	0.215	0.203	0.233	0.040	0.054	0.047	0.242	0.230	0.203	0.205	0.226	0.039	0.054	0.048	0.249	0.227	0.207	0.209	0.223	0.039
9:09:52	25.1	0.051	0.049	0.705	0.741	0.736	0.798	0.792	0.047	0.056	0.052	0.677	0.734	0.756	0.786	0.804	0.047	0.055	0.058	0.705	0.750	0.738	0.798	0.792	0.048	0.050	0.048	0.241	0.228	0.214	0.201	0.234	0.040	0.055	0.047	0.242	0.231	0.204	0.203	0.228	0.039	0.054	0.048	0.250	0.229	0.207	0.207	0.224	0.039
9:25:34	25.1	0.052	0.050	0.719	0.759	0.751	0.812	0.803	0.047	0.057	0.053	0.692	0.749	0.774	0.808	0.823	0.047	0.056	0.059	0.717	0.764	0.747	0.814	0.802	0.048	0.051	0.048	0.239	0.229	0.213	0.199	0.234	0.040	0.056	0.047	0.240	0.231	0.232	0.203	0.227	0.039	0.055	0.048	0.249	0.229	0.206	0.205	0.223	0.039
9:41:17	25.0	0.052	0.050	0.732	0.769	0.766	0.828	0.812	0.047	0.058	0.054	0.703	0.760	0.781	0.819	0.822	0.047	0.056	0.059	0.729	0.774	0.765	0.830	0.809	0.048	0.052	0.048	0.238	0.228	0.212	0.196	0.233	0.040	0.057	0.047	0.241	0.231	0.202	0.200	0.227	0.039	0.056	0.048	0.250	0.227	0.204	0.203	0.223	0.039
9:56:59	25.1	0.052	0.051	0.745	0.778	0.781	0.843	0.817	0.047	0.059	0.054	0.720	0.772	0.801	0.839	0.829	0.047	0.058	0.060	0.739	0.790	0.779	0.843	0.818	0.048	0.052	0.048	0.236	0.228	0.211	0.194	0.232	0.040	0.058	0.047	0.239	0.229	0.201	0.198	0.225	0.039	0.057	0.048	0.249	0.227	0.204	0.201	0.222	0.039
10:12:42	25.1	0.053	0.052	0.758	0.791	0.797	0.857	0.825	0.047	0.060	0.055	0.730	0.786	0.819	0.844	0.840	0.047	0.058	0.062	0.759	0.805	0.797	0.856	0.827	0.048	0.053	0.048	0.238	0.228	0.210	0.191	0.233	0.040	0.058	0.047	0.239	0.229	0.199	0.195	0.226	0.039	0.058	0.048	0.249	0.227	0.203	0.197	0.222	0.039
10:28:24	25.1	0.054	0.052	0.773	0.806	0.810	0.871	0.837	0.047	0.061	0.056	0.744	0.791	0.831	0.857	0.852	0.047	0.060	0.063	0.765	0.818	0.812	0.866	0.837	0.048	0.054	0.048	0.237	0.228	0.209	0.189	0.231	0.040	0.059	0.047	0.238	0.231	0.333	0.192	0.224	0.039	0.058	0.048	0.249	0.228	0.202	0.196	0.221	0.039
10:44:07	25.1	0.055	0.053	0.785	0.817	0.824	0.881	0.849	0.047	0.063	0.057	0.763	0.810	0.844	0.870	0.868	0.047	0.061	0.064	0.784	0.836	0.825	0.877	0.851	0.048	0.055	0.048	0.236	0.227	0.208	0.186	0.231	0.040	0.061	0.047	0.238	0.229	0.305	0.190	0.224	0.039	0.059	0.048	0.251	0.228	0.201	0.193	0.221	0.039
10:59:49	25.1	0.055	0.053	0.794	0.830	0.838	0.892	0.873	0.047	0.064	0.058	0.776	0.820	0.862	0.884	0.890	0.047	0.062	0.065	0.798	0.841	0.839	0.894	0.873	0.048	0.056	0.048	0.237	0.228	0.206	0.185	0.229	0.040	0.061	0.047	0.239	0.229	0.241	0.188	0.225	0.039	0.060	0.048	0.251	0.227	0.201	0.190	0.220	0.039
11:15:32	25.1	0.056	0.054	0.805	0.838	0.853	0.910	0.898	0.047	0.065	0.059	0.783	0.833	0.880	0.898	0.915	0.047	0.063	0.067	0.816	0.859	0.853	0.910	0.900	0.048	0.056	0.048	0.238	0.226	0.206	0.181	0.230	0.040	0.063	0.047	0.240	0.229	0.268	0.186	0.223	0.039	0.061	0.048	0.252	0.226	0.199	0.188	0.219	0.039
11:31:15	25.1	0.057	0.055	0.821	0.853	0.870	0.929	0.926	0.047	0.067	0.059	0.807	0.843	0.903	0.917	0.943	0.047	0.065	0.068	0.836	0.872	0.876	0.929	0.928	0.048	0.058	0.048	0.237	0.225	0.205	0.180	0.228	0.040	0.064	0.047	0.239	0.226	0.193	0.184	0.223	0.039	0.063	0.048	0.252	0.224	0.198	0.186	0.220	0.039
11:46:57	25.1	0.058	0.056	0.847	0.871	0.899	0.949	0.957	0.047	0.068	0.061	0.825	0.859	0.926	0.937	0.970	0.047	0.066	0.070	0.863	0.892	0.900	0.949	0.957	0.048	0.058	0.048	0.239	0.225	0.204	0.178	0.228	0.040	0.066	0.047	0.241	0.226	0.192	0.182	0.223	0.039	0.064	0.048	0.252	0.225	0.197	0.184	0.218	0.039
12:02:40	25.1	0.059	0.057	0.872	0.891	0.921	0.970	0.986	0.047	0.070	0.061	0.851	0.884	0.945	0.958	0.992	0.047	0.068	0.071	0.891	0.914	0.921	0.969	0.979	0.048	0.059	0.048	0.238	0.225	0.203	0.175	0.228	0.040	0.066	0.047	0.241	0.227	0.190	0.181	0.223	0.039	0.065	0.048	0.255	0.224	0.195	0.182	0.219	0.039
12:18:23	25.1	0.060	0.057	0.899	0.915	0.941	0.990	0.993	0.047	0.071	0.063	0.879	0.906	0.964	0.977	0.998	0.047	0.069	0.073	0.919	0.936	0.939	0.987	0.989	0.048	0.060	0.048	0.240	0.225	0.202	0.173	0.226	0.040	0.067	0.047	0.242	0.226	0.274	0.177	0.221	0.039	0.067	0.048	0.254	0.223	0.195	0.179	0.217	0.039
12:34:05	25.1	0.061	0.058	0.930	0.941	0.962	1.007	1.001	0.047	0.073	0.064	0.910	0.931	0.982	0.994	1.004	0.047	0.071	0.075	0.945	0.959	0.957	1.005	0.997	0.048	0.062	0.048	0.240	0.224	0.200	0.171	0.226	0.040	0.069	0.047	0.242	0.225	0.190	0.176	0.221	0.039	0.068	0.048	0.255	0.222	0.194	0.178	0.215	0.039
12:49:48	25.1	0.062	0.059	0.954	0.964	0.976	1.023	1.007	0.047	0.075	0.065	0.936	0.955	0.998	1.009	1.008	0.047	0.073	0.077	0.969	0.974	0.974	1.019	1.000	0.048	0.063	0.048	0.241	0.224	0.199	0.170	0.226	0.040	0.070	0.047	0.244	0.225	0.188	0.175	0.220	0.039	0.070	0.048	0.258	0.222	0.192	0.176	0.215	0.039
13:05:31	25.1	0.063	0.060	0.977	0.987	0.988	1.036	1.013	0.047	0.077	0.067	0.961	0.977	1.008	1.018	1.014	0.047	0.074	0.079	0.989	0.996	0.986	1.027	1.006	0.048	0.065	0.048	0.242	0.223	0.198	0.168	0.227	0.040	0.071	0.047	0.246	0.224	0.393	0.172	0.219	0.039	0.071	0.048	0.258	0.221	0.191	0.174	0.215	0.039
13:21:13	25.0	0.064	0.061	0.998	1.002	0.994	1.043	1.050	0.047	0.079	0.068	0.975	0.995	1.012	1.023	1.020	0.047	0.076	0.081	1.004	1.012	0.990	1.031	1.011	0.048	0.066	0.048	0.243	0.222	0.196	0.167	0.224	0.040	0.073	0.047	0.246	0.224	0.185	0.171	0.219	0.040	0.072	0.048	0.259	0.220	0.190	0.173	0.214	0.039
13:36:56	25.1	0.065	0.063	1.008	1.010	1.009	1.049	1.028	0.047	0.081	0.070	0.993	1.004	1.017	1.028	1.028	0.047	0.079	0.083	1.010	1.021	0.994	1.036	1.018	0.048	0.067	0.048	0.244	0.222	0.195	0.165	0.223	0.040	0.075	0.047	0.245	0.223	0.183	0.169	0.218	0.039	0.074	0.048	0.260	0.219	0.189	0.175	0.212	0.039
13:52:39	25.1	0.067	0.064	1.015	1.018	1.009	1.042	1.035	0.047	0.083	0.071	1.004	1.011	1.021	1.032	1.033	0.047	0.081	0.086	1.016	1.027	0.998	1.040	1.024	0.048	0.068	0.048	0.245	0.220	0.194	0.163	0.225	0.040	0.077	0.047	0.248	0.222	0.183	0.168	0.218	0.039	0.075	0.048	0.262	0.220	0.188	0.169	0.212	0.039
14:08:21	25.1	0.068	0.065	1.020	1.023	1.014	1.049	1.041	0.047	0.085	0.073	1.010	1.018	1.026	1.037	1.041	0.047	0.082	0.088	1.022	1.034	1.001	1.046	1.030	0.048	0.070	0.048	0.246	0.221	0.194	0.162	0.224	0.040	0.078	0.047	0.249	0.221	0.182	0.166	0.217	0.039	0.077	0.048	0.263	0.219	0.187	0.168	0.212	0.039
14:24:04	25.0	0.070	0.066	1.027	1.029	1.018	1.053	1.049	0.047	0.087	0.075	1.014	1.023	1.031	1.042	1.047	0.047	0.085	0.090	1.028	1.040	1.006	1.051	1.037	0.048	0.072	0.048	0.248	0.221	0.192	0.160	0.221	0.040	0.081	0.047	0.251	0.220	0.333	0.165	0.216	0.039	0.079	0.048	0.264	0.218	0.185	0.166	0.211	0.039
14:39:46	25.1	0.071	0.068	1.024	1.037	1.022	1.059	1.039	0.047	0.090	0.077	1.020	1.029	1.037	1.049	1.054	0.047	0.088	0.094	1.035	1.046	1.011	1.056	1.044	0.048	0.074	0.048	0.250	0.220	0.192	0.159	0.221	0.040	0.083	0.047	0.252	0.221	0.211	0.164	0.216	0.039	0.081	0.048	0.267	0.217	0.184	0.165	0.210	0.039
14:55:29	25.1	0.073	0.069	1.030	1.044	1.026	1.065	1.045	0.047	0.093	0.078	1.026	1.036	1.047	1.055	1.060	0.047	0.090	0.097	1.042	1.053	1.016	1.062	1.050	0.048	0.076	0.048	0.251	0.219	0.191	0.158	0.221	0.040	0.085	0.047	0.253	0.219	0.240	0.163	0.216	0.039	0.083	0.048	0.268	0.217	0.183	0.164	0.210	0.039
15:11:12	25.1	0.074	0.071	1.037	1.053	1.031	1.069	1.049	0.047	0.096	0.081	1.033	1.043	1.047	1.061	1.066	0.047	0.093	0.100	1.049	1.060	1.020	1.068	1.056	0.048	0.078	0.048	0.254	0.218	0.189	0.157	0.222	0.040	0.086	0.047	0.255	0.221	0.337	0.163	0.215	0.039	0.085	0.048	0.272	0.217	0.181	0.164	0.210	0.039
15:26:54	25.1	0.076	0.072	1.044	1.061	1.036	1.076	1.056	0.047	0.099	0.082	1.041	1.060	1.053	1.066	1.074	0.047	0.096	0.102	1.056	1.067	1.026	1.075	1.064	0.048	0.080	0.048	0.255	0.218	0.188	0.156	0.221	0.040	0.088	0.047	0.256	0.219	0.317	0.161	0.216	0.039	0.087	0.048	0.272	0.216	0.182	0.162	0.209	0.039
15:42:37	25.1	0.077	0.073	1.052	1.069	1.041	1.084	1.062	0.047	0.102	0.085	1.048	1.058	1.059	1.073	1.079	0.047	0.098	0.106	1.064	1.076	1.031	1.081	1.070	0.048	0.082	0.048	0.256	0.217	0.187	0.155	0.221	0.040	0.091	0.047	0.260	0.220	0.232	0.160	0.215	0.039	0.089	0.048	0.275	0.215	0.181	0.161	0.207	0.039
15:58:20	25.1	0.080	0.075	1.059	1.076	1.048	1.092	1.068	0.047	0.106	0.087	1.054	1.066	1.066	1.080	1.086	0.047	0.102	0.110	1.071	1.083	1.038	1.089	1.077	0.048	0.084	0.048	0.258	0.216	0.187	0.154	0.220	0.040	0.094	0.047	0.260	0.217	0.176	0.158	0.212	0.039	0.092	0.048	0.276	0.214	0.180	0.160	0.208	0.039
16:14:02	25.1	0.082	0.077	1.065	1.085	1.053	1.098	1.072	0.047	0.109	0.089	1.062	1.073	1.072	1.088	1.091	0.047	0.105	0.113	1.078	1.091	1.044	1.097	1.083	0.048	0.086	0.048	0.260	0.216	0.185	0.154	0.219	0.040	0.097	0.047	0.262	0.217	0.175	0.157	0.214	0.039	0.095	0.048	0.278	0.213	0.178	0.158	0.207	0.039
16:29:45	25.1	0.086	0.078	1.072	1.081	1.060	1.106	1.077	0.047	0.112	0.092	1.069	1.080	1.079	1.095	1.095	0.047	0.109	0.117	1.086	1.099	1.050	1.104	1.089	0.048	0.089	0.048	0.264	0.216	0.185	0.153	0.219	0.040	0.099	0.047	0.265	0.217	0.175	0.156	0.212	0.039	0.098	0.048	0.280	0.213	0.177	0.158	0.206	0.039
16:45:27	25.1	0.087	0.080	1.079	1.088	1.067	1.113	1.079	0.047	0.116	0.094	1.076	1.088	1.085	1.103	1.096	0.047	0.112	0.121	1.093	1.106	1.057	1.112	1.089	0.048	0.091	0.048	0.266	0.216	0.184	0.152	0.218	0.040	0.102	0.047	0.267	0.215	0.218	0.157	0.213	0.039	0.100	0.048	0.282	0.212	0.176	0.157	0.206	0.039
17:01:10	25.1	0.088	0.082	1.085	1.094	1.072	1.119	1.076	0.047	0.119	0.097	1.083	1.094	1.092	1.108	1.092	0.047	0.116	0.125	1.099	1.113	1.064	1.118	1.088	0.048	0.094	0.048	0.269	0.216	0.183	0.152	0.220	0.040	0.105	0.047	0.271	0.217	0.173	0.155	0.214	0.039	0.103	0.048	0.285	0.212	0.176	0.157	0.206	0.039
17:16:52	25.1	0.091	0.085	1.094	1.102	1.080	1.127	1.074	0.047	0.124	0.100	1.091	1.109	1.099	1.115	1.090	0.047	0.120	0.129	1.107	1.120	1.071	1.126	1.086	0.048	0.097	0.048	0.272	0.215	0.182	0.152	0.219	0.040	0.109	0.047	0.273	0.215	0.173	0.155	0.212	0.039	0.107	0.048	0.288	0.210	0.175	0.156	0.204	0.039
17:32:35	25.1	0.094	0.086	1.098	1.107	1.084	1.130	1.070	0.047	0.127	0.103	1.097	1.108	1.104	1.119	1.085	0.047	0.124	0.134	1.112	1.126	1.076	1.130	1.081	0.048	0.100	0.048	0.276	0.216	0.182	0.152	0.218	0.039	0.112	0.047	0.277	0.215	0.193	0.154	0.213	0.039	0.110	0.048	0.291	0.210	0.175	0.154	0.204	0.039
17:48:18	25.1	0.097	0.089	1.104	1.111	1.088	1.133	1.066	0.047	0.131	0.106	1.104	1.113	1.108	1.120	1.081	0.047	0.128	0.137	1.116	1.132	1.081	1.133	1.077	0.048	0.103	0.048	0.279	0.215	0.180	0.153	0.218	0.039	0.115	0.047	0.281	0.215	0.172	0.154	0.212	0.039	0.114	0.048	0.293	0.211	0.174	0.154	0.203	0.039
18:04:00	25.1	0.099	0.092	1.107	1.114	1.091	1.133	1.061	0.047	0.135	0.110	1.110	1.117	1.110	1.119	1.078	0.047	0.132	0.142	1.116	1.135	1.084	1.131	1.075	0.048	0.106	0.048	0.283	0.214	0.180	0.153	0.219	0.039	0.118	0.047	0.284	0.214	0.171	0.153	0.211	0.039	0.120	0.048	0.297	0.210	0.174	0.154	0.204	0.039
18:19:43	25.0	0.102	0.094	1.107	1.114	1.091	1.131	1.055	0.047	0.138	0.114	1.113	1.117	1.109	1.115	1.074	0.047	0.137	0.147	1.113	1.135	1.084	1.128	1.071	0.048	0.109	0.048	0.288	0.214	0.180	0.153	0.219	0.040	0.122	0.047	0.287	0.214	0.171	0.154	0.211	0.039	0.123	0.048	0.297	0.209	0.172	0.153	0.202	0.039
18:35:26	25.0	0.106	0.096	1.103	1.112	1.090	1.127	1.051	0.047	0.143	0.117	1.111	1.115	1.107	1.111	1.071	0.047	0.142	0.152	1.109	1.132	1.081	1.123	1.068	0.048	0.112	0.048	0.291	0.213	0.179	0.155	0.218	0.040	0.125	0.047	0.291	0.212	0.171	0.153	0.210	0.039	0.128	0.048	0.301	0.208	0.172	0.153	0.202	0.039
18:51:08	25.1	0.108	0.098	1.098	1.107	1.086	1.123	1.048	0.047	0.147	0.121	1.108	1.111	1.102	1.106	1.066	0.047	0.146	0.157	1.104	1.127	1.077	1.119	1.064	0.048	0.116	0.048	0.294	0.214	0.179	0.156	0.218	0.039	0.130	0.047	0.293	0.213	0.175	0.152	0.209	0.039	0.131	0.048	0.305	0.207	0.172	0.152	0.200	0.039
19:06:51	25.1	0.111	0.101	1.093	1.103	1.080	1.117	1.042	0.047	0.150	0.125	1.103	1.107	1.096	1.101	1.061	0.047	0.151	0.161	1.100	1.122	1.071	1.113	1.060	0.048	0.120	0.048	0.300	0.213	0.178	0.157	0.218	0.039	0.134	0.047	0.298	0.212	0.325	0.153	0.210	0.039	0.135	0.048	0.307	0.206	0.170	0.151	0.201	0.039
19:22:34	25.1	0.115	0.103	1.090	1.099	1.075	1.112	1.036	0.047	0.154	0.129	1.099	1.102	1.091	1.097	1.057	0.047	0.156	0.166	1.096	1.118	1.066	1.109	1.055	0.048	0.124	0.048	0.305	0.213	0.177	0.159	0.219	0.040	0.138	0.047	0.300	0.211	0.168	0.153	0.210	0.039	0.139	0.048	0.311	0.207	0.169	0.151	0.199	0.039
19:38:16	25.1	0.119	0.106	1.085	1.094	1.067	1.105	1.030	0.047	0.158	0.133	1.094	1.098	1.084	1.091	1.051	0.047	0.160	0.170	1.093	1.113	1.060	1.105	1.051	0.048	0.129	0.048	0.310	0.213	0.177	0.161	0.220	0.040	0.141	0.047	0.307	0.214	0.226	0.153	0.211	0.039	0.142	0.048	0.313	0.206	0.168	0.151	0.199	0.039
19:53:59	25.1	0.122	0.109	1.084	1.090	1.061	1.100	1.025	0.047	0.160	0.138	1.093	1.097	1.079	1.086	1.048	0.047	0.164	0.174	1.090	1.114	1.056	1.100	1.047	0.048	0.131	0.048	0.316	0.213	0.177	0.164	0.220	0.040	0.143	0.047	0.309	0.212	0.207	0.153	0.210	0.039	0.146	0.048	0.315	0.206	0.168	0.151	0.199	0.039
20:09:42	25.1	0.126	0.112	1.077	1.084	1.055	1.093	1.020	0.047	0.164	0.141	1.088	1.090	1.073	1.081	1.043	0.047	0.167	0.178	1.085	1.108	1.050	1.095	1.043	0.048	0.136	0.048	0.321	0.213	0.178	0.167	0.220	0.040	0.147	0.047	0.315	0.213	0.168	0.153	0.211	0.039	0.149	0.048	0.321	0.205	0.168	0.151	0.199	0.039
20:25:25	25.1	0.130	0.115	1.071	1.079	1.048	1.087	1.014	0.047	0.166	0.146	1.083	1.085	1.067	1.075	1.038	0.047	0.170	0.183	1.081	1.103	1.045	1.090	1.039	0.048	0.139	0.048	0.327	0.213	0.177	0.171	0.221	0.040	0.150	0.047	0.322	0.213	0.226	0.154	0.211	0.039	0.153	0.048	0.322	0.206	0.168	0.151	0.198	0.039
20:41:07	25.0	0.134	0.118	1.066	1.075	1.043	1.082	1.010	0.047	0.170	0.149	1.079	1.082	1.063	1.070	1.035	0.047	0.175	0.187	1.077	1.099	1.042	1.085	1.034	0.048	0.144	0.048	0.331	0.213	0.176	0.175	0.222	0.040	0.155	0.047	0.322	0.211	0.167	0.154	0.210	0.039	0.158	0.048	0.324	0.205	0.167	0.151	0.198	0.039
20:56:50	25.0	0.138	0.121	1.062	1.070	1.037	1.076	1.005	0.047	0.174	0.154	1.074	1.076	1.059	1.065	1.030	0.047	0.179	0.191	1.073	1.095	1.037	1.080	1.031	0.048	0.149	0.048	0.336	0.213	0.177	0.179	0.224	0.039	0.159	0.047	0.327	0.212	0.254	0.155	0.210	0.039	0.161	0.048	0.328	0.204	0.166	0.151	0.199	0.039
21:12:32	25.1	0.142	0.125	1.058	1.067	1.033	1.071	1.000	0.047	0.178	0.157	1.070	1.073	1.054	1.060	1.028	0.047	0.183	0.194	1.070	1.091	1.033	1.076	1.027	0.048	0.153	0.048	0.340	0.215	0.177	0.185	0.223	0.040	0.163	0.047	0.332	0.212	0.168	0.157	0.210	0.039	0.167	0.048	0.329	0.203	0.165	0.150	0.197	0.039
21:28:15	25.1	0.145	0.128	1.053	1.062	1.028	1.065	0.996	0.047	0.181	0.161	1.066	1.068	1.049	1.055	1.024	0.047	0.188	0.196	1.065	1.087	1.028	1.071	1.023	0.048	0.157	0.048	0.345	0.214	0.178	0.189	0.225	0.039	0.166	0.047	0.336	0.211	0.167	0.158	0.210	0.039	0.171	0.048	0.333	0.204	0.164	0.151	0.198	0.039
21:43:58	25.1	0.150	0.131	1.048	1.056	1.023	1.059	0.991	0.047	0.184	0.164	1.062	1.063	1.044	1.050	1.019	0.047	0.190	0.198	1.062	1.083	1.024	1.067	1.020	0.048	0.160	0.048	0.348	0.215	0.179	0.194	0.248	0.039	0.169	0.047	0.339	0.211	0.179	0.159	0.211	0.039	0.174	0.048	0.334	0.205	0.164	0.151	0.198	0.039
21:59:40	25.1	0.154	0.135	1.044	1.053	1.018	1.054	0.987	0.047	0.187	0.167	1.059	1.059	1.040	1.046	1.016	0.047	0.194	0.201	1.058	1.080	1.019	1.063	1.017	0.048	0.164	0.048	0.354	0.216	0.179	0.199	0.227	0.039	0.172	0.047	0.340	0.211	0.378	0.161	0.211	0.039	0.178	0.048	0.336	0.204	0.164	0.152	0.197	0.039
22:15:23	25.1	0.157	0.138	1.040	1.049	1.014	1.049	0.983	0.047	0.190	0.171	1.055	1.055	1.035	1.041	1.012	0.047	0.197	0.203	1.055	1.076	1.015	1.058	1.014	0.048	0.167	0.048	0.355	0.217	0.180	0.204	0.229	0.040	0.176	0.047	0.342	0.212	0.166	0.164	0.212	0.039	0.181	0.048	0.338	0.202	0.163	0.152	0.197	0.039
22:31:06	25.1	0.161	0.141	1.035	1.044	1.009	1.044	0.978	0.047	0.193	0.174	1.051	1.052	1.030	1.037	1.009	0.047	0.201	0.206	1.051	1.072	1.011	1.054	1.010	0.048	0.172	0.048	0.359	0.219	0.181	0.210	0.229	0.039	0.179	0.047	0.347	0.211	0.168	0.165	0.213	0.039	0.185	0.048	0.339	0.203	0.162	0.153	0.199	0.039
22:46:49	25.0	0.164	0.143	1.032	1.041	1.004	1.040	0.975	0.047	0.196	0.178	1.048	1.048	1.026	1.033	1.006	0.047	0.204	0.208	1.048	1.069	1.007	1.051	1.008	0.048	0.175	0.048	0.364	0.220	0.184	0.215	0.231	0.039	0.180	0.047	0.350	0.212	0.181	0.167	0.213	0.039	0.189	0.048	0.338	0.203	0.162	0.154	0.196	0.039
23:02:31	25.1	0.168	0.147	1.028	1.037	1.000	1.036	0.971	0.047	0.198	0.181	1.044	1.044	1.022	1.029	1.003	0.047	0.207	0.211	1.045	1.065	1.003	1.047	1.004	0.048	0.178	0.048	0.364	0.221	0.186	0.218	0.233	0.039	0.182	0.047	0.350	0.211	0.168	0.169	0.213	0.039	0.190	0.048	0.341	0.203	0.161	0.155	0.197	0.039
23:18:14	25.1	0.171	0.149	1.024	1.033	0.995	1.031	0.967	0.047	0.200	0.184	1.041	1.041	1.018	1.025	1.000	0.047	0.210	0.214	1.042	1.062	0.999	1.043	1.002	0.048	0.181	0.048	0.367	0.223	0.187	0.223	0.235	0.039	0.185	0.047	0.352	0.212	0.167	0.171	0.214	0.039	0.193	0.048	0.343	0.202	0.161	0.156	0.196	0.039
23:33:57	25.0	0.174	0.153	1.020	1.029	0.990	1.028	0.965	0.047	0.203	0.188	1.037	1.038	1.015	1.022	0.998	0.047	0.214	0.217	1.039	1.059	0.996	1.040	0.999	0.048	0.184	0.048	0.368	0.225	0.190	0.225	0.236	0.040	0.189	0.047	0.353	0.211	0.168	0.173	0.214	0.039	0.196	0.048	0.343	0.201	0.161	0.157	0.197	0.039
23:49:40	25.1	0.178	0.154	1.018	1.026	0.987	1.024	0.962	0.047	0.205	0.190	1.034	1.034	1.010	1.019	0.995	0.047	0.217	0.220	1.036	1.056	0.993	1.037	0.996	0.048	0.188	0.048	0.372	0.227	0.193	0.228	0.240	0.039	0.190	0.047	0.355	0.219	0.168	0.175	0.214	0.039	0.201	0.048	0.344	0.201	0.160	0.157	0.197	0.039
24:05:22	25.1	0.181	0.158	1.014	1.022	0.983	1.020	0.957	0.047	0.208	0.190	1.031	1.031	1.007	1.016	0.991	0.047	0.218	0.222	1.034	1.053	0.989	1.034	0.994	0.048	0.188	0.048	0.375	0.229	0.195	0.230	0.241	0.040	0.192	0.047	0.357	0.212	0.168	0.177	0.216	0.039	0.205	0.048	0.344	0.202	0.160	0.158	0.196	0.039
24:21:05	25.1	0.186	0.160	1.011	1.019	0.979	1.016	0.954	0.047	0.210	0.192	1.029	1.028	1.004	1.013	0.989	0.047	0.220	0.224	1.031	1.051	0.986	1.031	0.991	0.048	0.190	0.048	0.376	0.231	0.198	0.232	0.243	0.040	0.195	0.047	0.360	0.212	0.168	0.178	0.216	0.039	0.208	0.048	0.346	0.201	0.159	0.160	0.197	0.039
24:36:48	25.0	0.190	0.164	1.007	1.016	0.976	1.013	0.951	0.047	0.213	0.193	1.026	1.026	1.001	1.010	0.986	0.047	0.223	0.228	1.028	1.048	0.984	1.028	0.989	0.048	0.193	0.048	0.377	0.237	0.202	0.233	0.245	0.039	0.197	0.047	0.361	0.212	0.275	0.181	0.217	0.039	0.211	0.048	0.347	0.201	0.158	0.160	0.196	0.039
24:52:30	25.1	0.193	0.166	1.004	1.013	0.972	1.010	0.948	0.047	0.214	0.195	1.023	1.022	0.997	1.007	0.984	0.047	0.225	0.228	1.026	1.045	0.980	1.025	0.986	0.048	0.196	0.048	0.380	0.238	0.205	0.238	0.248	0.039	0.200	0.047	0.360	0.214	0.250	0.183	0.216	0.039	0.215	0.048	0.348	0.201	0.158	0.162	0.197	0.039
25:08:13	25.0	0.197	0.168	1.001	1.009	0.969	1.005	0.944	0.047	0.216	0.197	1.020	1.019	0.994	1.004	0.981	0.047	0.226	0.230	1.023	1.043	0.977	1.022	0.984	0.048	0.196	0.048	0.381	0.240	0.208	0.238	0.250	0.039	0.203	0.047	0.363	0.215	0.170	0.186	0.217	0.039	0.219	0.048	0.350	0.201	0.158	0.163	0.197	0.039
25:23:56	25.1	0.199	0.170	0.998	1.007	0.966	1.003	0.941	0.047	0.219	0.199	1.018	1.017	0.991	1.001	0.979	0.047	0.229	0.233	1.021	1.040	0.975	1.019	0.982	0.048	0.199	0.048	0.383	0.245	0.210	0.240	0.251	0.040	0.203	0.047	0.366	0.216	0.348	0.186	0.218	0.039	0.222	0.048	0.351	0.202	0.158	0.165	0.197	0.039
25:39:39	25.1	0.204	0.172	0.995	1.004	0.962	0.999	0.938	0.047	0.221	0.200	1.015	1.014	0.988	0.998	0.977	0.047	0.231	0.234	1.018	1.038	0.972	1.017	0.979	0.048	0.201	0.048	0.384	0.247	0.214	0.243	0.255	0.039	0.205	0.047	0.368	0.216	0.226	0.188	0.219	0.039	0.225	0.048	0.351	0.203	0.158	0.166	0.197	0.039
25:55:22	25.1	0.207	0.174	0.992	1.001	0.958	0.996	0.936	0.047	0.222	0.202	1.012	1.012	0.985	0.995	0.974	0.047	0.233	0.234	1.016	1.036	0.969	1.014	0.977	0.048	0.203	0.048	0.387	0.252	0.218	0.246	0.256	0.039	0.207	0.047	0.368	0.218	0.173	0.190	0.220	0.039	0.228	0.048	0.353	0.204	0.157	0.167	0.198	0.039
26:11:04	25.1	0.210	0.176	0.989	0.999	0.956	0.993	0.932	0.047	0.225	0.205	1.010	1.009	0.982	0.993	0.972	0.047	0.236	0.238	1.013	1.033	0.967	1.012	0.975	0.048	0.206	0.048	0.388	0.253	0.221	0.249	0.259	0.040	0.210	0.047	0.370	0.217	0.175	0.191	0.222	0.039	0.232	0.048	0.353	0.202	0.157	0.167	0.197	0.039
26:26:47	25.0	0.213	0.179	0.987	0.997	0.954	0.990	0.930	0.047	0.227	0.207	1.008	1.007	0.980	0.991	0.970	0.047	0.236	0.239	1.011	1.031	0.964	1.010	0.973	0.048	0.206	0.048	0.391	0.253	0.225	0.250	0.259	0.039	0.211	0.047	0.372	0.219	0.218	0.192	0.222	0.039	0.234	0.048	0.352	0.202	0.156	0.168	0.198	0.039
26:42:30	25.1	0.215	0.180	0.984	0.994	0.951	0.987	0.927	0.047	0.229	0.208	1.005	1.005	0.978	0.989	0.968	0.047	0.238	0.241	1.009	1.029	0.962	1.007	0.971	0.048	0.209	0.048	0.394	0.260	0.227	0.254	0.262	0.040	0.213	0.047	0.373	0.221	0.289	0.194	0.222	0.039	0.237	0.048	0.354	0.201	0.157	0.170	0.197	0.039
26:58:13	25.0	0.218	0.181	0.983	0.996	0.948	0.984	0.923	0.047	0.231	0.209	1.004	1.005	0.978	0.986	0.966	0.047	0.239	0.240	1.009	1.029	0.959	1.005	0.969	0.048	0.210	0.048	0.395	0.264	0.228	0.256	0.265	0.039	0.215	0.047	0.374	0.222	0.178	0.197	0.224	0.039	0.237	0.048	0.356	0.204	0.158	0.171	0.199	0.039
27:13:55	25.0	0.221	0.184	0.981	0.992	0.945	0.981	0.921	0.047	0.232	0.210	1.002	1.002	0.975	0.984	0.964	0.047	0.242	0.241	1.007	1.026	0.957	1.003	0.967	0.048	0.213	0.048	0.395	0.266	0.232	0.258	0.267	0.039	0.216	0.047	0.375	0.224	0.284	0.198	0.224	0.039	0.239	0.048	0.356	0.203	0.157	0.172	0.197	0.039
27:29:38	25.1	0.222	0.186	0.978	0.991	0.942	0.979	0.918	0.047	0.233	0.211	1.000	1.000	0.972	0.982	0.962	0.047	0.243	0.242	1.005	1.025	0.955	1.001	0.965	0.048	0.214	0.048	0.397	0.269	0.235	0.261	0.270	0.039	0.218	0.047	0.377	0.225	0.181	0.200	0.226	0.039	0.242	0.048	0.357	0.203	0.157	0.173	0.198	0.039
27:45:21	25.1	0.226	0.188	0.975	0.989	0.940	0.976	0.915	0.047	0.234	0.212	0.998	0.997	0.970	0.980	0.960	0.047	0.245	0.243	1.003	1.023	0.953	0.998	0.963	0.048	0.216	0.048	0.399	0.271	0.237	0.262	0.271	0.039	0.220	0.047	0.379	0.228	0.452	0.201	0.226	0.039	0.243	0.048	0.358	0.204	0.158	0.174	0.198	0.039
28:01:04	25.1	0.227	0.190	0.972	0.987	0.937	0.974	0.912	0.047	0.236	0.215	0.996	0.996	0.968	0.978	0.958	0.047	0.247	0.244	1.001	1.021	0.951	0.996	0.961	0.048	0.218	0.048	0.402	0.276	0.239	0.266	0.274	0.039	0.221	0.047	0.379	0.235	0.183	0.201	0.230	0.039	0.247	0.048	0.358	0.204	0.158	0.175	0.198	0.039
28:16:46	25.1	0.230	0.192	0.970	0.984	0.935	0.972	0.910	0.047	0.237	0.216	0.994	0.993	0.965	0.976	0.956	0.047	0.247	0.246	0.999	1.019	0.949	0.994	0.960	0.048	0.219	0.048	0.401	0.279	0.242	0.269	0.274	0.039	0.222	0.047	0.381	0.230	0.210	0.203	0.229	0.039	0.248	0.048	0.360	0.205	0.158	0.176	0.200	0.039
28:32:29	25.0	0.232	0.195	0.967	0.981	0.931	0.968	0.907	0.047	0.239	0.217	0.992	0.991	0.963	0.974	0.954	0.047	0.248	0.246	0.997	1.017	0.946	0.992	0.958	0.048	0.221	0.048	0.402	0.279	0.244	0.270	0.276	0.039	0.223	0.047	0.382	0.232	0.186	0.204	0.230	0.039	0.250	0.048	0.361	0.206	0.160	0.176	0.200	0.039
28:48:12	25.1	0.235	0.196	0.965	0.979	0.930	0.966	0.905	0.047	0.240	0.219	0.990	0.990	0.962	0.972	0.953	0.047	0.251	0.247	0.995	1.015	0.945	0.990	0.956	0.048	0.222	0.048	0.403	0.282	0.246	0.273	0.279	0.039	0.225	0.047	0.381	0.234	0.189	0.205	0.231	0.039	0.252	0.048	0.359	0.206	0.160	0.177	0.200	0.039
29:03:54	25.1	0.237	0.199	0.963	0.977	0.928	0.964	0.902	0.047	0.241	0.220	0.988	0.988	0.959	0.970	0.951	0.047	0.251	0.249	0.993	1.013	0.943	0.989	0.954	0.048	0.223	0.048	0.405	0.285	0.248	0.275	0.280	0.039	0.227	0.047	0.383	0.236	0.189	0.206	0.231	0.039	0.258	0.048	0.360	0.206	0.161	0.179	0.200	0.039
29:19:37	25.0	0.238	0.200	0.961	0.974	0.925	0.962	0.899	0.047	0.240	0.221	0.986	0.985	0.956	0.968	0.949	0.047	0.253	0.251	0.991	1.011	0.941	0.987	0.953	0.048	0.224	0.048	0.409	0.289	0.250	0.277	0.283	0.039	0.228	0.047	0.385	0.238	0.191	0.207	0.233	0.039	0.260	0.048	0.363	0.206	0.162	0.180	0.201	0.038
29:35:20	25.0	0.238	0.201	0.958	0.971	0.922	0.958	0.895	0.047	0.241	0.222	0.984	0.983	0.955	0.966	0.946	0.047	0.251	0.249	0.989	1.010	0.939	0.985	0.951	0.048	0.224	0.048	0.409	0.295	0.252	0.278	0.285	0.039	0.229	0.047	0.386	0.239	0.199	0.208	0.233	0.039	0.262	0.048	0.362	0.208	0.162	0.180	0.201	0.039
29:51:02	25.1	0.240	0.203	0.955	0.968	0.920	0.956	0.893	0.047	0.241	0.221	0.983	0.981	0.953	0.965	0.945	0.047	0.251	0.249	0.988	1.008	0.937	0.983	0.949	0.048	0.224	0.048	0.410	0.297	0.254	0.281	0.287	0.040	0.230	0.047	0.388	0.241	0.397	0.210	0.236	0.039	0.264	0.048	0.363	0.208	0.164	0.182	0.202	0.039
30:06:45	25.1	0.241	0.206	0.953	0.966	0.917	0.953	0.891	0.047	0.242	0.222	0.981	0.980	0.951	0.963	0.943	0.047	0.253	0.250	0.986	1.006	0.935	0.981	0.948	0.048	0.226	0.048	0.412	0.296	0.256	0.283	0.290	0.039	0.232	0.047	0.389	0.241	0.193	0.211	0.236	0.039	0.265	0.048	0.363	0.211	0.164	0.183	0.203	0.038
30:22:28	25.1	0.242	0.206	0.951	0.964	0.915	0.951	0.888	0.047	0.242	0.224	0.979	0.977	0.949	0.961	0.942	0.047	0.253	0.250	0.984	1.004	0.933	0.980	0.946	0.048	0.228	0.048	0.415	0.300	0.257	0.284	0.290	0.039	0.232	0.047	0.392	0.243	0.198	0.210	0.238	0.039	0.266	0.048	0.364	0.210	0.165	0.182	0.202	0.038
30:38:10	25.1	0.243	0.208	0.948	0.961	0.912	0.949	0.885	0.047	0.243	0.225	0.978	0.975	0.947	0.960	0.939	0.047	0.255	0.250	0.982	1.003	0.932	0.978	0.944	0.048	0.228	0.048	0.416	0.303	0.259	0.285	0.293	0.040	0.233	0.047	0.393	0.249	0.420	0.212	0.238	0.039	0.266	0.048	0.364	0.211	0.166	0.184	0.202	0.039
30:53:53	25.1	0.242	0.209	0.946	0.958	0.910	0.946	0.882	0.047	0.243	0.226	0.976	0.974	0.946	0.958	0.938	0.047	0.255	0.249	0.981	1.001	0.930	0.976	0.943	0.048	0.229	0.048	0.418	0.306	0.263	0.286	0.295	0.039	0.233	0.047	0.394	0.246	0.195	0.212	0.240	0.039	0.268	0.048	0.364	0.213	0.168	0.184	0.202	0.038
31:09:36	25.0	0.243	0.210	0.944	0.957	0.909	0.944	0.880	0.047	0.244	0.225	0.974	0.971	0.944	0.956	0.936	0.047	0.255	0.250	0.979	1.000	0.928	0.975	0.941	0.048	0.229	0.048	0.419	0.307	0.263	0.289	0.296	0.039	0.235	0.047	0.396	0.247	0.196	0.213	0.241	0.039	0.268	0.048	0.366	0.213	0.169	0.186	0.204	0.038
31:25:19	25.1	0.242	0.212	0.942	0.954	0.906	0.942	0.877	0.047	0.244	0.226	0.973	0.970	0.942	0.955	0.934	0.047	0.256	0.250	0.977	0.998	0.927	0.973	0.940	0.048	0.230	0.048	0.423	0.308	0.265	0.289	0.298	0.039	0.236	0.047	0.398	0.249	0.197	0.215	0.242	0.039	0.269	0.048	0.367	0.213	0.171	0.186	0.204	0.038
31:41:01	25.1	0.244	0.216	0.940	0.952	0.905	0.941	0.875	0.047	0.247	0.227	0.971	0.968	0.941	0.953	0.934	0.047	0.257	0.251	0.976	0.997	0.925	0.972	0.939	0.048	0.232	0.048	0.423	0.311	0.266	0.291	0.300	0.039	0.237	0.047	0.398	0.250	0.235	0.215	0.243	0.039	0.270	0.048	0.367	0.213	0.170	0.186	0.204	0.038
31:56:44	25.1	0.245	0.217	0.938	0.950	0.903	0.939	0.872	0.047	0.247	0.229	0.970	0.967	0.939	0.952	0.932	0.047	0.258	0.252	0.974	0.995	0.924	0.970	0.937	0.048	0.233	0.048	0.425	0.311	0.268	0.292	0.300	0.039	0.238	0.047	0.398	0.253	0.208	0.214	0.243	0.039	0.270	0.048	0.369	0.213	0.172	0.186	0.204	0.039
32:12:26	25.1	0.245	0.218	0.935	0.947	0.901	0.937	0.870	0.047	0.248	0.230	0.968	0.965	0.938	0.951	0.930	0.047	0.257	0.252	0.973	0.994	0.922	0.969	0.936	0.048	0.232	0.048	0.427	0.311	0.269	0.292	0.301	0.039	0.239	0.047	0.401	0.252	0.198	0.215	0.243	0.039	0.271	0.048	0.370	0.215	0.172	0.187	0.205	0.039
32:28:09	25.0	0.245	0.219	0.933	0.946	0.899	0.934	0.866	0.047	0.248	0.230	0.966	0.963	0.936	0.949	0.928	0.047	0.257	0.252	0.971	0.992	0.920	0.967	0.934	0.048	0.233	0.048	0.429	0.311	0.270	0.293	0.303	0.039	0.239	0.047	0.402	0.252	0.446	0.216	0.245	0.039	0.271	0.048	0.369	0.218	0.173	0.187	0.206	0.038
32:43:52	25.1	0.246	0.221	0.931	0.943	0.896	0.932	0.863	0.047	0.248	0.229	0.965	0.960	0.934	0.948	0.927	0.047	0.257	0.252	0.970	0.990	0.919	0.966	0.933	0.048	0.233	0.048	0.433	0.317	0.271	0.293	0.304	0.039	0.240	0.047	0.405	0.255	0.199	0.217	0.246	0.039	0.271	0.048	0.372	0.219	0.175	0.188	0.206	0.039
32:59:35	25.1	0.244	0.221	0.927	0.940	0.893	0.928	0.859	0.047	0.248	0.227	0.963	0.958	0.932	0.945	0.924	0.047	0.257	0.250	0.968	0.989	0.917	0.964	0.931	0.048	0.234	0.048	0.433	0.320	0.272	0.295	0.304	0.039	0.240	0.047	0.408	0.258	0.201	0.218	0.247	0.039	0.270	0.048	0.372	0.218	0.174	0.189	0.206	0.038
33:15:17	25.1	0.246	0.222	0.925	0.937	0.891	0.926	0.856	0.047	0.249	0.227	0.962	0.957	0.930	0.944	0.923	0.047	0.257	0.249	0.966	0.987	0.915	0.962	0.930	0.048	0.234	0.048	0.436	0.317	0.273	0.295	0.306	0.039	0.240	0.047	0.409	0.257	0.201	0.219	0.248	0.039	0.269	0.048	0.372	0.220	0.176	0.189	0.207	0.038
33:31:00	25.1	0.246	0.222	0.923	0.935	0.889	0.924	0.853	0.047	0.249	0.228	0.960	0.955	0.929	0.943	0.921	0.047	0.258	0.250	0.965	0.986	0.914	0.961	0.928	0.048	0.234	0.048	0.439	0.316	0.274	0.295	0.304	0.039	0.241	0.047	0.410	0.259	0.456	0.219	0.250	0.039	0.270	0.048	0.373	0.220	0.176	0.189	0.206	0.038
33:46:43	25.0	0.247	0.223	0.921	0.933	0.888	0.922	0.851	0.047	0.251	0.228	0.959	0.954	0.928	0.941	0.919	0.047	0.258	0.251	0.963	0.984	0.912	0.960	0.927	0.048	0.234	0.048	0.441	0.320	0.275	0.296	0.306	0.039	0.243	0.047	0.409	0.258	0.467	0.220	0.249	0.039	0.270	0.048	0.373	0.222	0.176	0.189	0.207	0.038
34:02:25	25.1	0.248	0.224	0.919	0.931	0.886	0.920	0.848	0.047	0.251	0.228	0.957	0.952	0.926	0.940	0.918	0.047	0.258	0.252	0.962	0.983	0.911	0.958	0.925	0.048	0.236	0.048	0.442	0.318	0.277	0.295	0.306	0.039	0.243	0.047	0.410	0.260	0.308	0.219	0.250	0.039	0.269	0.048	0.372	0.220	0.177	0.190	0.209	0.038
34:18:08	25.1	0.247	0.225	0.917	0.929	0.884	0.918	0.844	0.047	0.251	0.230	0.956	0.951	0.925	0.939	0.916	0.047	0.259	0.253	0.960	0.981	0.909	0.957	0.924	0.048	0.236	0.048	0.443	0.317	0.276	0.295	0.305	0.039	0.244	0.047	0.412	0.260	0.444	0.220	0.251	0.039	0.270	0.048	0.373	0.221	0.177	0.190	0.209	0.038
34:33:51	25.1	0.247	0.224	0.915	0.926	0.882	0.915	0.842	0.047	0.251	0.230	0.954	0.948	0.923	0.937	0.914	0.047	0.260	0.253	0.959	0.979	0.908	0.955	0.923	0.048	0.235	0.048	0.444	0.319	0.277	0.293	0.306	0.039	0.243	0.047	0.415	0.261	0.459	0.221	0.251	0.039	0.268	0.048	0.374	0.222	0.177	0.190	0.210	0.038
34:49:33	25.1	0.250	0.226	0.912	0.923	0.879	0.913	0.839	0.047	0.253	0.230	0.953	0.947	0.921	0.935	0.913	0.047	0.261	0.252	0.957	0.978	0.906	0.954	0.921	0.048	0.235	0.048	0.448	0.318	0.278	0.294	0.305	0.039	0.244	0.047	0.415	0.261	0.211	0.221	0.253	0.039	0.270	0.048	0.375	0.224	0.178	0.189	0.209	0.038
35:05:16	25.1	0.248	0.226	0.910	0.922	0.878	0.911	0.835	0.047	0.252	0.230	0.951	0.945	0.920	0.935	0.911	0.047	0.261	0.252	0.956	0.976	0.905	0.953	0.920	0.048	0.236	0.048	0.449	0.319	0.277	0.293	0.306	0.039	0.244	0.047	0.417	0.263	0.206	0.221	0.253	0.039	0.269	0.048	0.375	0.223	0.179	0.190	0.209	0.038
35:20:59	25.1	0.247	0.226	0.907	0.919	0.875	0.908	0.832	0.047	0.252	0.230	0.949	0.943	0.918	0.933	0.909	0.047	0.261	0.253	0.954	0.975	0.904	0.951	0.918	0.048	0.236	0.048	0.451	0.319	0.279	0.293	0.307	0.039	0.245	0.047	0.421	0.265	0.235	0.222	0.255	0.039	0.269	0.048	0.375	0.225	0.179	0.191	0.211	0.038
35:36:42	25.1	0.246	0.226	0.905	0.917	0.873	0.906	0.829	0.047	0.254	0.231	0.948	0.942	0.917	0.932	0.908	0.047	0.262	0.253	0.953	0.974	0.902	0.950	0.917	0.048	0.237	0.048	0.452	0.318	0.280	0.292	0.306	0.039	0.245	0.047	0.422	0.265	0.210	0.222	0.255	0.039	0.269	0.048	0.376	0.223	0.181	0.190	0.212	0.038
35:52:24	25.1	0.246	0.226	0.903	0.914	0.871	0.903	0.826	0.047	0.254	0.230	0.947	0.940	0.915	0.930	0.906	0.047	0.263	0.253	0.952	0.973	0.901	0.949	0.916	0.048	0.239	0.048	0.455	0.317	0.280	0.292	0.306	0.039	0.245	0.047	0.423	0.265	0.212	0.222	0.257	0.039	0.269	0.048	0.375	0.224	0.180	0.190	0.212	0.038
36:08:07	25.1	0.245	0.226	0.900	0.912	0.869	0.901	0.823	0.047	0.254	0.231	0.945	0.938	0.914	0.928	0.905	0.047	0.263	0.253	0.950	0.971	0.899	0.948	0.915	0.048	0.239	0.048	0.456	0.316	0.281	0.292	0.307	0.039	0.247	0.047	0.424	0.265	0.208	0.222	0.257	0.039	0.270	0.048	0.376	0.225	0.181	0.190	0.213	0.038
36:23:49	25.1	0.245	0.226	0.898	0.909	0.867	0.898	0.820	0.047	0.255	0.231	0.944	0.937	0.912	0.927	0.903	0.047	0.263	0.253	0.949	0.969	0.898	0.946	0.914	0.048	0.238	0.048	0.458	0.315	0.281	0.291	0.307	0.039	0.246	0.047	0.424	0.267	0.246	0.222	0.257	0.039	0.270	0.048	0.375	0.225	0.182	0.190	0.211	0.038
36:39:32	25.0	0.244	0.227	0.896	0.908	0.865	0.897	0.817	0.047	0.256	0.232	0.942	0.936	0.911	0.927	0.902	0.047	0.264	0.254	0.947	0.968	0.897	0.944	0.912	0.048	0.240	0.048	0.456	0.313	0.281	0.289	0.306	0.039	0.247	0.047	0.424	0.264	0.210	0.222	0.257	0.039	0.272	0.048	0.376	0.225	0.183	0.190	0.213	0.038
36:55:15	25.1	0.243	0.227	0.895	0.906	0.864	0.896	0.815	0.047	0.256	0.231	0.940	0.934	0.910	0.925	0.901	0.047	0.266	0.253	0.946	0.966	0.895	0.943	0.910	0.048	0.240	0.048	0.457	0.312	0.280	0.288	0.307	0.039	0.248	0.047	0.425	0.264	0.380	0.222	0.257	0.039	0.272	0.048	0.375	0.227	0.183	0.190	0.214	0.038
37:10:57	25.1	0.243	0.228	0.892	0.904	0.862	0.893	0.811	0.047	0.256	0.231	0.939	0.932	0.909	0.924	0.899	0.047	0.266	0.254	0.944	0.965	0.893	0.942	0.909	0.048	0.242	0.048	0.459	0.315	0.281	0.288	0.307	0.039	0.250	0.047	0.426	0.265	0.209	0.222	0.259	0.039	0.272	0.048	0.376	0.226	0.185	0.190	0.214	0.038
37:26:40	25.1	0.242	0.227	0.889	0.901	0.859	0.891	0.808	0.047	0.257	0.232	0.937	0.930	0.908	0.922	0.898	0.047	0.268	0.255	0.943	0.963	0.892	0.940	0.908	0.048	0.243	0.048	0.460	0.314	0.281	0.287	0.307	0.039	0.250	0.047	0.427	0.266	0.279	0.222	0.258	0.039	0.272	0.048	0.375	0.227	0.186	0.190	0.216	0.038
37:42:23	25.1	0.242	0.228	0.887	0.899	0.857	0.888	0.805	0.047	0.258	0.232	0.936	0.929	0.906	0.921	0.896	0.047	0.269	0.254	0.941	0.962	0.891	0.939	0.906	0.048	0.243	0.048	0.462	0.312	0.281	0.286	0.307	0.039	0.250	0.047	0.428	0.265	0.305	0.222	0.259	0.039	0.272	0.048	0.376	0.225	0.186	0.189	0.216	0.038
37:58:05	25.1	0.241	0.226	0.884	0.896	0.854	0.885	0.800	0.047	0.258	0.231	0.935	0.927	0.905	0.919	0.894	0.047	0.268	0.253	0.940	0.960	0.889	0.938	0.905	0.048	0.243	0.048	0.463	0.311	0.281	0.285	0.308	0.039	0.252	0.047	0.430	0.267	0.210	0.223	0.260	0.039	0.269	0.048	0.376	0.226	0.187	0.189	0.216	0.038
38:13:48	25.0	0.240	0.226	0.881	0.892	0.851	0.882	0.797	0.047	0.258	0.232	0.933	0.925	0.903	0.918	0.892	0.047	0.270	0.253	0.938	0.959	0.888	0.937	0.905	0.048	0.243	0.048	0.464	0.312	0.281	0.285	0.308	0.039	0.253	0.047	0.431	0.267	0.238	0.223	0.261	0.039	0.271	0.048	0.374	0.225	0.185	0.189	0.217	0.038
38:29:31	25.1	0.240	0.227	0.879	0.891	0.850	0.880	0.794	0.047	0.258	0.232	0.932	0.924	0.901	0.917	0.891	0.047	0.270	0.252	0.937	0.958	0.886	0.935	0.903	0.048	0.244	0.048	0.465	0.312	0.280	0.284	0.308	0.039	0.253	0.047	0.431	0.269	0.457	0.223	0.261	0.039	0.269	0.048	0.375	0.227	0.186	0.189	0.216	0.038
38:45:14	25.1	0.238	0.226	0.877	0.888	0.847	0.878	0.791	0.047	0.258	0.232	0.931	0.922	0.900	0.915	0.889	0.047	0.270	0.252	0.936	0.956	0.885	0.934	0.902	0.048	0.244	0.048	0.468	0.311	0.280	0.284	0.309	0.039	0.253	0.047	0.432	0.268	0.213	0.222	0.261	0.039	0.270	0.048	0.374	0.227	0.186	0.189	0.217	0.038
39:00:57	25.1	0.238	0.227	0.875	0.886	0.846	0.875	0.787	0.047	0.260	0.232	0.930	0.921	0.899	0.914	0.888	0.047	0.271	0.253	0.935	0.955	0.884	0.933	0.901	0.048	0.244	0.048	0.467	0.312	0.281	0.283	0.309	0.039	0.253	0.047	0.434	0.271	0.359	0.222	0.261	0.039	0.270	0.048	0.375	0.228	0.187	0.189	0.218	0.038
39:16:39	25.1	0.236	0.227	0.872	0.884	0.843	0.873	0.784	0.047	0.260	0.233	0.928	0.919	0.898	0.913	0.886	0.047	0.269	0.253	0.933	0.954	0.883	0.932	0.900	0.048	0.244	0.048	0.468	0.311	0.280	0.283	0.311	0.039	0.254	0.047	0.433	0.269	0.210	0.223	0.262	0.039	0.270	0.048	0.374	0.226	0.188	0.188	0.217	0.038
39:32:22	25.1	0.236	0.227	0.870	0.881	0.841	0.871	0.781	0.047	0.261	0.232	0.927	0.919	0.896	0.911	0.885	0.047	0.269	0.254	0.932	0.953	0.882	0.930	0.898	0.048	0.244	0.048	0.469	0.312	0.279	0.282	0.309	0.039	0.255	0.047	0.433	0.269	0.231	0.223	0.261	0.039	0.269	0.048	0.373	0.225	0.187	0.188	0.218	0.038
39:48:05	25.1	0.235	0.227	0.867	0.879	0.839	0.868	0.777	0.047	0.261	0.233	0.926	0.917	0.895	0.910	0.882	0.047	0.270	0.253	0.931	0.952	0.880	0.929	0.897	0.048	0.246	0.048	0.470	0.310	0.279	0.281	0.310	0.039	0.255	0.047	0.435	0.269	0.212	0.223	0.261	0.039	0.268	0.048	0.374	0.226	0.188	0.188	0.219	0.038
40:03:48	25.1	0.234	0.228	0.865	0.877	0.837	0.866	0.774	0.047	0.262	0.233	0.924	0.916	0.894	0.909	0.882	0.047	0.270	0.253	0.930	0.951	0.879	0.929	0.895	0.048	0.246	0.048	0.470	0.310	0.278	0.281	0.311	0.039	0.255	0.047	0.433	0.268	0.217	0.222	0.261	0.039	0.267	0.048	0.372	0.227	0.188	0.188	0.219	0.038
40:19:31	25.0	0.234	0.228	0.862	0.873	0.835	0.864	0.770	0.047	0.262	0.233	0.923	0.914	0.893	0.908	0.881	0.047	0.271	0.253	0.929	0.950	0.878	0.927	0.895	0.048	0.247	0.048	0.471	0.309	0.277	0.280	0.311	0.039	0.255	0.047	0.434	0.270	0.208	0.223	0.262	0.039	0.267	0.048	0.370	0.226	0.188	0.188	0.219	0.038
40:35:13	25.1	0.234	0.228	0.860	0.870	0.833	0.862	0.769	0.047	0.263	0.234	0.922	0.912	0.892	0.907	0.879	0.047	0.273	0.254	0.927	0.947	0.876	0.926	0.893	0.048	0.249	0.048	0.468	0.310	0.274	0.280	0.309	0.039	0.257	0.047	0.432	0.267	0.208	0.222	0.259	0.039	0.268	0.048	0.370	0.226	0.188	0.187	0.220	0.038
40:50:56	25.0	0.233	0.229	0.858	0.869	0.832	0.860	0.765	0.047	0.264	0.235	0.921	0.911	0.891	0.905	0.878	0.047	0.273	0.255	0.926	0.946	0.875	0.924	0.892	0.048	0.248	0.048	0.468	0.310	0.274	0.277	0.309	0.039	0.258	0.047	0.435	0.269	0.338	0.221	0.260	0.039	0.267	0.048	0.369	0.227	0.188	0.187	0.219	0.038
41:06:39	25.1	0.232	0.230	0.855	0.867	0.830	0.857	0.762	0.047	0.264	0.235	0.919	0.909	0.889	0.904	0.876	0.047	0.274	0.254	0.924	0.945	0.874	0.923	0.890	0.048	0.249	0.048	0.467	0.311	0.273	0.277	0.313	0.039	0.257	0.047	0.432	0.268	0.413	0.222	0.260	0.039	0.265	0.048	0.367	0.228	0.188	0.187	0.218	0.038
41:22:21	25.1	0.230	0.228	0.853	0.865	0.827	0.854	0.757	0.047	0.264	0.237	0.918	0.907	0.888	0.902	0.874	0.047	0.273	0.255	0.923	0.944	0.873	0.922	0.889	0.048	0.248	0.048	0.469	0.310	0.274	0.277	0.312	0.039	0.257	0.047	0.435	0.268	0.255	0.221	0.260	0.039	0.263	0.048	0.366	0.227	0.188	0.186	0.218	0.038
41:38:04	25.1	0.230	0.229	0.850	0.863	0.825	0.851	0.755	0.047	0.267	0.236	0.916	0.907	0.887	0.901	0.873	0.047	0.275	0.256	0.921	0.943	0.871	0.921	0.888	0.048	0.250	0.048	0.469	0.309	0.271	0.277	0.312	0.039	0.260	0.047	0.433	0.267	0.207	0.221	0.260	0.039	0.264	0.048	0.365	0.225	0.188	0.187	0.219	0.038
41:53:47	25.1	0.228	0.227	0.849	0.861	0.823	0.849	0.751	0.047	0.266	0.235	0.915	0.905	0.885	0.901	0.871	0.047	0.273	0.255	0.921	0.942	0.870	0.920	0.887	0.048	0.250	0.048	0.467	0.309	0.270	0.275	0.312	0.039	0.258	0.047	0.436	0.268	0.207	0.221	0.261	0.039	0.261	0.048	0.363	0.226	0.187	0.186	0.218	0.038
42:09:30	25.1	0.226	0.229	0.845	0.858	0.820	0.846	0.747	0.047	0.267	0.235	0.914	0.903	0.884	0.899	0.869	0.047	0.274	0.255	0.919	0.940	0.869	0.919	0.886	0.048	0.251	0.048	0.469	0.308	0.270	0.275	0.312	0.039	0.259	0.047	0.435	0.268	0.355	0.221	0.260	0.039	0.260	0.048	0.365	0.225	0.188	0.185	0.218	0.038
42:25:12	25.1	0.225	0.228	0.843	0.857	0.818	0.843	0.743	0.047	0.267	0.235	0.913	0.903	0.882	0.898	0.868	0.047	0.273	0.254	0.918	0.940	0.868	0.917	0.884	0.048	0.251	0.048	0.469	0.310	0.267	0.274	0.313	0.039	0.260	0.047	0.436	0.268	0.206	0.219	0.261	0.039	0.260	0.048	0.361	0.225	0.187	0.185	0.215	0.038
42:40:55	25.1	0.223	0.227	0.841	0.855	0.816	0.841	0.740	0.047	0.268	0.237	0.912	0.902	0.881	0.897	0.866	0.047	0.274	0.254	0.917	0.939	0.867	0.916	0.883	0.048	0.251	0.048	0.468	0.307	0.267	0.274	0.313	0.039	0.260	0.047	0.434	0.268	0.407	0.220	0.261	0.039	0.258	0.048	0.359	0.225	0.187	0.185	0.214	0.038
42:56:38	25.1	0.221	0.227	0.839	0.851	0.813	0.838	0.737	0.047	0.269	0.237	0.911	0.899	0.880	0.895	0.865	0.047	0.275	0.254	0.916	0.937	0.865	0.915	0.882	0.048	0.252	0.048	0.468	0.307	0.265	0.274	0.312	0.039	0.262	0.047	0.434	0.267	0.440	0.220	0.260	0.039	0.257	0.048	0.358	0.224	0.187	0.185	0.215	0.038
43:12:21	25.0	0.221	0.227	0.835	0.848	0.811	0.837	0.734	0.047	0.269	0.237	0.909	0.897	0.879	0.894	0.863	0.047	0.275	0.255	0.914	0.935	0.864	0.914	0.880	0.048	0.252	0.048	0.466	0.304	0.265	0.272	0.311	0.039	0.261	0.047	0.432	0.265	0.204	0.219	0.260	0.039	0.257	0.048	0.356	0.226	0.187	0.185	0.214	0.038
43:28:04	25.1	0.219	0.227	0.834	0.847	0.809	0.834	0.730	0.047	0.268	0.237	0.908	0.896	0.877	0.892	0.861	0.047	0.275	0.255	0.913	0.934	0.863	0.913	0.880	0.048	0.253	0.048	0.466	0.306	0.264	0.272	0.312	0.039	0.262	0.047	0.433	0.267	0.441	0.219	0.261	0.039	0.255	0.048	0.354	0.224	0.187	0.185	0.213	0.038
43:43:46	25.1	0.218	0.226	0.831	0.845	0.807	0.832	0.727	0.047	0.270	0.237	0.906	0.894	0.876	0.891	0.860	0.047	0.277	0.256	0.911	0.933	0.861	0.911	0.878	0.048	0.254	0.048	0.464	0.304	0.263	0.272	0.310	0.039	0.262	0.047	0.430	0.264	0.246	0.217	0.260	0.039	0.255	0.048	0.351	0.223	0.186	0.184	0.212	0.038
43:59:29	25.0	0.217	0.227	0.829	0.843	0.805	0.829	0.723	0.047	0.270	0.237	0.905	0.894	0.875	0.890	0.859	0.047	0.276	0.255	0.910	0.931	0.860	0.910	0.877	0.048	0.255	0.048	0.463	0.305	0.262	0.270	0.311	0.039	0.262	0.047	0.430	0.263	0.206	0.217	0.260	0.039	0.255	0.048	0.350	0.224	0.186	0.184	0.210	0.038
44:15:12	25.1	0.215	0.226	0.827	0.841	0.802	0.825	0.720	0.047	0.270	0.236	0.904	0.892	0.873	0.888	0.856	0.047	0.277	0.255	0.909	0.930	0.859	0.910	0.876	0.048	0.253	0.048	0.463	0.305	0.259	0.270	0.312	0.039	0.262	0.047	0.431	0.264	0.204	0.218	0.261	0.039	0.253	0.048	0.348	0.223	0.186	0.183	0.210	0.038
44:30:55	25.1	0.213	0.225	0.824	0.840	0.800	0.823	0.716	0.047	0.270	0.237	0.902	0.891	0.872	0.887	0.854	0.047	0.277	0.255	0.908	0.929	0.858	0.908	0.875	0.048	0.254	0.048	0.463	0.303	0.259	0.270	0.312	0.039	0.264	0.047	0.432	0.263	0.242	0.217	0.261	0.039	0.252	0.048	0.345	0.222	0.186	0.183	0.208	0.038
44:46:37	25.1	0.212	0.223	0.822	0.839	0.798	0.820	0.713	0.047	0.271	0.237	0.901	0.892	0.871	0.886	0.853	0.047	0.277	0.255	0.907	0.929	0.856	0.907	0.873	0.048	0.254	0.048	0.463	0.305	0.258	0.269	0.311	0.039	0.264	0.047	0.430	0.262	0.410	0.217	0.262	0.039	0.251	0.048	0.345	0.222	0.186	0.182	0.208	0.038
45:02:20	25.1	0.209	0.225	0.820	0.837	0.796	0.818	0.709	0.047	0.271	0.237	0.900	0.890	0.869	0.884	0.851	0.047	0.278	0.254	0.906	0.928	0.855	0.906	0.873	0.048	0.254	0.048	0.461	0.306	0.258	0.269	0.312	0.039	0.264	0.047	0.430	0.262	0.408	0.216	0.261	0.039	0.250	0.048	0.343	0.220	0.185	0.182	0.207	0.038
45:18:03	25.0	0.208	0.225	0.817	0.836	0.794	0.815	0.706	0.047	0.271	0.237	0.900	0.889	0.868	0.883	0.849	0.047	0.279	0.256	0.904	0.927	0.854	0.905	0.871	0.048	0.254	0.048	0.461	0.307	0.257	0.269	0.313	0.039	0.264	0.047	0.429	0.260	0.220	0.215	0.261	0.039	0.249	0.048	0.341	0.220	0.183	0.181	0.206	0.038
45:33:46	25.0	0.207	0.225	0.815	0.835	0.792	0.812	0.702	0.047	0.270	0.236	0.898	0.889	0.867	0.882	0.847	0.047	0.279	0.255	0.903	0.926	0.853	0.903	0.870	0.048	0.255	0.048	0.461	0.308	0.256	0.268	0.313	0.039	0.264	0.047	0.428	0.260	0.431	0.214	0.261	0.039	0.248	0.048	0.339	0.220	0.184	0.181	0.206	0.038
45:49:29	25.1	0.205	0.225	0.813	0.834	0.790	0.810	0.699	0.047	0.272	0.237	0.897	0.888	0.866	0.881	0.846	0.047	0.280	0.255	0.902	0.926	0.852	0.903	0.869	0.048	0.255	0.048	0.460	0.309	0.254	0.269	0.311	0.039	0.264	0.047	0.428	0.261	0.268	0.214	0.261	0.039	0.248	0.048	0.337	0.218	0.183	0.180	0.204	0.038
46:05:11	25.0	0.203	0.224	0.810	0.832	0.788	0.808	0.698	0.047	0.272	0.238	0.896	0.887	0.865	0.880	0.845	0.047	0.280	0.256	0.902	0.925	0.850	0.901	0.868	0.048	0.256	0.048	0.457	0.309	0.253	0.268	0.311	0.039	0.266	0.047	0.424	0.259	0.373	0.212	0.260	0.039	0.248	0.048	0.335	0.218	0.184	0.180	0.204	0.038
46:20:54	25.1	0.201	0.228	0.808	0.830	0.786	0.805	0.693	0.047	0.272	0.237	0.895	0.886	0.864	0.878	0.843	0.047	0.280	0.256	0.900	0.924	0.849	0.900	0.867	0.048	0.255	0.048	0.457	0.311	0.253	0.267	0.311	0.039	0.265	0.047	0.426	0.259	0.388	0.212	0.261	0.039	0.245	0.048	0.334	0.218	0.182	0.180	0.203	0.038
46:36:37	25.1	0.198	0.226	0.806	0.828	0.783	0.801	0.689	0.047	0.272	0.237	0.894	0.885	0.862	0.877	0.841	0.047	0.280	0.257	0.899	0.923	0.848	0.899	0.865	0.048	0.256	0.048	0.458	0.311	0.251	0.267	0.313	0.039	0.264	0.047	0.425	0.258	0.229	0.212	0.262	0.039	0.243	0.048	0.331	0.217	0.182	0.178	0.202	0.038
46:52:20	25.1	0.196	0.227	0.803	0.826	0.781	0.799	0.686	0.047	0.271	0.236	0.893	0.884	0.861	0.876	0.840	0.047	0.280	0.258	0.898	0.922	0.847	0.898	0.864	0.048	0.256	0.048	0.456	0.312	0.251	0.266	0.312	0.039	0.264	0.047	0.425	0.258	0.405	0.212	0.262	0.039	0.241	0.048	0.329	0.216	0.182	0.178	0.202	0.038
47:08:02	25.1	0.194	0.227	0.801	0.824	0.779	0.796	0.682	0.047	0.272	0.237	0.891	0.884	0.860	0.875	0.838	0.047	0.280	0.257	0.897	0.922	0.846	0.897	0.863	0.048	0.256	0.048	0.455	0.311	0.250	0.265	0.312	0.039	0.264	0.047	0.424	0.258	0.230	0.211	0.262	0.039	0.240	0.048	0.328	0.215	0.181	0.178	0.202	0.038
47:23:45	25.0	0.194	0.226	0.798	0.821	0.777	0.794	0.680	0.047	0.271	0.237	0.890	0.883	0.859	0.874	0.836	0.047	0.282	0.257	0.896	0.921	0.845	0.896	0.862	0.048	0.257	0.048	0.454	0.310	0.248	0.265	0.310	0.039	0.265	0.047	0.422	0.257	0.265	0.209	0.262	0.039	0.239	0.048	0.326	0.215	0.180	0.177	0.201	0.038
47:39:28	25.0	0.191	0.224	0.796	0.819	0.775	0.792	0.676	0.047	0.272	0.239	0.889	0.882	0.858	0.872	0.835	0.047	0.283	0.257	0.894	0.920	0.844	0.895	0.860	0.048	0.258	0.048	0.452	0.310	0.247	0.265	0.312	0.039	0.265	0.047	0.420	0.256	0.418	0.209	0.260	0.039	0.240	0.048	0.325	0.214	0.181	0.177	0.200	0.038
47:55:11	25.1	0.191	0.224	0.793	0.817	0.773	0.788	0.672	0.047	0.272	0.238	0.887	0.881	0.856	0.870	0.833	0.047	0.281	0.256	0.894	0.919	0.843	0.894	0.859	0.048	0.258	0.048	0.454	0.309	0.247	0.265	0.312	0.039	0.265	0.047	0.421	0.257	0.238	0.208	0.260	0.039	0.236	0.048	0.323	0.212	0.179	0.175	0.199	0.038
48:10:54	25.0	0.189	0.224	0.791	0.815	0.771	0.787	0.670	0.047	0.272	0.239	0.887	0.879	0.856	0.870	0.832	0.047	0.285	0.258	0.892	0.918	0.842	0.893	0.858	0.048	0.259	0.048	0.452	0.313	0.246	0.264	0.311	0.039	0.267	0.047	0.418	0.254	0.340	0.208	0.258	0.039	0.237	0.048	0.322	0.213	0.180	0.175	0.199	0.038
48:26:36	25.1	0.188	0.223	0.789	0.813	0.769	0.784	0.666	0.047	0.271	0.238	0.886	0.878	0.855	0.869	0.831	0.047	0.284	0.258	0.891	0.918	0.841	0.892	0.857	0.048	0.259	0.048	0.452	0.311	0.245	0.264	0.311	0.039	0.267	0.047	0.418	0.255	0.197	0.207	0.259	0.039	0.235	0.048	0.320	0.213	0.178	0.175	0.197	0.038
48:42:19	25.1	0.186	0.222	0.786	0.810	0.766	0.780	0.663	0.047	0.271	0.237	0.884	0.877	0.853	0.867	0.828	0.047	0.283	0.257	0.890	0.917	0.839	0.890	0.856	0.048	0.259	0.048	0.452	0.312	0.244	0.262	0.312	0.039	0.265	0.047	0.419	0.255	0.344	0.207	0.259	0.039	0.232	0.048	0.318	0.211	0.179	0.173	0.198	0.038
48:58:02	25.1	0.184	0.221	0.783	0.808	0.764	0.779	0.659	0.047	0.272	0.239	0.884	0.877	0.852	0.867	0.826	0.047	0.285	0.259	0.889	0.917	0.838	0.889	0.855	0.048	0.259	0.048	0.451	0.309	0.243	0.262	0.312	0.039	0.265	0.047	0.417	0.253	0.402	0.206	0.258	0.039	0.232	0.048	0.316	0.210	0.177	0.173	0.197	0.038
49:13:44	25.0	0.180	0.220	0.781	0.805	0.762	0.776	0.655	0.047	0.271	0.238	0.883	0.875	0.851	0.864	0.824	0.047	0.284	0.257	0.888	0.915	0.837	0.888	0.853	0.048	0.259	0.048	0.449	0.310	0.241	0.261	0.312	0.039	0.266	0.047	0.418	0.255	0.195	0.206	0.259	0.039	0.230	0.048	0.314	0.208	0.177	0.172	0.197	0.038
49:29:27	25.0	0.178	0.218	0.779	0.803	0.760	0.773	0.652	0.047	0.272	0.238	0.882	0.874	0.850	0.864	0.823	0.047	0.286	0.259	0.887	0.914	0.836	0.887	0.852	0.048	0.260	0.048	0.447	0.306	0.241	0.261	0.312	0.039	0.266	0.047	0.414	0.253	0.197	0.205	0.257	0.039	0.230	0.048	0.313	0.207	0.176	0.172	0.196	0.038
49:45:10	25.1	0.175	0.217	0.775	0.800	0.758	0.771	0.650	0.047	0.273	0.239	0.881	0.873	0.849	0.863	0.822	0.047	0.287	0.259	0.886	0.913	0.835	0.886	0.851	0.048	0.261	0.048	0.448	0.305	0.240	0.260	0.311	0.039	0.266	0.047	0.414	0.252	0.194	0.204	0.257	0.039	0.230	0.048	0.312	0.206	0.175	0.171	0.196	0.038
50:00:53	25.0	0.172	0.217	0.773	0.798	0.756	0.768	0.646	0.047	0.272	0.239	0.879	0.872	0.848	0.862	0.820	0.047	0.287	0.259	0.884	0.912	0.833	0.885	0.850	0.048	0.261	0.048	0.448	0.303	0.239	0.260	0.311	0.039	0.266	0.047	0.414	0.252	0.195	0.204	0.257	0.039	0.227	0.048	0.311	0.206	0.175	0.171	0.195	0.038
50:16:35	25.1	0.170	0.216	0.770	0.794	0.753	0.764	0.642	0.047	0.272	0.239	0.878	0.870	0.847	0.860	0.818	0.047	0.288	0.259	0.883	0.911	0.832	0.884	0.848	0.048	0.262	0.048	0.447	0.303	0.237	0.259	0.312	0.039	0.265	0.047	0.413	0.252	0.193	0.203	0.256	0.039	0.226	0.048	0.310	0.204	0.174	0.169	0.195	0.038
50:32:18	25.1	0.166	0.215	0.766	0.791	0.751	0.761	0.638	0.047	0.272	0.240	0.877	0.869	0.845	0.859	0.816	0.047	0.289	0.259	0.882	0.910	0.831	0.883	0.848	0.048	0.262	0.048	0.446	0.302	0.237	0.259	0.312	0.039	0.266	0.047	0.411	0.251	0.196	0.202	0.255	0.039	0.224	0.048	0.309	0.203	0.173	0.169	0.195	0.038

Results
	1	2	3	4	5	6	7	8
A	0.299	0.248	3.506	3.792	3.767	3.849	4.607	-0.006	Max V [600]
	1.000	1.000	1.000	1.000	1.000	1.000	1.000	1.000	R-Squared [600]
	25:31:48	31:33:10	6:56:20	6:56:20	6:40:37	6:56:20	6:56:20	43:35:55	t at Max V [600]
	16:41:16	19:52:54	5:02:13	5:08:17	4:54:20	4:58:18	4:56:25	43:12:22	Lagtime [600]
B	0.287	0.293	3.446	3.919	3.917	3.938	4.906	-0.013	Max V [600]
	1.000	1.000	1.000	1.000	1.000	1.000	1.000	1.000	R-Squared [600]
	20:33:16	19:46:08	7:12:02	6:56:20	6:24:54	6:40:37	6:56:20	48:50:11	t at Max V [600]
	13:11:24	14:23:36	5:15:20	5:15:04	4:49:45	4:51:45	4:56:25	48:26:36	Lagtime [600]
C	0.318	0.331	3.379	3.907	3.796	4.059	5.122	-0.013	Max V [600]
	1.000	1.000	1.000	1.000	1.000	1.000	1.000	1.000	R-Squared [600]
	20:33:16	18:43:17	6:40:37	6:56:20	6:24:54	6:40:37	6:56:20	26:50:22	t at Max V [600]
	13:36:35	13:05:26	4:52:11	5:09:50	4:52:18	4:50:52	5:05:01	26:42:30	Lagtime [600]
D	0.305	0.006	1.139	1.043	0.968	0.986	1.476	-0.013	Max V [600]
	1.000	1.000	1.000	1.000	1.000	1.000	1.000	1.000	R-Squared [600]
	20:48:59	36:15:58	5:53:29	6:56:20	6:24:54	5:53:29	21:36:07	40:27:22	t at Max V [600]
	15:02:33	36:39:31	3:18:43	4:29:48	3:45:25	3:30:03	19:27:20	40:03:49	Lagtime [600]
E	0.274	0.013	1.133	1.094	17.230	0.962	1.051	0.019	Max V [600]
	1.000	1.000	1.000	1.000	1.000	1.000	1.000	1.000	R-Squared [600]
	20:33:16	2:44:57	5:53:29	6:40:37	27:37:30	5:37:46	5:37:46	13:13:22	t at Max V [600]
	13:39:46	2:52:48	3:20:06	4:19:53	27:21:33	3:08:06	3:16:37	13:15:59	Lagtime [600]
F	0.389	-0.013	1.164	1.018	0.903	1.038	1.050	-0.013	Max V [600]
	1.000	1.000	1.000	1.000	1.000	1.000	1.000	1.000	R-Squared [600]
	21:04:41	32:51:44	5:53:29	6:56:20	6:40:37	5:37:46	5:53:29	18:43:17	t at Max V [600]
	15:50:02	32:51:44	3:25:02	4:32:31	4:06:19	3:28:10	3:37:53	18:19:44	Lagtime [600]

