

Software Version	3.03.14



Experiment File Path:	C:\Users\Public\Documents\Experiments\Task2_48hr_48well_discon_171101_154656.xpt
Protocol File Path:	C:\Users\Public\Documents\Protocols\Task2_48hr_48well_discon.prt



Plate Number	Plate 1
Date	11/1/2017
Time	3:47:13 PM
Reader Type:	Synergy H1
Reader Serial Number:	1706221C
Reading Type	Reader

Procedure Details

Plate Type	Costar 48 well
Discontinuous Kinetics	Runtime 2:00:15 (D:HH:MM), Interval 0:00:15, 194 Reads
Set Temperature	Setpoint 25°C
	Preheat before moving to next step
Read	Absorbance Endpoint
	Full Plate
	Wavelengths:  600
	Read Speed: Normal,  Delay: 100 msec,  Measurements/Data Point: 8
Shake	Linear: 15:00 (MM:SS)
	Frequency: 567 cpm (3 mm)

Layout
	1	2	3	4	5	6	7	8
A	SPL1	SPL7	SPL13	SPL19	SPL25	SPL31	SPL37	SPL43	Well ID
B	SPL2	SPL8	SPL14	SPL20	SPL26	SPL32	SPL38	SPL44	Well ID
C	SPL3	SPL9	SPL15	SPL21	SPL27	SPL33	SPL39	SPL45	Well ID
D	SPL4	SPL10	SPL16	SPL22	SPL28	SPL34	SPL40	SPL46	Well ID
E	SPL5	SPL11	SPL17	SPL23	SPL29	SPL35	SPL41	SPL47	Well ID
F	SPL6	SPL12	SPL18	SPL24	SPL30	SPL36	SPL42	SPL48	Well ID

600

Time	T° 600	A1	A2	A3	A4	A5	A6	A7	A8	B1	B2	B3	B4	B5	B6	B7	B8	C1	C2	C3	C4	C5	C6	C7	C8	D1	D2	D3	D4	D5	D6	D7	D8	E1	E2	E3	E4	E5	E6	E7	E8	F1	F2	F3	F4	F5	F6	F7	F8
0:00:00	25.0	0.046	0.048	0.051	0.051	0.059	0.040	0.040	0.040	0.040	0.040	0.042	0.045	0.045	0.044	0.043	0.039	0.043	0.074	0.063	0.056	0.050	0.043	0.040	0.039	0.047	0.041	0.044	0.045	0.042	0.043	0.044	0.040	0.049	0.064	0.047	0.051	0.049	0.046	0.042	0.039	0.041	0.043	0.048	0.045	0.048	0.045	0.044	0.039
0:15:43	25.0	0.048	0.047	0.049	0.050	0.050	0.047	0.045	0.046	0.048	0.047	0.049	0.049	0.049	0.048	0.047	0.039	0.049	0.048	0.050	0.050	0.050	0.047	0.045	0.045	0.048	0.047	0.048	0.050	0.048	0.049	0.048	0.040	0.048	0.046	0.050	0.051	0.057	0.046	0.045	0.045	0.048	0.047	0.049	0.051	0.048	0.049	0.048	0.039
0:31:26	25.0	0.048	0.047	0.050	0.050	0.053	0.047	0.045	0.046	0.048	0.047	0.049	0.049	0.049	0.049	0.047	0.038	0.049	0.048	0.050	0.050	0.053	0.047	0.044	0.045	0.048	0.047	0.049	0.054	0.048	0.049	0.048	0.040	0.048	0.048	0.049	0.050	0.049	0.045	0.045	0.045	0.052	0.047	0.050	0.051	0.048	0.049	0.048	0.039
0:47:08	25.1	0.049	0.048	0.049	0.050	0.051	0.047	0.045	0.046	0.048	0.047	0.051	0.051	0.049	0.049	0.047	0.038	0.050	0.049	0.050	0.050	0.050	0.047	0.045	0.045	0.047	0.047	0.050	0.051	0.049	0.050	0.048	0.040	0.049	0.047	0.050	0.051	0.053	0.046	0.045	0.045	0.048	0.047	0.051	0.051	0.049	0.050	0.049	0.039
1:02:51	25.0	0.049	0.049	0.049	0.050	0.051	0.047	0.045	0.046	0.048	0.047	0.052	0.052	0.051	0.051	0.049	0.038	0.050	0.050	0.051	0.051	0.050	0.047	0.045	0.045	0.047	0.047	0.051	0.053	0.051	0.052	0.049	0.040	0.049	0.048	0.050	0.051	0.050	0.046	0.045	0.045	0.048	0.047	0.053	0.052	0.050	0.052	0.049	0.039
1:18:33	25.0	0.050	0.049	0.049	0.051	0.053	0.047	0.044	0.046	0.048	0.047	0.055	0.055	0.055	0.055	0.051	0.038	0.051	0.050	0.051	0.051	0.050	0.047	0.045	0.045	0.048	0.047	0.054	0.055	0.055	0.056	0.052	0.040	0.050	0.051	0.051	0.051	0.050	0.046	0.045	0.046	0.048	0.047	0.055	0.054	0.052	0.055	0.051	0.039
1:34:16	25.0	0.050	0.050	0.050	0.063	0.055	0.048	0.045	0.046	0.048	0.047	0.057	0.058	0.059	0.059	0.055	0.038	0.051	0.051	0.051	0.052	0.050	0.047	0.045	0.045	0.048	0.047	0.057	0.058	0.059	0.060	0.056	0.040	0.050	0.049	0.051	0.052	0.050	0.046	0.045	0.046	0.048	0.047	0.058	0.058	0.056	0.059	0.055	0.039
1:49:58	25.0	0.050	0.051	0.050	0.051	0.051	0.048	0.045	0.046	0.049	0.047	0.061	0.061	0.064	0.064	0.060	0.038	0.052	0.052	0.052	0.052	0.051	0.048	0.045	0.046	0.048	0.047	0.060	0.062	0.064	0.065	0.061	0.040	0.051	0.051	0.051	0.053	0.050	0.046	0.045	0.046	0.049	0.047	0.062	0.062	0.061	0.064	0.060	0.039
2:05:41	25.1	0.051	0.052	0.051	0.052	0.051	0.048	0.045	0.047	0.049	0.047	0.064	0.066	0.069	0.069	0.065	0.038	0.052	0.054	0.052	0.053	0.051	0.048	0.045	0.046	0.048	0.047	0.064	0.067	0.069	0.071	0.067	0.040	0.051	0.052	0.052	0.053	0.051	0.047	0.045	0.046	0.049	0.047	0.066	0.069	0.066	0.069	0.066	0.039
2:21:23	25.1	0.051	0.053	0.052	0.053	0.052	0.048	0.045	0.047	0.049	0.047	0.069	0.071	0.075	0.075	0.071	0.038	0.053	0.055	0.053	0.054	0.052	0.048	0.046	0.046	0.048	0.048	0.068	0.072	0.075	0.077	0.072	0.040	0.052	0.053	0.052	0.055	0.051	0.047	0.046	0.046	0.049	0.048	0.071	0.073	0.072	0.075	0.072	0.039
2:37:06	25.1	0.052	0.056	0.053	0.054	0.216	0.049	0.045	0.047	0.049	0.047	0.073	0.077	0.081	0.082	0.078	0.038	0.054	0.058	0.054	0.056	0.053	0.049	0.045	0.046	0.048	0.048	0.073	0.079	0.081	0.084	0.079	0.040	0.053	0.055	0.054	0.056	0.052	0.047	0.046	0.047	0.049	0.048	0.076	0.080	0.078	0.081	0.079	0.039
3:00:32	25.1	0.055	0.059	0.053	0.057	0.063	0.051	0.046	0.047	0.049	0.048	0.082	0.088	0.094	0.095	0.090	0.038	0.059	0.064	0.057	0.059	0.063	0.049	0.046	0.047	0.049	0.048	0.080	0.091	0.094	0.097	0.092	0.042	0.056	0.059	0.055	0.059	0.053	0.047	0.046	0.051	0.050	0.049	0.084	0.093	0.090	0.093	0.090	0.039
3:16:16	25.0	0.055	0.060	0.059	0.058	0.063	0.051	0.046	0.048	0.050	0.048	0.088	0.095	0.100	0.101	0.096	0.038	0.058	0.065	0.057	0.060	0.056	0.049	0.046	0.047	0.049	0.049	0.088	0.099	0.101	0.104	0.098	0.042	0.056	0.061	0.056	0.060	0.062	0.047	0.046	0.051	0.050	0.049	0.091	0.100	0.096	0.101	0.098	0.039
3:31:59	25.1	0.057	0.064	0.058	0.061	0.073	0.051	0.046	0.048	0.050	0.049	0.096	0.104	0.110	0.111	0.105	0.038	0.060	0.068	0.058	0.063	0.057	0.049	0.046	0.048	0.049	0.049	0.095	0.106	0.110	0.114	0.108	0.042	0.059	0.064	0.058	0.063	0.056	0.047	0.046	0.051	0.050	0.049	0.099	0.109	0.105	0.110	0.108	0.039
3:47:42	25.0	0.058	0.067	0.057	0.063	0.066	0.051	0.046	0.048	0.050	0.049	0.105	0.113	0.121	0.122	0.115	0.038	0.062	0.072	0.060	0.065	0.059	0.050	0.046	0.048	0.050	0.049	0.104	0.117	0.122	0.126	0.119	0.042	0.061	0.069	0.060	0.066	0.058	0.048	0.047	0.052	0.050	0.049	0.109	0.120	0.116	0.121	0.119	0.039
4:03:24	25.1	0.059	0.070	0.062	0.066	0.110	0.051	0.046	0.048	0.050	0.049	0.115	0.125	0.134	0.135	0.127	0.038	0.065	0.076	0.062	0.069	0.061	0.050	0.047	0.048	0.050	0.049	0.115	0.129	0.135	0.140	0.131	0.042	0.064	0.072	0.062	0.070	0.060	0.048	0.047	0.052	0.051	0.049	0.119	0.132	0.128	0.134	0.131	0.039
4:19:07	25.1	0.061	0.075	0.062	0.070	0.144	0.052	0.047	0.048	0.051	0.049	0.128	0.139	0.149	0.150	0.142	0.038	0.068	0.082	0.065	0.073	0.064	0.050	0.047	0.048	0.050	0.050	0.128	0.144	0.151	0.156	0.145	0.042	0.067	0.078	0.064	0.074	0.073	0.048	0.047	0.052	0.051	0.050	0.133	0.147	0.142	0.149	0.146	0.039
4:34:49	25.1	0.065	0.081	0.065	0.074	0.077	0.052	0.047	0.049	0.051	0.050	0.143	0.156	0.168	0.169	0.159	0.038	0.072	0.089	0.069	0.079	0.095	0.051	0.047	0.049	0.050	0.050	0.144	0.162	0.170	0.174	0.163	0.042	0.071	0.084	0.068	0.080	0.066	0.048	0.047	0.053	0.051	0.050	0.149	0.165	0.160	0.167	0.164	0.039
4:50:32	25.1	0.066	0.084	0.066	0.077	0.078	0.052	0.047	0.049	0.051	0.050	0.161	0.175	0.188	0.188	0.179	0.038	0.075	0.099	0.072	0.085	0.070	0.051	0.047	0.049	0.051	0.050	0.163	0.183	0.190	0.195	0.183	0.042	0.074	0.091	0.071	0.086	0.069	0.048	0.047	0.053	0.051	0.050	0.169	0.189	0.180	0.186	0.184	0.039
5:06:14	25.1	0.070	0.090	0.087	0.084	0.087	0.053	0.047	0.049	0.051	0.050	0.185	0.201	0.214	0.212	0.202	0.038	0.082	0.109	0.076	0.093	0.075	0.051	0.047	0.049	0.051	0.050	0.188	0.211	0.218	0.222	0.208	0.042	0.080	0.099	0.076	0.093	0.073	0.049	0.048	0.053	0.051	0.051	0.194	0.216	0.205	0.211	0.209	0.039
5:21:57	25.0	0.075	0.098	0.074	0.098	0.089	0.053	0.047	0.049	0.052	0.050	0.215	0.233	0.246	0.244	0.231	0.038	0.088	0.118	0.081	0.101	0.094	0.051	0.048	0.050	0.052	0.051	0.221	0.245	0.251	0.256	0.239	0.042	0.087	0.111	0.081	0.102	0.077	0.049	0.048	0.053	0.052	0.051	0.226	0.250	0.237	0.243	0.240	0.039
5:37:40	25.0	0.081	0.108	0.079	0.100	0.095	0.053	0.047	0.050	0.052	0.051	0.251	0.268	0.281	0.278	0.264	0.038	0.095	0.133	0.088	0.112	0.088	0.052	0.048	0.050	0.052	0.051	0.259	0.281	0.287	0.291	0.272	0.042	0.094	0.123	0.087	0.113	0.201	0.049	0.048	0.054	0.052	0.051	0.262	0.286	0.269	0.277	0.274	0.039
5:53:22	25.1	0.089	0.124	0.087	0.114	0.105	0.053	0.048	0.050	0.053	0.051	0.292	0.307	0.320	0.317	0.300	0.038	0.106	0.149	0.096	0.126	0.097	0.052	0.048	0.050	0.052	0.051	0.300	0.323	0.327	0.332	0.310	0.042	0.104	0.138	0.095	0.125	0.099	0.049	0.048	0.054	0.053	0.052	0.302	0.327	0.307	0.314	0.311	0.039
6:09:05	25.1	0.102	0.141	0.095	0.132	0.141	0.054	0.048	0.050	0.053	0.051	0.335	0.349	0.361	0.358	0.341	0.038	0.118	0.167	0.106	0.140	0.113	0.052	0.048	0.050	0.053	0.052	0.344	0.367	0.370	0.374	0.351	0.042	0.117	0.168	0.105	0.140	0.103	0.050	0.049	0.055	0.053	0.052	0.345	0.371	0.347	0.354	0.351	0.039
6:24:47	25.1	0.108	0.158	0.103	0.135	0.171	0.054	0.048	0.051	0.053	0.052	0.383	0.396	0.408	0.402	0.383	0.038	0.131	0.192	0.118	0.154	0.120	0.053	0.049	0.051	0.053	0.052	0.392	0.416	0.418	0.422	0.395	0.042	0.129	0.175	0.115	0.154	0.115	0.050	0.049	0.055	0.054	0.052	0.393	0.419	0.391	0.399	0.395	0.039
6:40:30	25.0	0.124	0.177	0.115	0.150	0.144	0.054	0.048	0.051	0.054	0.052	0.435	0.447	0.459	0.453	0.431	0.038	0.148	0.209	0.132	0.171	0.134	0.053	0.049	0.051	0.053	0.052	0.447	0.472	0.471	0.474	0.444	0.042	0.145	0.196	0.127	0.172	0.136	0.050	0.049	0.055	0.054	0.052	0.444	0.473	0.441	0.449	0.444	0.039
6:56:12	25.1	0.133	0.201	0.140	0.168	0.385	0.055	0.049	0.052	0.054	0.052	0.494	0.504	0.515	0.507	0.484	0.038	0.166	0.234	0.148	0.188	0.150	0.053	0.049	0.051	0.054	0.053	0.506	0.535	0.528	0.528	0.498	0.042	0.163	0.220	0.142	0.188	0.142	0.051	0.049	0.056	0.055	0.053	0.501	0.524	0.493	0.502	0.496	0.039
7:11:55	25.1	0.149	0.228	0.146	0.187	0.271	0.055	0.049	0.052	0.054	0.052	0.549	0.555	0.563	0.555	0.533	0.038	0.185	0.261	0.164	0.207	0.170	0.053	0.049	0.052	0.054	0.053	0.559	0.579	0.575	0.574	0.543	0.042	0.182	0.249	0.160	0.207	0.159	0.051	0.050	0.056	0.055	0.053	0.547	0.571	0.538	0.547	0.542	0.039
7:27:37	25.1	0.166	0.251	0.166	0.203	0.359	0.055	0.049	0.053	0.055	0.053	0.597	0.603	0.610	0.599	0.578	0.038	0.202	0.282	0.179	0.227	0.185	0.054	0.050	0.052	0.055	0.053	0.606	0.625	0.624	0.620	0.587	0.042	0.199	0.273	0.177	0.227	0.176	0.051	0.050	0.056	0.056	0.053	0.592	0.614	0.582	0.590	0.587	0.039
7:43:20	25.1	0.177	0.274	0.169	0.217	0.212	0.056	0.049	0.053	0.056	0.053	0.645	0.646	0.654	0.641	0.619	0.038	0.222	0.294	0.196	0.242	0.201	0.054	0.050	0.053	0.055	0.054	0.654	0.662	0.668	0.662	0.630	0.042	0.219	0.296	0.191	0.241	0.207	0.051	0.050	0.057	0.056	0.054	0.635	0.650	0.624	0.631	0.628	0.039
7:59:03	25.1	0.194	0.299	0.186	0.234	0.292	0.056	0.050	0.053	0.056	0.054	0.682	0.678	0.689	0.674	0.659	0.038	0.244	0.298	0.215	0.256	0.221	0.055	0.050	0.053	0.056	0.054	0.688	0.693	0.699	0.692	0.664	0.042	0.239	0.309	0.210	0.254	0.210	0.051	0.051	0.057	0.057	0.054	0.667	0.678	0.657	0.665	0.665	0.039
8:14:45	25.1	0.212	0.293	0.209	0.249	0.358	0.057	0.050	0.054	0.057	0.054	0.711	0.705	0.719	0.702	0.689	0.038	0.263	0.299	0.234	0.268	0.245	0.055	0.050	0.054	0.056	0.055	0.715	0.718	0.730	0.718	0.693	0.042	0.260	0.315	0.230	0.267	0.228	0.052	0.051	0.058	0.057	0.055	0.694	0.701	0.685	0.694	0.696	0.039
8:30:28	25.1	0.230	0.296	0.221	0.287	0.242	0.057	0.050	0.054	0.058	0.054	0.736	0.730	0.744	0.726	0.717	0.038	0.282	0.302	0.251	0.274	0.252	0.056	0.051	0.054	0.057	0.055	0.738	0.743	0.754	0.741	0.718	0.042	0.279	0.316	0.246	0.273	0.243	0.052	0.051	0.058	0.058	0.055	0.714	0.722	0.708	0.717	0.721	0.039
8:46:10	25.1	0.246	0.299	0.236	0.268	0.415	0.058	0.050	0.055	0.058	0.055	0.755	0.746	0.764	0.745	0.739	0.038	0.296	0.308	0.268	0.276	0.264	0.056	0.051	0.054	0.058	0.055	0.757	0.754	0.772	0.760	0.740	0.042	0.293	0.318	0.259	0.275	0.255	0.053	0.051	0.059	0.059	0.055	0.732	0.739	0.727	0.736	0.741	0.039
9:01:53	25.1	0.259	0.301	0.250	0.272	0.242	0.058	0.051	0.055	0.059	0.054	0.773	0.761	0.780	0.761	0.757	0.038	0.299	0.312	0.275	0.276	0.275	0.057	0.051	0.055	0.059	0.056	0.771	0.767	0.787	0.775	0.755	0.042	0.300	0.322	0.272	0.274	0.261	0.053	0.052	0.059	0.059	0.056	0.748	0.753	0.742	0.754	0.760	0.039
9:17:35	25.1	0.267	0.305	0.258	0.273	0.251	0.058	0.051	0.056	0.060	0.055	0.786	0.773	0.794	0.775	0.772	0.038	0.298	0.318	0.279	0.275	0.269	0.057	0.052	0.056	0.059	0.056	0.783	0.778	0.801	0.789	0.770	0.042	0.299	0.327	0.277	0.273	0.261	0.053	0.052	0.059	0.060	0.056	0.760	0.763	0.758	0.770	0.775	0.039
9:33:18	25.1	0.269	0.308	0.261	0.274	0.481	0.059	0.051	0.056	0.060	0.056	0.798	0.781	0.807	0.787	0.786	0.038	0.296	0.322	0.280	0.278	0.263	0.057	0.052	0.056	0.060	0.056	0.793	0.787	0.811	0.801	0.783	0.042	0.295	0.332	0.277	0.273	0.257	0.054	0.052	0.060	0.061	0.057	0.769	0.771	0.767	0.782	0.790	0.039
9:49:00	25.1	0.268	0.311	0.261	0.274	0.324	0.059	0.052	0.057	0.061	0.056	0.809	0.793	0.816	0.799	0.796	0.038	0.295	0.326	0.280	0.276	0.259	0.058	0.052	0.057	0.061	0.057	0.802	0.796	0.820	0.812	0.793	0.042	0.294	0.334	0.279	0.275	0.256	0.054	0.052	0.060	0.061	0.057	0.780	0.782	0.778	0.792	0.802	0.039
10:04:43	25.1	0.269	0.315	0.263	0.277	0.347	0.059	0.052	0.057	0.062	0.057	0.817	0.800	0.825	0.806	0.807	0.038	0.298	0.331	0.280	0.278	0.258	0.058	0.052	0.057	0.062	0.058	0.812	0.804	0.830	0.818	0.804	0.042	0.294	0.338	0.279	0.277	0.254	0.054	0.053	0.061	0.062	0.057	0.787	0.788	0.786	0.803	0.810	0.039
10:20:26	25.1	0.269	0.318	0.264	0.280	0.291	0.060	0.052	0.057	0.063	0.057	0.825	0.808	0.833	0.815	0.816	0.038	0.296	0.332	0.281	0.283	0.258	0.059	0.053	0.058	0.062	0.058	0.820	0.812	0.837	0.826	0.811	0.042	0.295	0.341	0.280	0.281	0.253	0.055	0.053	0.061	0.063	0.058	0.797	0.797	0.795	0.811	0.818	0.039
10:36:08	25.1	0.272	0.321	0.266	0.282	0.248	0.060	0.053	0.058	0.063	0.058	0.835	0.818	0.843	0.824	0.824	0.038	0.298	0.335	0.284	0.287	0.260	0.059	0.053	0.058	0.063	0.058	0.830	0.821	0.846	0.835	0.819	0.042	0.297	0.344	0.282	0.285	0.255	0.055	0.053	0.062	0.064	0.058	0.803	0.805	0.801	0.820	0.827	0.039
10:51:51	25.1	0.273	0.323	0.268	0.287	0.685	0.061	0.053	0.059	0.064	0.058	0.840	0.823	0.849	0.832	0.831	0.038	0.300	0.338	0.287	0.291	0.263	0.060	0.053	0.059	0.064	0.059	0.837	0.829	0.854	0.843	0.825	0.042	0.299	0.346	0.284	0.291	0.256	0.056	0.054	0.062	0.065	0.059	0.809	0.813	0.810	0.828	0.835	0.039
11:07:33	25.1	0.275	0.324	0.270	0.292	0.440	0.061	0.053	0.059	0.065	0.059	0.853	0.833	0.858	0.837	0.839	0.038	0.303	0.340	0.290	0.297	0.262	0.060	0.054	0.059	0.065	0.059	0.847	0.837	0.861	0.848	0.833	0.042	0.301	0.349	0.287	0.295	0.257	0.056	0.054	0.063	0.066	0.059	0.821	0.821	0.817	0.833	0.841	0.039
11:23:16	25.1	0.277	0.325	0.273	0.305	0.425	0.062	0.053	0.060	0.066	0.059	0.863	0.843	0.866	0.845	0.848	0.038	0.305	0.342	0.292	0.304	0.262	0.061	0.054	0.060	0.066	0.060	0.857	0.848	0.871	0.857	0.842	0.042	0.303	0.349	0.289	0.302	0.258	0.056	0.055	0.064	0.067	0.060	0.828	0.830	0.825	0.840	0.851	0.039
11:38:58	25.0	0.279	0.327	0.276	0.305	0.360	0.062	0.054	0.060	0.067	0.060	0.869	0.851	0.877	0.853	0.860	0.038	0.307	0.344	0.296	0.310	0.265	0.061	0.054	0.061	0.068	0.060	0.869	0.859	0.881	0.865	0.854	0.042	0.304	0.351	0.291	0.307	0.259	0.057	0.055	0.064	0.068	0.061	0.839	0.842	0.835	0.848	0.862	0.039
11:54:41	25.1	0.281	0.329	0.278	0.309	0.576	0.063	0.054	0.061	0.068	0.060	0.882	0.862	0.888	0.863	0.870	0.038	0.310	0.345	0.298	0.317	0.267	0.062	0.055	0.061	0.069	0.061	0.882	0.875	0.894	0.875	0.866	0.042	0.308	0.353	0.295	0.314	0.261	0.057	0.055	0.065	0.069	0.061	0.853	0.857	0.851	0.857	0.875	0.039
12:10:24	25.1	0.283	0.330	0.280	0.346	0.275	0.063	0.055	0.061	0.069	0.061	0.896	0.879	0.903	0.873	0.883	0.038	0.313	0.346	0.301	0.322	0.268	0.063	0.055	0.062	0.070	0.061	0.900	0.892	0.910	0.886	0.882	0.042	0.311	0.354	0.297	0.319	0.264	0.057	0.056	0.065	0.070	0.061	0.875	0.874	0.860	0.870	0.891	0.039
12:26:06	25.1	0.286	0.331	0.284	0.320	0.690	0.064	0.055	0.062	0.071	0.061	0.923	0.900	0.920	0.888	0.903	0.038	0.315	0.348	0.303	0.327	0.272	0.063	0.056	0.062	0.071	0.062	0.930	0.921	0.924	0.903	0.897	0.042	0.314	0.355	0.299	0.325	0.265	0.058	0.056	0.066	0.072	0.062	0.897	0.910	0.878	0.883	0.906	0.039
12:41:49	25.1	0.288	0.332	0.286	0.338	0.276	0.065	0.055	0.063	0.072	0.061	0.955	0.933	0.944	0.907	0.925	0.038	0.318	0.351	0.305	0.331	0.275	0.064	0.056	0.063	0.072	0.063	0.961	0.947	0.947	0.919	0.919	0.042	0.317	0.357	0.303	0.329	0.270	0.059	0.057	0.067	0.073	0.063	0.940	0.939	0.902	0.899	0.929	0.039
12:57:31	25.1	0.289	0.333	0.289	0.330	0.331	0.066	0.056	0.063	0.073	0.062	0.987	0.963	0.971	0.930	0.952	0.038	0.321	0.351	0.307	0.336	0.277	0.065	0.057	0.064	0.074	0.064	0.992	0.978	0.975	0.941	0.947	0.042	0.319	0.358	0.305	0.334	0.273	0.059	0.057	0.067	0.074	0.063	0.966	0.965	0.929	0.921	0.959	0.039
13:13:14	25.1	0.291	0.334	0.291	0.339	0.276	0.066	0.056	0.064	0.074	0.063	1.014	0.989	0.994	0.957	0.975	0.038	0.324	0.353	0.310	0.341	0.281	0.065	0.057	0.064	0.075	0.064	1.017	1.002	0.998	0.969	0.969	0.042	0.321	0.359	0.307	0.337	0.275	0.059	0.057	0.068	0.075	0.064	0.989	0.986	0.948	0.950	0.980	0.039
13:28:56	25.1	0.293	0.336	0.293	0.339	0.288	0.067	0.056	0.064	0.076	0.064	1.036	1.010	1.015	0.978	0.997	0.038	0.325	0.354	0.311	0.341	0.284	0.066	0.057	0.065	0.076	0.065	1.034	1.021	1.019	0.992	0.988	0.042	0.323	0.360	0.309	0.340	0.280	0.060	0.058	0.064	0.076	0.064	1.003	1.000	0.971	0.971	0.999	0.039
13:44:39	25.0	0.296	0.336	0.295	0.364	0.696	0.067	0.056	0.065	0.077	0.064	1.048	1.024	1.032	0.999	1.012	0.038	0.327	0.355	0.313	0.347	0.285	0.067	0.058	0.066	0.078	0.065	1.045	1.031	1.033	1.008	1.001	0.042	0.326	0.362	0.310	0.343	0.282	0.060	0.058	0.065	0.078	0.065	1.013	1.011	0.985	0.989	1.011	0.039
14:00:22	25.1	0.295	0.338	0.298	0.348	0.282	0.068	0.057	0.066	0.079	0.065	1.057	1.035	1.042	1.013	1.023	0.038	0.329	0.358	0.316	0.348	0.288	0.067	0.058	0.066	0.080	0.067	1.053	1.041	1.043	1.020	1.010	0.042	0.327	0.362	0.311	0.347	0.285	0.061	0.059	0.065	0.079	0.066	1.021	1.021	0.993	1.002	1.019	0.039
14:16:04	25.1	0.297	0.339	0.298	0.348	0.518	0.069	0.058	0.066	0.080	0.066	1.066	1.044	1.051	1.022	1.032	0.038	0.330	0.360	0.317	0.352	0.290	0.068	0.059	0.068	0.081	0.067	1.061	1.051	1.051	1.029	1.018	0.042	0.329	0.363	0.315	0.350	0.288	0.062	0.059	0.066	0.081	0.066	1.030	1.032	1.001	1.009	1.027	0.039
14:31:47	25.1	0.297	0.339	0.301	0.355	0.292	0.069	0.058	0.067	0.082	0.066	1.074	1.054	1.058	1.029	1.039	0.038	0.332	0.361	0.318	0.353	0.292	0.069	0.059	0.068	0.083	0.068	1.070	1.062	1.058	1.036	1.025	0.042	0.330	0.365	0.315	0.352	0.289	0.062	0.059	0.066	0.082	0.067	1.040	1.044	1.009	1.016	1.034	0.039
14:47:29	25.1	0.299	0.341	0.302	0.353	0.345	0.070	0.059	0.067	0.083	0.067	1.084	1.065	1.068	1.037	1.048	0.038	0.333	0.361	0.321	0.355	0.294	0.070	0.059	0.069	0.084	0.069	1.078	1.070	1.067	1.044	1.034	0.042	0.332	0.367	0.317	0.354	0.291	0.063	0.060	0.067	0.084	0.068	1.051	1.053	1.018	1.024	1.045	0.039
15:03:12	25.1	0.300	0.342	0.305	0.376	0.477	0.072	0.059	0.068	0.085	0.068	1.094	1.075	1.078	1.045	1.057	0.038	0.335	0.364	0.323	0.357	0.296	0.071	0.060	0.070	0.086	0.069	1.089	1.080	1.077	1.051	1.043	0.042	0.333	0.370	0.319	0.356	0.293	0.063	0.060	0.067	0.086	0.069	1.062	1.065	1.029	1.032	1.055	0.039
15:18:54	25.1	0.301	0.343	0.305	0.358	0.324	0.072	0.060	0.069	0.086	0.069	1.104	1.085	1.089	1.053	1.068	0.038	0.336	0.365	0.325	0.361	0.297	0.072	0.061	0.071	0.088	0.070	1.098	1.091	1.088	1.060	1.052	0.042	0.334	0.370	0.321	0.358	0.295	0.064	0.061	0.069	0.087	0.070	1.073	1.075	1.040	1.042	1.066	0.039
15:34:37	25.1	0.302	0.344	0.307	0.361	0.316	0.073	0.060	0.070	0.088	0.070	1.115	1.095	1.100	1.063	1.079	0.038	0.339	0.366	0.325	0.363	0.299	0.073	0.061	0.072	0.091	0.072	1.109	1.100	1.098	1.069	1.063	0.042	0.335	0.371	0.323	0.361	0.297	0.065	0.062	0.069	0.089	0.071	1.085	1.088	1.053	1.054	1.079	0.039
15:50:20	25.1	0.302	0.344	0.309	0.363	0.290	0.073	0.060	0.070	0.090	0.070	1.126	1.107	1.111	1.072	1.090	0.038	0.339	0.368	0.328	0.366	0.300	0.074	0.061	0.073	0.092	0.072	1.120	1.111	1.110	1.078	1.073	0.042	0.338	0.374	0.325	0.363	0.298	0.065	0.062	0.070	0.091	0.072	1.096	1.099	1.064	1.063	1.090	0.039
16:06:02	25.1	0.303	0.346	0.310	0.365	0.569	0.075	0.061	0.071	0.092	0.071	1.139	1.118	1.124	1.082	1.101	0.038	0.340	0.370	0.329	0.368	0.301	0.074	0.062	0.074	0.095	0.074	1.133	1.122	1.122	1.087	1.085	0.042	0.338	0.375	0.326	0.367	0.300	0.067	0.064	0.071	0.093	0.072	1.108	1.111	1.076	1.073	1.102	0.039
16:21:45	25.1	0.303	0.347	0.311	0.392	0.363	0.075	0.062	0.072	0.094	0.072	1.154	1.132	1.136	1.091	1.113	0.038	0.342	0.371	0.331	0.370	0.303	0.076	0.063	0.075	0.097	0.075	1.147	1.137	1.134	1.097	1.095	0.042	0.339	0.376	0.329	0.367	0.306	0.067	0.064	0.071	0.095	0.073	1.117	1.125	1.088	1.082	1.113	0.039
16:37:27	25.1	0.304	0.348	0.312	0.371	0.295	0.076	0.063	0.072	0.097	0.073	1.160	1.144	1.147	1.100	1.123	0.038	0.344	0.373	0.332	0.372	0.305	0.077	0.064	0.076	0.100	0.076	1.150	1.144	1.146	1.105	1.106	0.042	0.341	0.377	0.330	0.370	0.303	0.068	0.065	0.073	0.097	0.074	1.119	1.127	1.100	1.092	1.125	0.039
16:53:10	25.1	0.306	0.349	0.313	0.372	0.369	0.077	0.064	0.073	0.098	0.073	1.158	1.147	1.160	1.109	1.133	0.038	0.345	0.375	0.334	0.375	0.306	0.078	0.064	0.076	0.101	0.077	1.148	1.145	1.159	1.113	1.116	0.042	0.343	0.380	0.331	0.373	0.305	0.069	0.065	0.073	0.099	0.075	1.117	1.126	1.112	1.101	1.136	0.039
17:08:53	25.1	0.305	0.350	0.315	0.396	0.295	0.078	0.064	0.074	0.101	0.074	1.155	1.144	1.172	1.117	1.144	0.038	0.345	0.376	0.336	0.377	0.308	0.079	0.065	0.078	0.104	0.078	1.144	1.142	1.171	1.122	1.126	0.042	0.343	0.380	0.334	0.375	0.307	0.069	0.066	0.074	0.101	0.076	1.086	1.122	1.124	1.109	1.146	0.039
17:24:35	25.1	0.308	0.351	0.316	0.377	0.326	0.080	0.065	0.076	0.104	0.075	1.150	1.140	1.176	1.125	1.153	0.038	0.346	0.377	0.340	0.380	0.311	0.080	0.065	0.079	0.107	0.080	1.139	1.137	1.175	1.129	1.136	0.042	0.345	0.382	0.335	0.377	0.309	0.071	0.067	0.075	0.103	0.077	1.110	1.118	1.128	1.117	1.157	0.039
17:40:18	25.1	0.308	0.352	0.317	0.379	0.305	0.081	0.065	0.077	0.105	0.075	1.145	1.136	1.174	1.134	1.161	0.038	0.349	0.380	0.341	0.383	0.312	0.082	0.067	0.080	0.109	0.080	1.135	1.134	1.173	1.139	1.144	0.042	0.346	0.384	0.337	0.382	0.319	0.071	0.067	0.076	0.106	0.078	1.110	1.114	1.125	1.126	1.163	0.039
17:56:00	25.1	0.309	0.353	0.319	0.394	0.504	0.082	0.066	0.077	0.108	0.076	1.140	1.132	1.167	1.141	1.161	0.038	0.350	0.379	0.343	0.386	0.315	0.083	0.067	0.081	0.111	0.082	1.130	1.129	1.167	1.148	1.144	0.042	0.348	0.385	0.340	0.384	0.313	0.072	0.068	0.077	0.108	0.079	1.107	1.109	1.121	1.134	1.162	0.039
18:11:43	25.1	0.309	0.354	0.321	0.406	0.479	0.082	0.066	0.078	0.111	0.078	1.136	1.127	1.162	1.150	1.157	0.038	0.352	0.381	0.346	0.388	0.317	0.084	0.068	0.084	0.114	0.084	1.126	1.126	1.162	1.158	1.141	0.042	0.350	0.386	0.343	0.385	0.316	0.073	0.069	0.078	0.110	0.080	1.102	1.105	1.115	1.144	1.158	0.038
18:27:26	25.1	0.310	0.354	0.323	0.387	0.566	0.084	0.067	0.081	0.113	0.079	1.131	1.123	1.155	1.158	1.152	0.038	0.353	0.383	0.349	0.395	0.324	0.085	0.069	0.084	0.117	0.085	1.122	1.122	1.155	1.163	1.135	0.042	0.351	0.389	0.346	0.390	0.320	0.074	0.070	0.079	0.113	0.082	1.098	1.101	1.109	1.151	1.154	0.039
18:43:08	25.1	0.311	0.355	0.325	0.391	0.609	0.086	0.067	0.081	0.116	0.079	1.127	1.119	1.150	1.159	1.147	0.038	0.354	0.383	0.351	0.395	0.324	0.087	0.070	0.086	0.119	0.086	1.119	1.118	1.149	1.163	1.130	0.042	0.353	0.389	0.348	0.394	0.322	0.075	0.071	0.080	0.115	0.084	1.094	1.096	1.103	1.152	1.148	0.039
18:58:51	25.1	0.311	0.355	0.326	0.464	0.348	0.087	0.068	0.083	0.117	0.080	1.123	1.115	1.144	1.158	1.141	0.038	0.357	0.386	0.354	0.399	0.328	0.088	0.070	0.087	0.122	0.088	1.114	1.115	1.144	1.161	1.125	0.042	0.354	0.390	0.350	0.398	0.326	0.076	0.072	0.081	0.117	0.085	1.090	1.093	1.097	1.151	1.143	0.039
19:14:33	25.0	0.312	0.356	0.327	0.397	0.448	0.088	0.069	0.084	0.121	0.082	1.120	1.112	1.138	1.156	1.137	0.038	0.359	0.387	0.355	0.403	0.331	0.090	0.071	0.088	0.125	0.090	1.111	1.111	1.139	1.158	1.119	0.042	0.357	0.392	0.353	0.402	0.329	0.077	0.073	0.083	0.119	0.086	1.087	1.090	1.092	1.150	1.138	0.039
19:30:16	25.1	0.313	0.357	0.329	0.401	0.345	0.089	0.070	0.085	0.123	0.083	1.117	1.109	1.134	1.152	1.132	0.038	0.360	0.388	0.359	0.405	0.334	0.091	0.072	0.089	0.128	0.091	1.108	1.109	1.133	1.154	1.114	0.042	0.357	0.393	0.355	0.405	0.331	0.078	0.073	0.084	0.122	0.088	1.085	1.087	1.087	1.147	1.133	0.039
19:45:59	25.0	0.313	0.357	0.331	0.405	0.397	0.091	0.071	0.086	0.126	0.084	1.114	1.105	1.129	1.140	1.127	0.038	0.360	0.389	0.362	0.412	0.338	0.093	0.073	0.092	0.132	0.093	1.105	1.106	1.129	1.150	1.109	0.042	0.360	0.395	0.358	0.408	0.344	0.079	0.074	0.086	0.124	0.090	1.083	1.084	1.083	1.143	1.128	0.039
20:01:41	25.1	0.313	0.358	0.333	0.406	0.348	0.092	0.071	0.087	0.129	0.085	1.111	1.102	1.124	1.146	1.122	0.038	0.363	0.389	0.365	0.417	0.341	0.095	0.074	0.093	0.134	0.095	1.102	1.102	1.124	1.146	1.102	0.042	0.360	0.395	0.361	0.413	0.337	0.080	0.075	0.087	0.126	0.091	1.081	1.080	1.077	1.139	1.123	0.038
20:17:24	25.0	0.313	0.358	0.335	0.412	0.306	0.094	0.072	0.089	0.132	0.087	1.108	1.099	1.120	1.143	1.117	0.038	0.364	0.392	0.368	0.419	0.344	0.096	0.075	0.095	0.137	0.097	1.100	1.099	1.119	1.141	1.101	0.042	0.362	0.396	0.364	0.418	0.341	0.081	0.076	0.089	0.129	0.092	1.078	1.077	1.073	1.135	1.118	0.039
20:33:06	25.1	0.312	0.359	0.336	0.415	0.312	0.095	0.073	0.090	0.134	0.089	1.105	1.096	1.115	1.140	1.113	0.038	0.365	0.393	0.371	0.423	0.347	0.098	0.076	0.098	0.140	0.099	1.097	1.097	1.115	1.137	1.098	0.042	0.363	0.397	0.367	0.423	0.344	0.083	0.077	0.090	0.131	0.094	1.075	1.074	1.069	1.129	1.113	0.039
20:48:49	25.1	0.312	0.358	0.339	0.418	0.374	0.096	0.074	0.090	0.137	0.090	1.102	1.093	1.110	1.136	1.108	0.038	0.367	0.392	0.372	0.429	0.350	0.100	0.077	0.099	0.143	0.101	1.094	1.094	1.110	1.132	1.094	0.042	0.364	0.398	0.370	0.426	0.348	0.084	0.079	0.092	0.133	0.096	1.072	1.071	1.064	1.122	1.108	0.038
21:04:32	25.1	0.313	0.361	0.341	0.421	0.397	0.098	0.074	0.092	0.139	0.091	1.100	1.089	1.105	1.132	1.104	0.038	0.367	0.394	0.375	0.433	0.354	0.102	0.078	0.102	0.146	0.103	1.092	1.090	1.106	1.127	1.090	0.042	0.365	0.399	0.372	0.430	0.350	0.086	0.079	0.094	0.136	0.097	1.068	1.067	1.060	1.119	1.105	0.039
21:20:14	25.1	0.310	0.360	0.342	0.427	0.467	0.099	0.076	0.094	0.142	0.092	1.098	1.086	1.102	1.129	1.100	0.038	0.368	0.395	0.377	0.436	0.356	0.104	0.079	0.103	0.149	0.105	1.091	1.088	1.102	1.124	1.087	0.042	0.366	0.399	0.374	0.434	0.355	0.087	0.080	0.095	0.138	0.099	1.065	1.064	1.056	1.115	1.100	0.038
21:35:57	25.1	0.310	0.360	0.343	0.429	0.641	0.102	0.077	0.095	0.145	0.094	1.096	1.083	1.098	1.125	1.096	0.038	0.370	0.396	0.381	0.440	0.360	0.106	0.081	0.105	0.153	0.107	1.089	1.086	1.098	1.120	1.083	0.042	0.367	0.400	0.377	0.437	0.356	0.088	0.082	0.097	0.141	0.102	1.062	1.061	1.052	1.110	1.095	0.039
21:51:39	25.1	0.308	0.360	0.345	0.432	0.643	0.104	0.077	0.096	0.148	0.096	1.093	1.081	1.094	1.122	1.092	0.038	0.370	0.395	0.383	0.444	0.363	0.108	0.082	0.107	0.155	0.109	1.087	1.083	1.094	1.117	1.079	0.042	0.368	0.400	0.379	0.439	0.359	0.089	0.083	0.098	0.144	0.104	1.059	1.058	1.048	1.107	1.092	0.038
22:07:22	25.1	0.308	0.360	0.346	0.434	0.353	0.106	0.079	0.098	0.150	0.098	1.090	1.078	1.090	1.119	1.088	0.038	0.371	0.396	0.384	0.446	0.365	0.109	0.082	0.108	0.159	0.112	1.084	1.081	1.090	1.114	1.076	0.042	0.369	0.402	0.383	0.444	0.374	0.092	0.084	0.101	0.146	0.106	1.057	1.055	1.044	1.103	1.088	0.039
22:23:05	25.1	0.306	0.361	0.348	0.438	0.324	0.107	0.079	0.100	0.153	0.099	1.088	1.075	1.087	1.117	1.085	0.038	0.373	0.396	0.388	0.449	0.367	0.112	0.084	0.113	0.163	0.114	1.082	1.079	1.086	1.110	1.073	0.042	0.371	0.402	0.385	0.445	0.364	0.093	0.085	0.103	0.149	0.107	1.054	1.051	1.040	1.100	1.084	0.038
22:38:47	25.1	0.306	0.360	0.350	0.440	0.468	0.108	0.080	0.102	0.156	0.101	1.085	1.072	1.083	1.113	1.081	0.038	0.374	0.397	0.390	0.449	0.370	0.114	0.085	0.115	0.165	0.117	1.079	1.076	1.083	1.107	1.069	0.042	0.371	0.402	0.388	0.448	0.367	0.094	0.086	0.105	0.152	0.109	1.050	1.049	1.037	1.097	1.080	0.038
22:54:30	25.1	0.304	0.359	0.350	0.440	0.524	0.110	0.082	0.103	0.159	0.103	1.083	1.069	1.080	1.110	1.078	0.038	0.375	0.398	0.392	0.452	0.374	0.117	0.086	0.118	0.169	0.120	1.077	1.076	1.080	1.104	1.066	0.042	0.372	0.403	0.390	0.449	0.418	0.096	0.088	0.107	0.154	0.111	1.048	1.046	1.033	1.093	1.077	0.038
23:10:12	25.1	0.303	0.359	0.352	0.444	0.342	0.112	0.083	0.105	0.162	0.104	1.080	1.066	1.077	1.107	1.074	0.038	0.375	0.399	0.394	0.452	0.376	0.119	0.087	0.120	0.172	0.121	1.075	1.071	1.077	1.101	1.063	0.042	0.373	0.402	0.392	0.451	0.422	0.098	0.089	0.109	0.156	0.114	1.045	1.043	1.030	1.089	1.073	0.039
23:25:55	25.0	0.301	0.360	0.353	0.455	0.336	0.114	0.084	0.107	0.165	0.106	1.078	1.064	1.074	1.104	1.071	0.038	0.377	0.399	0.397	0.453	0.378	0.121	0.088	0.122	0.173	0.125	1.072	1.069	1.074	1.098	1.060	0.042	0.374	0.403	0.394	0.450	0.374	0.100	0.091	0.111	0.159	0.116	1.042	1.041	1.027	1.085	1.069	0.039
23:41:38	25.1	0.302	0.359	0.353	0.443	0.653	0.116	0.086	0.110	0.168	0.107	1.075	1.061	1.071	1.101	1.068	0.038	0.378	0.398	0.398	0.454	0.380	0.123	0.090	0.124	0.177	0.127	1.070	1.066	1.070	1.094	1.057	0.042	0.374	0.403	0.397	0.451	0.377	0.102	0.092	0.113	0.161	0.118	1.040	1.038	1.024	1.082	1.066	0.038
23:57:20	25.1	0.300	0.358	0.354	0.443	0.563	0.120	0.086	0.112	0.170	0.109	1.073	1.059	1.067	1.098	1.065	0.038	0.378	0.398	0.402	0.455	0.382	0.126	0.091	0.129	0.180	0.129	1.068	1.066	1.068	1.092	1.055	0.042	0.376	0.403	0.399	0.450	0.379	0.103	0.093	0.116	0.164	0.120	1.038	1.036	1.021	1.079	1.063	0.039
24:13:03	25.1	0.299	0.360	0.356	0.443	0.728	0.121	0.088	0.115	0.174	0.111	1.070	1.056	1.065	1.095	1.062	0.038	0.378	0.398	0.403	0.456	0.385	0.127	0.093	0.129	0.183	0.132	1.066	1.062	1.065	1.088	1.052	0.042	0.377	0.403	0.402	0.452	0.382	0.105	0.095	0.118	0.166	0.122	1.035	1.033	1.018	1.075	1.059	0.038
24:28:45	25.1	0.298	0.359	0.357	0.442	0.329	0.124	0.089	0.117	0.176	0.112	1.069	1.054	1.062	1.093	1.059	0.038	0.380	0.398	0.405	0.457	0.386	0.130	0.095	0.133	0.187	0.135	1.064	1.060	1.062	1.086	1.049	0.042	0.378	0.402	0.403	0.452	0.386	0.107	0.096	0.120	0.170	0.125	1.032	1.030	1.015	1.071	1.056	0.038
24:44:28	25.1	0.297	0.357	0.359	0.465	0.338	0.126	0.090	0.119	0.180	0.114	1.066	1.051	1.059	1.090	1.056	0.038	0.380	0.397	0.408	0.457	0.398	0.132	0.095	0.135	0.189	0.138	1.062	1.058	1.059	1.082	1.047	0.042	0.378	0.402	0.405	0.452	0.386	0.109	0.097	0.122	0.173	0.126	1.030	1.027	1.012	1.067	1.052	0.038
25:00:10	25.1	0.295	0.358	0.360	0.471	0.492	0.128	0.092	0.122	0.182	0.116	1.064	1.050	1.056	1.087	1.054	0.038	0.382	0.400	0.409	0.457	0.390	0.135	0.098	0.138	0.191	0.141	1.060	1.056	1.057	1.080	1.045	0.042	0.379	0.403	0.406	0.452	0.387	0.112	0.100	0.125	0.175	0.129	1.027	1.025	1.009	1.064	1.049	0.038
25:15:53	25.1	0.294	0.357	0.361	0.448	0.335	0.132	0.093	0.125	0.185	0.118	1.062	1.048	1.053	1.084	1.051	0.038	0.383	0.398	0.412	0.459	0.392	0.138	0.098	0.140	0.194	0.143	1.058	1.055	1.055	1.077	1.043	0.042	0.381	0.403	0.409	0.452	0.421	0.113	0.101	0.128	0.178	0.130	1.025	1.024	1.006	1.061	1.046	0.038
25:31:36	25.1	0.293	0.358	0.361	0.460	0.328	0.133	0.095	0.127	0.187	0.119	1.060	1.045	1.051	1.081	1.048	0.038	0.383	0.399	0.412	0.458	0.395	0.141	0.101	0.142	0.197	0.145	1.056	1.053	1.052	1.074	1.040	0.042	0.379	0.403	0.411	0.451	0.448	0.114	0.102	0.131	0.181	0.134	1.021	1.020	1.002	1.057	1.044	0.038
25:47:18	25.1	0.291	0.356	0.363	0.436	0.383	0.136	0.096	0.130	0.190	0.121	1.058	1.043	1.048	1.079	1.047	0.038	0.385	0.398	0.415	0.459	0.395	0.144	0.102	0.144	0.199	0.148	1.054	1.051	1.049	1.071	1.039	0.042	0.382	0.403	0.412	0.452	0.392	0.117	0.103	0.133	0.184	0.136	1.019	1.018	1.000	1.053	1.041	0.038
26:03:01	25.1	0.289	0.355	0.363	0.435	0.492	0.139	0.097	0.133	0.193	0.123	1.056	1.041	1.046	1.076	1.044	0.038	0.386	0.397	0.417	0.456	0.396	0.145	0.104	0.148	0.203	0.152	1.052	1.048	1.046	1.068	1.037	0.042	0.383	0.403	0.415	0.451	0.393	0.118	0.105	0.136	0.187	0.137	1.017	1.015	0.997	1.050	1.038	0.038
26:18:43	25.1	0.287	0.354	0.364	0.485	0.330	0.141	0.100	0.136	0.197	0.126	1.054	1.039	1.043	1.073	1.042	0.038	0.387	0.397	0.419	0.456	0.398	0.149	0.105	0.150	0.205	0.155	1.050	1.047	1.044	1.066	1.035	0.042	0.383	0.403	0.416	0.451	0.393	0.121	0.107	0.140	0.190	0.140	1.014	1.013	0.994	1.047	1.035	0.038
26:34:26	25.1	0.284	0.353	0.364	0.438	0.330	0.143	0.101	0.139	0.199	0.127	1.052	1.038	1.041	1.071	1.040	0.038	0.386	0.398	0.420	0.455	0.398	0.152	0.107	0.156	0.209	0.157	1.048	1.045	1.042	1.063	1.032	0.042	0.384	0.401	0.418	0.448	0.394	0.123	0.109	0.142	0.193	0.142	1.012	1.011	0.992	1.044	1.032	0.038
26:50:08	25.1	0.282	0.352	0.366	0.443	0.413	0.146	0.103	0.142	0.203	0.129	1.050	1.035	1.039	1.068	1.038	0.038	0.388	0.397	0.422	0.453	0.400	0.155	0.109	0.159	0.212	0.160	1.047	1.043	1.040	1.060	1.030	0.042	0.383	0.402	0.420	0.447	0.396	0.126	0.111	0.145	0.196	0.145	1.010	1.008	0.990	1.040	1.029	0.038
27:05:51	25.1	0.281	0.350	0.367	0.430	0.408	0.149	0.104	0.146	0.205	0.131	1.048	1.033	1.037	1.066	1.036	0.038	0.389	0.397	0.423	0.452	0.401	0.158	0.112	0.161	0.214	0.163	1.045	1.041	1.038	1.058	1.027	0.042	0.384	0.402	0.419	0.444	0.396	0.128	0.113	0.147	0.198	0.147	1.007	1.006	0.988	1.038	1.026	0.038
27:21:33	25.1	0.278	0.348	0.367	0.428	0.666	0.152	0.105	0.147	0.208	0.132	1.046	1.031	1.036	1.063	1.033	0.038	0.389	0.397	0.424	0.449	0.402	0.161	0.112	0.166	0.218	0.165	1.044	1.039	1.037	1.056	1.026	0.042	0.384	0.402	0.421	0.445	0.398	0.129	0.114	0.151	0.202	0.149	1.006	1.004	0.985	1.034	1.023	0.038
27:37:16	25.0	0.275	0.348	0.368	0.434	0.619	0.155	0.107	0.150	0.211	0.135	1.045	1.029	1.034	1.061	1.031	0.038	0.391	0.398	0.425	0.447	0.403	0.164	0.114	0.169	0.220	0.167	1.041	1.038	1.036	1.053	1.023	0.042	0.385	0.402	0.422	0.442	0.397	0.133	0.116	0.153	0.205	0.152	1.003	1.002	0.983	1.032	1.021	0.038
27:52:59	25.1	0.273	0.347	0.368	0.431	0.351	0.157	0.110	0.153	0.214	0.136	1.043	1.027	1.032	1.057	1.028	0.038	0.390	0.396	0.425	0.445	0.403	0.167	0.116	0.171	0.223	0.170	1.039	1.036	1.033	1.050	1.021	0.042	0.386	0.401	0.422	0.441	0.398	0.135	0.118	0.156	0.209	0.154	1.001	0.998	0.979	1.026	1.018	0.038
28:08:41	25.1	0.270	0.345	0.369	0.426	0.385	0.161	0.111	0.156	0.217	0.138	1.040	1.024	1.029	1.052	1.025	0.038	0.390	0.396	0.427	0.444	0.405	0.171	0.118	0.174	0.225	0.172	1.038	1.034	1.031	1.046	1.018	0.042	0.387	0.400	0.422	0.439	0.400	0.139	0.121	0.160	0.212	0.156	0.998	0.995	0.975	1.020	1.013	0.038
28:24:24	25.1	0.268	0.344	0.369	0.422	0.362	0.164	0.113	0.160	0.219	0.141	1.038	1.021	1.026	1.050	1.022	0.038	0.390	0.396	0.426	0.442	0.418	0.173	0.121	0.177	0.229	0.176	1.035	1.031	1.028	1.043	1.015	0.042	0.386	0.401	0.422	0.441	0.398	0.141	0.123	0.163	0.215	0.158	0.996	0.992	0.972	1.017	1.009	0.038
28:40:06	25.1	0.267	0.344	0.369	0.431	0.660	0.167	0.115	0.162	0.221	0.143	1.036	1.019	1.024	1.049	1.020	0.038	0.392	0.396	0.426	0.440	0.405	0.176	0.121	0.181	0.231	0.178	1.033	1.030	1.026	1.042	1.013	0.042	0.387	0.400	0.422	0.436	0.398	0.143	0.125	0.166	0.217	0.160	0.993	0.990	0.970	1.017	1.007	0.038
28:55:49	25.1	0.262	0.341	0.371	0.418	0.423	0.169	0.116	0.164	0.224	0.146	1.035	1.018	1.023	1.048	1.018	0.038	0.391	0.396	0.426	0.439	0.404	0.180	0.124	0.184	0.233	0.181	1.032	1.028	1.025	1.041	1.011	0.042	0.387	0.400	0.423	0.434	0.397	0.147	0.127	0.168	0.220	0.162	0.991	0.988	0.969	1.017	1.005	0.038
29:11:32	25.1	0.261	0.340	0.370	0.416	0.652	0.172	0.118	0.167	0.226	0.146	1.033	1.016	1.022	1.047	1.017	0.038	0.391	0.395	0.424	0.443	0.405	0.183	0.126	0.187	0.235	0.183	1.030	1.026	1.023	1.039	1.010	0.042	0.386	0.400	0.421	0.432	0.398	0.149	0.130	0.172	0.222	0.163	0.989	0.987	0.968	1.015	1.004	0.038
29:27:14	25.0	0.258	0.339	0.370	0.415	0.604	0.174	0.120	0.169	0.229	0.147	1.032	1.015	1.020	1.045	1.016	0.038	0.390	0.394	0.424	0.436	0.404	0.185	0.128	0.189	0.238	0.185	1.028	1.025	1.022	1.037	1.008	0.042	0.387	0.399	0.421	0.431	0.397	0.152	0.132	0.175	0.225	0.165	0.988	0.985	0.967	1.013	1.003	0.038
29:42:57	25.1	0.255	0.337	0.368	0.412	0.677	0.177	0.122	0.170	0.231	0.149	1.030	1.013	1.019	1.044	1.015	0.038	0.390	0.394	0.424	0.435	0.404	0.189	0.131	0.191	0.239	0.189	1.027	1.024	1.020	1.035	1.007	0.042	0.386	0.399	0.419	0.428	0.397	0.155	0.133	0.178	0.227	0.167	0.986	0.984	0.965	1.011	1.001	0.038
29:58:40	25.0	0.254	0.335	0.371	0.411	0.508	0.179	0.124	0.174	0.234	0.151	1.029	1.012	1.017	1.042	1.013	0.038	0.388	0.394	0.424	0.432	0.405	0.191	0.132	0.195	0.242	0.191	1.026	1.024	1.019	1.033	1.005	0.042	0.385	0.398	0.420	0.427	0.397	0.157	0.135	0.181	0.230	0.170	0.984	0.983	0.964	1.008	0.999	0.038
30:14:22	25.1	0.252	0.333	0.369	0.423	0.391	0.183	0.126	0.176	0.236	0.152	1.027	1.011	1.016	1.040	1.011	0.038	0.388	0.393	0.423	0.432	0.404	0.194	0.134	0.198	0.244	0.194	1.024	1.021	1.017	1.031	1.004	0.042	0.384	0.397	0.419	0.426	0.397	0.160	0.138	0.185	0.232	0.173	0.982	0.981	0.962	1.006	0.997	0.038
30:30:05	25.0	0.250	0.333	0.369	0.408	0.324	0.185	0.128	0.178	0.238	0.155	1.025	1.009	1.014	1.038	1.010	0.038	0.386	0.392	0.424	0.431	0.405	0.198	0.137	0.200	0.246	0.197	1.022	1.020	1.015	1.029	1.003	0.042	0.383	0.396	0.418	0.425	0.402	0.163	0.140	0.188	0.235	0.174	0.980	0.979	0.960	1.004	0.995	0.038
30:45:47	25.1	0.248	0.331	0.369	0.404	0.670	0.188	0.131	0.179	0.240	0.157	1.024	1.008	1.012	1.037	1.009	0.038	0.384	0.392	0.423	0.428	0.405	0.201	0.139	0.203	0.249	0.200	1.021	1.019	1.014	1.027	1.001	0.042	0.382	0.397	0.418	0.423	0.397	0.166	0.142	0.191	0.238	0.177	0.979	0.978	0.958	1.001	0.992	0.038
31:01:30	25.1	0.246	0.328	0.368	0.434	0.383	0.191	0.132	0.182	0.243	0.158	1.023	1.006	1.011	1.035	1.007	0.038	0.384	0.392	0.422	0.429	0.405	0.203	0.140	0.205	0.250	0.203	1.019	1.020	1.012	1.025	0.999	0.042	0.380	0.395	0.417	0.423	0.397	0.168	0.145	0.193	0.239	0.180	0.977	0.976	0.956	0.998	0.990	0.038
31:17:12	25.0	0.244	0.328	0.368	0.408	0.549	0.194	0.135	0.185	0.245	0.160	1.021	1.005	1.010	1.033	1.005	0.038	0.382	0.391	0.421	0.428	0.406	0.207	0.143	0.211	0.252	0.204	1.018	1.016	1.010	1.024	0.998	0.042	0.380	0.395	0.417	0.420	0.396	0.171	0.147	0.196	0.241	0.182	0.975	0.974	0.954	0.997	0.988	0.038
31:32:55	25.0	0.243	0.327	0.368	0.398	0.367	0.197	0.136	0.186	0.247	0.163	1.020	1.003	1.007	1.031	1.003	0.038	0.381	0.390	0.420	0.427	0.406	0.210	0.144	0.213	0.254	0.208	1.016	1.015	1.008	1.022	0.996	0.042	0.379	0.395	0.416	0.420	0.396	0.174	0.148	0.199	0.244	0.184	0.973	0.973	0.952	0.994	0.986	0.038
31:48:38	25.1	0.241	0.325	0.367	0.398	0.544	0.200	0.139	0.188	0.250	0.165	1.018	1.002	1.006	1.029	1.001	0.038	0.381	0.389	0.418	0.424	0.406	0.213	0.147	0.216	0.256	0.211	1.014	1.013	1.007	1.020	0.995	0.042	0.377	0.394	0.415	0.418	0.395	0.177	0.151	0.201	0.246	0.188	0.972	0.971	0.950	0.992	0.983	0.038
32:04:20	25.1	0.240	0.324	0.366	0.439	0.375	0.203	0.140	0.190	0.252	0.167	1.017	1.000	1.005	1.027	1.000	0.038	0.379	0.389	0.418	0.425	0.405	0.217	0.149	0.219	0.258	0.213	1.013	1.012	1.006	1.018	0.993	0.042	0.376	0.394	0.414	0.417	0.395	0.180	0.154	0.205	0.247	0.190	0.970	0.969	0.948	0.989	0.981	0.038
32:20:03	25.1	0.238	0.322	0.366	0.401	0.328	0.206	0.142	0.193	0.254	0.169	1.015	0.998	1.002	1.025	0.998	0.038	0.379	0.389	0.416	0.423	0.405	0.220	0.151	0.223	0.259	0.216	1.012	1.010	1.004	1.016	0.991	0.042	0.374	0.393	0.413	0.417	0.402	0.182	0.156	0.209	0.248	0.192	0.967	0.967	0.946	0.987	0.979	0.038
32:35:46	25.1	0.237	0.322	0.366	0.398	0.365	0.210	0.144	0.194	0.256	0.172	1.014	0.997	1.001	1.024	0.997	0.038	0.377	0.387	0.413	0.423	0.405	0.223	0.155	0.226	0.262	0.219	1.010	1.009	1.002	1.015	0.990	0.042	0.373	0.392	0.409	0.418	0.393	0.186	0.159	0.212	0.251	0.193	0.966	0.965	0.945	0.985	0.977	0.038
32:51:28	25.1	0.236	0.320	0.365	0.406	0.388	0.213	0.147	0.195	0.259	0.174	1.013	0.996	1.000	1.022	0.995	0.038	0.375	0.386	0.412	0.422	0.404	0.226	0.156	0.229	0.263	0.222	1.009	1.007	1.001	1.013	0.989	0.042	0.372	0.392	0.409	0.416	0.393	0.188	0.160	0.214	0.252	0.196	0.964	0.964	0.943	0.982	0.974	0.038
33:07:11	25.1	0.234	0.318	0.363	0.400	0.696	0.215	0.147	0.198	0.261	0.177	1.011	0.994	0.998	1.020	0.993	0.038	0.374	0.385	0.411	0.422	0.403	0.231	0.159	0.231	0.265	0.224	1.007	1.006	0.999	1.010	0.987	0.042	0.371	0.390	0.406	0.415	0.391	0.192	0.163	0.223	0.254	0.199	0.962	0.962	0.940	0.980	0.972	0.038
33:22:53	25.1	0.233	0.317	0.363	0.397	0.416	0.219	0.151	0.200	0.264	0.179	1.010	0.993	0.996	1.018	0.991	0.038	0.373	0.385	0.409	0.421	0.401	0.234	0.161	0.234	0.268	0.227	1.006	1.004	0.998	1.009	0.986	0.042	0.368	0.389	0.405	0.415	0.405	0.195	0.166	0.225	0.255	0.201	0.960	0.960	0.938	0.978	0.969	0.038
33:38:36	25.1	0.231	0.315	0.360	0.385	0.332	0.222	0.153	0.203	0.265	0.181	1.008	0.991	0.995	1.017	0.990	0.038	0.370	0.384	0.406	0.420	0.399	0.237	0.164	0.237	0.269	0.230	1.005	1.003	0.996	1.007	0.984	0.042	0.368	0.388	0.402	0.413	0.388	0.197	0.168	0.227	0.257	0.204	0.958	0.958	0.936	0.976	0.968	0.038
33:54:19	25.1	0.230	0.313	0.360	0.384	0.321	0.225	0.155	0.205	0.267	0.185	1.007	0.990	0.993	1.014	0.988	0.038	0.367	0.383	0.404	0.419	0.397	0.240	0.167	0.240	0.270	0.232	1.003	1.001	0.994	1.006	0.983	0.042	0.366	0.388	0.400	0.412	0.385	0.201	0.171	0.231	0.258	0.205	0.956	0.956	0.934	0.973	0.965	0.038
34:10:01	25.1	0.229	0.311	0.358	0.388	0.630	0.229	0.157	0.205	0.269	0.186	1.005	0.989	0.992	1.013	0.986	0.038	0.367	0.381	0.402	0.420	0.396	0.244	0.169	0.243	0.272	0.235	1.002	1.000	0.993	1.004	0.981	0.042	0.365	0.387	0.398	0.412	0.385	0.203	0.174	0.232	0.259	0.208	0.954	0.954	0.932	0.971	0.963	0.038
34:25:44	25.1	0.227	0.309	0.356	0.381	0.346	0.232	0.159	0.207	0.271	0.187	1.004	0.987	0.991	1.012	0.985	0.038	0.366	0.380	0.400	0.418	0.394	0.247	0.172	0.245	0.275	0.238	1.000	0.998	0.991	1.002	0.979	0.042	0.361	0.385	0.395	0.411	0.384	0.207	0.176	0.235	0.260	0.211	0.952	0.954	0.931	0.968	0.960	0.038
34:41:27	25.1	0.226	0.307	0.355	0.381	0.453	0.236	0.160	0.207	0.272	0.189	1.002	0.985	0.989	1.010	0.983	0.038	0.362	0.379	0.397	0.418	0.393	0.251	0.173	0.247	0.277	0.241	0.998	0.997	0.989	1.000	0.978	0.042	0.362	0.385	0.393	0.411	0.382	0.210	0.179	0.237	0.260	0.214	0.951	0.951	0.928	0.966	0.958	0.038
34:57:09	25.1	0.224	0.305	0.354	0.395	0.354	0.238	0.164	0.208	0.275	0.192	1.001	0.984	0.987	1.008	0.981	0.038	0.362	0.378	0.395	0.417	0.400	0.255	0.175	0.250	0.280	0.240	0.997	0.995	0.988	0.998	0.977	0.042	0.359	0.383	0.390	0.410	0.379	0.212	0.180	0.242	0.262	0.215	0.948	0.949	0.926	0.964	0.956	0.038
35:12:52	25.1	0.224	0.301	0.352	0.377	0.478	0.241	0.165	0.209	0.276	0.194	1.000	0.983	0.986	1.006	0.980	0.038	0.359	0.378	0.394	0.417	0.391	0.259	0.178	0.252	0.281	0.244	0.996	0.994	0.987	0.997	0.975	0.042	0.357	0.383	0.388	0.410	0.402	0.216	0.184	0.245	0.263	0.218	0.947	0.947	0.925	0.962	0.954	0.038
35:28:34	25.1	0.222	0.298	0.350	0.421	0.314	0.244	0.168	0.210	0.278	0.197	0.999	0.982	0.984	1.005	0.978	0.038	0.357	0.377	0.390	0.417	0.387	0.263	0.181	0.254	0.283	0.246	0.995	0.993	0.985	0.995	0.974	0.042	0.354	0.382	0.386	0.409	0.382	0.220	0.186	0.247	0.263	0.220	0.944	0.945	0.922	0.960	0.952	0.038
35:44:17	25.1	0.221	0.296	0.348	0.375	0.627	0.247	0.169	0.210	0.281	0.199	0.997	0.980	0.982	1.003	0.976	0.038	0.356	0.376	0.388	0.416	0.385	0.265	0.184	0.256	0.284	0.249	0.993	0.991	0.984	0.994	0.972	0.042	0.353	0.381	0.383	0.409	0.394	0.223	0.188	0.247	0.264	0.221	0.942	0.943	0.921	0.958	0.949	0.038
36:00:00	25.1	0.220	0.293	0.347	0.415	0.389	0.250	0.171	0.211	0.281	0.201	0.995	0.979	0.981	1.001	0.974	0.038	0.353	0.375	0.386	0.416	0.384	0.269	0.188	0.257	0.286	0.250	0.992	0.989	0.982	0.992	0.971	0.042	0.350	0.380	0.382	0.409	0.372	0.226	0.191	0.250	0.264	0.224	0.941	0.942	0.919	0.955	0.947	0.038
36:15:42	25.1	0.218	0.290	0.346	0.414	0.391	0.254	0.173	0.210	0.283	0.203	0.994	0.978	0.980	1.000	0.973	0.038	0.351	0.374	0.384	0.416	0.381	0.272	0.190	0.257	0.287	0.254	0.990	0.987	0.980	0.990	0.969	0.042	0.348	0.379	0.379	0.408	0.378	0.229	0.194	0.251	0.265	0.226	0.939	0.940	0.917	0.953	0.945	0.038
36:31:25	25.1	0.217	0.286	0.344	0.372	0.596	0.256	0.175	0.211	0.285	0.205	0.993	0.977	0.978	0.998	0.971	0.038	0.349	0.373	0.382	0.415	0.379	0.276	0.191	0.261	0.290	0.254	0.990	0.986	0.980	0.989	0.968	0.042	0.346	0.378	0.377	0.406	0.369	0.232	0.196	0.253	0.266	0.228	0.937	0.938	0.915	0.951	0.943	0.038
36:47:08	25.1	0.215	0.284	0.342	0.370	0.511	0.259	0.177	0.210	0.287	0.207	0.992	0.975	0.977	0.997	0.970	0.038	0.347	0.372	0.380	0.414	0.377	0.279	0.192	0.260	0.291	0.257	0.988	0.985	0.977	0.987	0.966	0.042	0.345	0.376	0.375	0.407	0.368	0.236	0.198	0.254	0.268	0.230	0.935	0.936	0.913	0.949	0.941	0.038
37:02:50	25.1	0.214	0.280	0.338	0.368	0.566	0.262	0.179	0.208	0.289	0.209	0.990	0.974	0.975	0.995	0.968	0.038	0.345	0.371	0.378	0.414	0.377	0.282	0.198	0.262	0.293	0.258	0.987	0.984	0.976	0.986	0.965	0.042	0.343	0.376	0.374	0.408	0.366	0.240	0.201	0.256	0.268	0.232	0.933	0.935	0.911	0.946	0.939	0.038
37:18:33	25.1	0.214	0.277	0.338	0.367	0.335	0.265	0.180	0.208	0.291	0.211	0.989	0.972	0.974	0.993	0.966	0.038	0.344	0.371	0.377	0.412	0.375	0.286	0.200	0.262	0.293	0.260	0.985	0.982	0.974	0.983	0.964	0.042	0.341	0.375	0.373	0.406	0.365	0.241	0.204	0.255	0.269	0.234	0.930	0.932	0.909	0.944	0.936	0.038
37:34:16	25.1	0.212	0.273	0.335	0.379	0.377	0.267	0.182	0.207	0.293	0.213	0.987	0.972	0.972	0.991	0.965	0.038	0.342	0.370	0.375	0.412	0.373	0.290	0.202	0.263	0.296	0.263	0.984	0.980	0.973	0.982	0.962	0.042	0.339	0.374	0.370	0.404	0.364	0.246	0.207	0.257	0.269	0.235	0.928	0.930	0.907	0.942	0.934	0.038
37:49:58	25.1	0.211	0.270	0.334	0.365	0.318	0.268	0.186	0.207	0.294	0.214	0.986	0.970	0.971	0.990	0.963	0.038	0.340	0.368	0.372	0.413	0.372	0.293	0.204	0.262	0.297	0.264	0.982	0.978	0.972	0.981	0.960	0.042	0.336	0.372	0.368	0.404	0.363	0.250	0.209	0.256	0.271	0.237	0.926	0.928	0.905	0.939	0.931	0.038
38:05:41	25.1	0.209	0.267	0.331	0.361	0.337	0.270	0.185	0.206	0.295	0.216	0.985	0.969	0.969	0.988	0.962	0.038	0.338	0.368	0.372	0.413	0.371	0.295	0.207	0.263	0.299	0.265	0.981	0.977	0.970	0.979	0.959	0.042	0.334	0.373	0.366	0.406	0.361	0.253	0.212	0.259	0.272	0.238	0.925	0.927	0.903	0.937	0.928	0.038
38:21:23	25.1	0.208	0.264	0.328	0.360	0.487	0.272	0.187	0.205	0.297	0.218	0.981	0.964	0.964	0.977	0.956	0.038	0.336	0.366	0.369	0.411	0.370	0.300	0.209	0.263	0.300	0.268	0.979	0.975	0.967	0.973	0.957	0.042	0.333	0.371	0.364	0.406	0.360	0.258	0.215	0.258	0.273	0.241	0.919	0.920	0.896	0.924	0.920	0.038
38:37:06	25.1	0.207	0.260	0.325	0.358	0.385	0.275	0.190	0.205	0.298	0.219	0.978	0.960	0.960	0.973	0.949	0.038	0.334	0.366	0.368	0.410	0.369	0.302	0.213	0.264	0.301	0.270	0.976	0.970	0.963	0.968	0.951	0.042	0.330	0.371	0.362	0.403	0.358	0.261	0.218	0.260	0.273	0.242	0.916	0.916	0.892	0.920	0.915	0.038
38:52:49	25.1	0.205	0.257	0.323	0.357	0.336	0.277	0.191	0.205	0.301	0.222	0.976	0.958	0.958	0.970	0.946	0.038	0.333	0.364	0.366	0.410	0.366	0.306	0.216	0.264	0.304	0.272	0.973	0.967	0.960	0.966	0.947	0.041	0.328	0.369	0.361	0.403	0.358	0.264	0.221	0.262	0.273	0.243	0.914	0.914	0.891	0.918	0.912	0.038
39:08:31	25.0	0.204	0.255	0.319	0.372	0.294	0.279	0.192	0.203	0.302	0.224	0.974	0.956	0.956	0.966	0.943	0.038	0.331	0.363	0.364	0.409	0.366	0.309	0.218	0.264	0.305	0.273	0.971	0.965	0.958	0.961	0.944	0.042	0.327	0.368	0.360	0.403	0.356	0.268	0.224	0.262	0.273	0.245	0.913	0.912	0.889	0.915	0.911	0.038
39:24:14	25.1	0.203	0.252	0.316	0.368	0.353	0.280	0.194	0.202	0.303	0.224	0.973	0.955	0.955	0.969	0.943	0.038	0.329	0.362	0.362	0.409	0.366	0.313	0.222	0.264	0.308	0.274	0.970	0.963	0.957	0.962	0.943	0.042	0.325	0.367	0.357	0.403	0.356	0.272	0.225	0.263	0.274	0.246	0.912	0.911	0.888	0.917	0.910	0.038
39:39:57	25.1	0.201	0.249	0.314	0.352	0.358	0.281	0.196	0.201	0.305	0.226	0.973	0.955	0.954	0.970	0.943	0.038	0.327	0.362	0.362	0.407	0.364	0.315	0.225	0.266	0.309	0.277	0.969	0.962	0.956	0.964	0.943	0.042	0.323	0.365	0.358	0.402	0.353	0.276	0.230	0.265	0.275	0.247	0.911	0.910	0.888	0.918	0.910	0.038
39:55:39	25.1	0.200	0.246	0.311	0.350	0.395	0.283	0.196	0.201	0.306	0.227	0.972	0.953	0.955	0.971	0.944	0.038	0.326	0.360	0.360	0.407	0.364	0.318	0.226	0.267	0.310	0.278	0.968	0.962	0.955	0.964	0.944	0.041	0.321	0.365	0.355	0.401	0.353	0.278	0.231	0.265	0.275	0.249	0.910	0.909	0.888	0.918	0.910	0.038
40:11:22	25.0	0.198	0.244	0.308	0.351	0.528	0.284	0.197	0.200	0.308	0.228	0.972	0.953	0.954	0.973	0.944	0.038	0.324	0.360	0.359	0.407	0.362	0.321	0.228	0.265	0.312	0.279	0.968	0.961	0.956	0.965	0.944	0.042	0.319	0.364	0.354	0.401	0.353	0.281	0.234	0.266	0.274	0.250	0.909	0.909	0.887	0.918	0.909	0.038
40:27:05	25.0	0.197	0.241	0.304	0.351	0.303	0.284	0.198	0.199	0.310	0.229	0.971	0.953	0.954	0.973	0.944	0.038	0.323	0.359	0.358	0.407	0.362	0.322	0.232	0.266	0.313	0.280	0.967	0.960	0.955	0.964	0.944	0.042	0.318	0.363	0.352	0.401	0.352	0.284	0.236	0.267	0.274	0.251	0.907	0.908	0.886	0.917	0.908	0.038
40:42:47	25.0	0.196	0.239	0.300	0.344	0.342	0.285	0.198	0.196	0.311	0.230	0.970	0.953	0.954	0.973	0.944	0.038	0.322	0.357	0.356	0.405	0.361	0.326	0.233	0.267	0.316	0.281	0.965	0.959	0.954	0.963	0.944	0.042	0.316	0.361	0.350	0.399	0.350	0.287	0.237	0.266	0.274	0.252	0.906	0.906	0.885	0.916	0.908	0.038
40:58:30	25.1	0.194	0.236	0.298	0.342	0.464	0.286	0.201	0.195	0.311	0.231	0.969	0.952	0.953	0.972	0.944	0.038	0.320	0.357	0.355	0.405	0.360	0.326	0.237	0.269	0.316	0.283	0.965	0.962	0.954	0.963	0.944	0.042	0.314	0.361	0.349	0.399	0.349	0.290	0.241	0.267	0.274	0.253	0.904	0.905	0.885	0.915	0.906	0.038
41:14:13	25.1	0.192	0.234	0.296	0.340	0.440	0.286	0.201	0.195	0.313	0.232	0.969	0.952	0.953	0.971	0.943	0.038	0.318	0.355	0.354	0.404	0.359	0.329	0.238	0.270	0.318	0.285	0.964	0.958	0.954	0.962	0.944	0.042	0.313	0.359	0.348	0.398	0.349	0.293	0.243	0.268	0.274	0.252	0.903	0.904	0.884	0.913	0.905	0.038
41:29:55	25.1	0.191	0.232	0.293	0.346	0.561	0.286	0.201	0.194	0.314	0.234	0.968	0.951	0.953	0.971	0.943	0.038	0.316	0.354	0.352	0.403	0.358	0.331	0.240	0.268	0.320	0.286	0.963	0.957	0.953	0.961	0.943	0.041	0.310	0.358	0.346	0.398	0.348	0.295	0.246	0.268	0.275	0.253	0.902	0.903	0.883	0.911	0.903	0.038
41:45:38	25.0	0.190	0.229	0.289	0.352	0.577	0.286	0.202	0.192	0.316	0.234	0.967	0.950	0.952	0.970	0.942	0.038	0.315	0.353	0.351	0.404	0.358	0.335	0.243	0.268	0.321	0.286	0.962	0.956	0.952	0.960	0.942	0.041	0.309	0.358	0.345	0.397	0.346	0.298	0.246	0.268	0.274	0.255	0.900	0.901	0.882	0.909	0.900	0.038
42:01:21	25.1	0.188	0.227	0.286	0.339	0.461	0.289	0.201	0.192	0.317	0.234	0.966	0.950	0.951	0.968	0.941	0.038	0.314	0.352	0.349	0.401	0.356	0.336	0.245	0.269	0.323	0.288	0.961	0.956	0.952	0.959	0.942	0.042	0.307	0.355	0.344	0.395	0.349	0.300	0.251	0.268	0.274	0.254	0.898	0.900	0.880	0.906	0.898	0.038
42:17:03	25.1	0.187	0.225	0.284	0.332	0.307	0.289	0.202	0.190	0.318	0.235	0.965	0.948	0.949	0.960	0.936	0.038	0.311	0.351	0.348	0.400	0.356	0.338	0.249	0.270	0.324	0.289	0.960	0.954	0.949	0.954	0.938	0.042	0.304	0.355	0.343	0.395	0.346	0.303	0.251	0.270	0.275	0.256	0.895	0.898	0.877	0.897	0.892	0.038
42:32:46	25.1	0.186	0.223	0.281	0.343	0.514	0.289	0.203	0.190	0.319	0.235	0.964	0.947	0.947	0.960	0.934	0.038	0.310	0.351	0.347	0.401	0.355	0.339	0.250	0.269	0.326	0.290	0.959	0.953	0.948	0.954	0.937	0.042	0.302	0.354	0.342	0.395	0.344	0.305	0.254	0.270	0.275	0.257	0.893	0.895	0.875	0.898	0.891	0.038
42:48:29	25.1	0.184	0.220	0.277	0.329	0.418	0.289	0.203	0.189	0.320	0.237	0.962	0.946	0.946	0.959	0.933	0.038	0.308	0.349	0.346	0.401	0.355	0.342	0.251	0.270	0.328	0.292	0.957	0.952	0.946	0.952	0.936	0.042	0.301	0.353	0.340	0.394	0.344	0.307	0.254	0.269	0.274	0.257	0.891	0.894	0.874	0.895	0.888	0.038
43:04:11	25.1	0.182	0.219	0.274	0.324	0.481	0.289	0.203	0.187	0.321	0.238	0.962	0.944	0.945	0.957	0.931	0.038	0.307	0.348	0.345	0.401	0.354	0.344	0.253	0.269	0.329	0.292	0.956	0.951	0.945	0.950	0.934	0.041	0.299	0.351	0.339	0.393	0.342	0.310	0.254	0.268	0.274	0.258	0.889	0.892	0.872	0.894	0.885	0.038
43:19:54	25.1	0.181	0.217	0.272	0.329	0.368	0.290	0.202	0.186	0.322	0.239	0.961	0.944	0.945	0.960	0.931	0.038	0.305	0.347	0.344	0.399	0.353	0.345	0.254	0.270	0.331	0.293	0.955	0.950	0.944	0.952	0.934	0.041	0.297	0.349	0.338	0.392	0.342	0.310	0.258	0.269	0.274	0.258	0.888	0.891	0.871	0.894	0.884	0.038
43:35:37	25.1	0.180	0.215	0.268	0.321	0.389	0.289	0.204	0.184	0.323	0.239	0.960	0.944	0.944	0.961	0.931	0.038	0.304	0.346	0.343	0.400	0.353	0.348	0.258	0.271	0.332	0.294	0.954	0.950	0.944	0.953	0.934	0.041	0.295	0.348	0.336	0.391	0.341	0.313	0.258	0.270	0.274	0.256	0.886	0.890	0.870	0.895	0.883	0.038
43:51:19	25.1	0.179	0.213	0.265	0.328	0.420	0.288	0.204	0.183	0.324	0.240	0.960	0.943	0.944	0.961	0.932	0.038	0.301	0.345	0.341	0.399	0.352	0.348	0.257	0.269	0.332	0.295	0.954	0.949	0.944	0.953	0.935	0.041	0.293	0.347	0.336	0.391	0.341	0.316	0.259	0.270	0.274	0.257	0.884	0.888	0.868	0.893	0.881	0.038
44:07:02	25.1	0.176	0.211	0.262	0.317	0.387	0.288	0.204	0.183	0.326	0.239	0.959	0.942	0.943	0.961	0.931	0.038	0.300	0.344	0.341	0.398	0.351	0.352	0.259	0.271	0.336	0.296	0.953	0.948	0.943	0.952	0.935	0.042	0.292	0.347	0.334	0.391	0.341	0.316	0.261	0.271	0.273	0.258	0.882	0.886	0.867	0.891	0.879	0.038
44:22:44	25.1	0.175	0.211	0.260	0.313	0.376	0.287	0.202	0.182	0.326	0.241	0.958	0.942	0.943	0.959	0.930	0.038	0.299	0.343	0.338	0.399	0.351	0.352	0.262	0.270	0.337	0.297	0.952	0.948	0.942	0.950	0.934	0.041	0.290	0.345	0.333	0.391	0.340	0.319	0.262	0.272	0.273	0.256	0.879	0.885	0.866	0.888	0.877	0.038
44:38:27	25.1	0.174	0.209	0.258	0.310	0.443	0.288	0.204	0.181	0.327	0.241	0.957	0.941	0.942	0.957	0.929	0.038	0.298	0.342	0.338	0.397	0.350	0.354	0.261	0.271	0.338	0.296	0.951	0.947	0.941	0.950	0.932	0.041	0.287	0.344	0.331	0.389	0.339	0.319	0.264	0.270	0.272	0.257	0.878	0.883	0.864	0.885	0.875	0.038
44:54:10	25.1	0.172	0.208	0.254	0.307	0.483	0.288	0.202	0.180	0.326	0.242	0.956	0.940	0.941	0.955	0.928	0.038	0.296	0.341	0.336	0.398	0.349	0.355	0.263	0.272	0.339	0.298	0.950	0.946	0.940	0.948	0.932	0.041	0.286	0.343	0.330	0.390	0.338	0.323	0.263	0.271	0.272	0.255	0.875	0.881	0.862	0.883	0.872	0.038
45:17:13	25.1	0.189	0.209	0.281	0.346	0.343	0.299	0.226	0.186	0.331	0.252	0.957	0.941	0.944	0.967	0.942	0.038	0.315	0.345	0.344	0.405	0.353	0.363	0.272	0.273	0.340	0.304	0.950	0.944	0.943	0.952	0.935	0.041	0.295	0.344	0.332	0.394	0.339	0.330	0.263	0.261	0.267	0.248	0.883	0.886	0.878	0.901	0.897	0.038
45:32:57	25.0	0.171	0.204	0.249	0.303	0.473	0.282	0.200	0.175	0.327	0.246	0.955	0.939	0.939	0.956	0.925	0.038	0.294	0.341	0.339	0.400	0.352	0.357	0.265	0.271	0.341	0.299	0.950	0.946	0.939	0.948	0.931	0.041	0.283	0.342	0.331	0.391	0.338	0.324	0.267	0.271	0.265	0.256	0.870	0.876	0.858	0.878	0.867	0.038
45:48:41	25.1	0.167	0.203	0.246	0.304	0.333	0.285	0.202	0.172	0.330	0.249	0.954	0.938	0.939	0.953	0.925	0.038	0.292	0.337	0.335	0.395	0.348	0.359	0.266	0.273	0.344	0.300	0.949	0.945	0.939	0.946	0.930	0.041	0.280	0.339	0.328	0.388	0.336	0.327	0.269	0.273	0.267	0.257	0.868	0.875	0.857	0.875	0.867	0.038
46:04:23	25.1	0.165	0.202	0.243	0.297	0.356	0.283	0.202	0.171	0.330	0.250	0.954	0.937	0.938	0.952	0.924	0.038	0.290	0.335	0.334	0.394	0.347	0.360	0.268	0.274	0.345	0.300	0.948	0.944	0.937	0.946	0.929	0.041	0.279	0.338	0.328	0.387	0.345	0.328	0.271	0.274	0.266	0.256	0.866	0.874	0.855	0.874	0.864	0.038
46:20:06	25.1	0.163	0.200	0.241	0.294	0.459	0.283	0.201	0.169	0.331	0.252	0.952	0.936	0.937	0.952	0.923	0.038	0.289	0.336	0.334	0.396	0.347	0.363	0.269	0.274	0.346	0.300	0.947	0.944	0.937	0.946	0.930	0.041	0.277	0.336	0.326	0.386	0.334	0.330	0.272	0.274	0.266	0.256	0.864	0.872	0.854	0.872	0.862	0.038
46:35:49	25.1	0.162	0.199	0.239	0.292	0.412	0.284	0.200	0.167	0.332	0.252	0.951	0.936	0.937	0.952	0.924	0.038	0.287	0.334	0.333	0.395	0.347	0.364	0.271	0.274	0.348	0.303	0.947	0.943	0.936	0.945	0.929	0.041	0.275	0.336	0.325	0.386	0.334	0.332	0.272	0.274	0.264	0.256	0.861	0.869	0.852	0.870	0.860	0.038
46:51:31	25.1	0.159	0.198	0.237	0.291	0.478	0.283	0.200	0.164	0.333	0.253	0.951	0.935	0.936	0.952	0.923	0.038	0.286	0.333	0.332	0.395	0.345	0.362	0.271	0.274	0.349	0.303	0.946	0.943	0.936	0.945	0.929	0.041	0.274	0.334	0.324	0.386	0.333	0.333	0.273	0.274	0.262	0.256	0.858	0.867	0.850	0.867	0.857	0.038
47:07:14	25.1	0.157	0.197	0.235	0.288	0.346	0.283	0.199	0.163	0.334	0.251	0.950	0.934	0.936	0.952	0.923	0.038	0.284	0.332	0.330	0.395	0.345	0.364	0.271	0.274	0.350	0.303	0.946	0.942	0.935	0.945	0.928	0.041	0.272	0.333	0.323	0.385	0.332	0.335	0.274	0.274	0.260	0.255	0.856	0.865	0.848	0.865	0.856	0.038
47:22:57	25.1	0.155	0.196	0.232	0.285	0.324	0.280	0.198	0.160	0.335	0.253	0.949	0.933	0.935	0.951	0.922	0.038	0.283	0.331	0.329	0.395	0.344	0.366	0.272	0.275	0.351	0.304	0.945	0.941	0.935	0.944	0.928	0.041	0.270	0.332	0.322	0.384	0.332	0.336	0.275	0.274	0.260	0.254	0.853	0.863	0.845	0.862	0.852	0.038
47:38:39	25.0	0.154	0.195	0.232	0.284	0.445	0.278	0.196	0.157	0.333	0.251	0.948	0.932	0.933	0.949	0.920	0.038	0.282	0.331	0.332	0.396	0.355	0.365	0.272	0.274	0.350	0.304	0.944	0.941	0.934	0.943	0.927	0.041	0.269	0.333	0.324	0.388	0.335	0.337	0.276	0.274	0.258	0.252	0.850	0.860	0.842	0.858	0.849	0.038
47:54:22	25.1	0.153	0.194	0.230	0.282	0.316	0.277	0.196	0.155	0.334	0.253	0.947	0.931	0.933	0.949	0.919	0.038	0.282	0.331	0.331	0.396	0.346	0.366	0.275	0.274	0.351	0.303	0.943	0.941	0.934	0.942	0.927	0.041	0.267	0.331	0.322	0.387	0.332	0.336	0.275	0.275	0.256	0.251	0.847	0.858	0.840	0.856	0.846	0.038
48:10:05	25.1	0.148	0.191	0.227	0.316	0.308	0.278	0.196	0.153	0.336	0.253	0.947	0.931	0.933	0.948	0.919	0.038	0.279	0.328	0.328	0.394	0.344	0.368	0.276	0.275	0.354	0.304	0.943	0.940	0.933	0.942	0.926	0.041	0.265	0.328	0.319	0.382	0.330	0.339	0.278	0.275	0.256	0.253	0.844	0.855	0.838	0.853	0.850	0.038
48:25:48	25.1	0.147	0.190	0.225	0.278	0.524	0.276	0.193	0.149	0.333	0.252	0.946	0.930	0.931	0.947	0.917	0.038	0.278	0.330	0.328	0.396	0.346	0.369	0.275	0.274	0.353	0.304	0.942	0.939	0.932	0.941	0.925	0.041	0.263	0.329	0.320	0.386	0.330	0.339	0.276	0.275	0.253	0.252	0.841	0.853	0.834	0.850	0.839	0.038
48:41:30	25.1	0.144	0.188	0.223	0.275	0.523	0.277	0.193	0.147	0.334	0.255	0.945	0.930	0.931	0.947	0.917	0.038	0.276	0.326	0.325	0.392	0.342	0.370	0.277	0.275	0.355	0.305	0.941	0.939	0.931	0.940	0.925	0.041	0.261	0.326	0.317	0.381	0.328	0.342	0.279	0.277	0.256	0.253	0.838	0.851	0.834	0.848	0.838	0.038
48:57:13	25.1	0.141	0.188	0.222	0.274	0.233	0.275	0.190	0.144	0.334	0.254	0.944	0.929	0.929	0.944	0.915	0.038	0.275	0.328	0.327	0.394	0.344	0.372	0.277	0.273	0.356	0.305	0.940	0.938	0.931	0.939	0.924	0.041	0.259	0.327	0.319	0.385	0.330	0.342	0.277	0.276	0.252	0.252	0.835	0.848	0.830	0.845	0.833	0.038
49:12:55	25.0	0.138	0.186	0.220	0.271	0.347	0.277	0.190	0.143	0.335	0.254	0.943	0.928	0.929	0.944	0.915	0.038	0.273	0.324	0.323	0.394	0.341	0.371	0.280	0.276	0.358	0.305	0.940	0.938	0.930	0.939	0.923	0.041	0.257	0.324	0.315	0.381	0.329	0.344	0.281	0.277	0.253	0.253	0.832	0.845	0.828	0.843	0.833	0.038
49:28:38	25.1	0.135	0.185	0.219	0.270	0.249	0.274	0.188	0.139	0.334	0.254	0.942	0.928	0.928	0.943	0.913	0.038	0.272	0.325	0.325	0.395	0.343	0.372	0.280	0.275	0.358	0.306	0.939	0.937	0.929	0.937	0.922	0.041	0.255	0.324	0.316	0.384	0.327	0.345	0.280	0.277	0.248	0.252	0.829	0.842	0.825	0.839	0.828	0.038
49:44:21	25.1	0.133	0.184	0.217	0.268	0.431	0.275	0.189	0.136	0.337	0.254	0.941	0.927	0.928	0.942	0.913	0.038	0.270	0.323	0.320	0.392	0.346	0.372	0.282	0.276	0.361	0.304	0.939	0.937	0.929	0.937	0.922	0.041	0.252	0.322	0.313	0.380	0.326	0.346	0.283	0.279	0.250	0.251	0.826	0.839	0.823	0.836	0.825	0.038
50:00:04	25.1	0.131	0.183	0.214	0.265	0.229	0.274	0.186	0.134	0.337	0.256	0.940	0.926	0.927	0.941	0.912	0.038	0.269	0.320	0.320	0.392	0.341	0.373	0.281	0.275	0.362	0.306	0.938	0.936	0.927	0.936	0.921	0.041	0.251	0.322	0.312	0.380	0.326	0.346	0.283	0.278	0.247	0.251	0.824	0.837	0.820	0.833	0.827	0.038
50:15:46	25.1	0.128	0.182	0.214	0.264	0.245	0.272	0.185	0.130	0.336	0.254	0.939	0.924	0.925	0.939	0.910	0.038	0.268	0.322	0.322	0.394	0.342	0.374	0.283	0.273	0.362	0.306	0.936	0.935	0.926	0.935	0.920	0.041	0.249	0.321	0.313	0.382	0.328	0.346	0.282	0.277	0.243	0.250	0.821	0.834	0.817	0.831	0.818	0.038
50:31:29	25.1	0.127	0.180	0.212	0.263	0.384	0.273	0.186	0.127	0.339	0.256	0.938	0.924	0.925	0.939	0.909	0.038	0.266	0.319	0.318	0.391	0.338	0.375	0.285	0.275	0.364	0.306	0.937	0.935	0.926	0.935	0.919	0.041	0.247	0.319	0.310	0.379	0.324	0.348	0.285	0.277	0.243	0.251	0.818	0.831	0.815	0.828	0.816	0.038
50:47:11	25.1	0.125	0.179	0.210	0.262	0.246	0.271	0.184	0.124	0.337	0.256	0.937	0.923	0.923	0.935	0.908	0.038	0.265	0.318	0.318	0.392	0.338	0.374	0.285	0.276	0.365	0.306	0.936	0.934	0.925	0.933	0.918	0.041	0.245	0.319	0.309	0.380	0.324	0.349	0.285	0.279	0.242	0.250	0.816	0.828	0.812	0.825	0.813	0.038

Results
	1	2	3	4	5	6	7	8
A	1.153	1.680	-2.059	4.683	27.818	-1.106	-1.646	-0.680	Max V [600]
	1.000	1.000	1.000	1.000	1.000	1.000	1.000	1.000	R-Squared [600]
	8:06:54	7:04:04	45:25:05	18:51:00	10:44:00	45:25:05	45:25:05	45:25:05	t at Max V [600]
	5:50:56	5:24:56	47:08:54	17:30:42	10:29:20	49:11:46	47:10:38	48:51:36	Lagtime [600]
B	0.484	0.434	3.771	3.650	3.561	3.446	3.369	-0.013	Max V [600]
	1.000	1.000	1.000	1.000	1.000	1.000	1.000	1.000	R-Squared [600]
	0:07:52	45:05:42	6:48:21	6:48:21	6:48:21	6:48:21	6:48:21	42:24:55	t at Max V [600]
	0:00:00	37:09:01	4:56:26	4:50:18	4:44:12	4:41:38	4:45:28	41:45:37	Lagtime [600]
C	1.387	1.686	1.223	1.223	1.962	-0.388	-0.407	0.375	Max V [600]
	1.000	1.000	1.000	1.000	1.000	1.000	1.000	1.000	R-Squared [600]
	7:51:12	7:04:04	8:06:54	7:19:46	4:26:58	45:25:05	45:25:05	0:07:52	t at Max V [600]
	5:33:55	5:20:54	5:54:41	5:08:07	4:11:40	?????	?????	0:00:00	Lagtime [600]
D	0.268	0.337	3.822	3.994	3.580	3.408	3.414	0.094	Max V [600]
	1.000	1.000	1.000	1.000	1.000	1.000	1.000	1.000	R-Squared [600]
	24:20:54	0:07:52	6:48:21	6:48:21	6:48:21	6:48:21	6:48:21	2:48:49	t at Max V [600]
	15:46:32	0:00:00	4:55:09	4:53:24	4:40:39	4:34:03	4:43:11	2:38:10	Lagtime [600]
E	1.350	1.902	1.261	1.253	7.845	-0.350	0.305	0.642	Max V [600]
	1.000	1.000	1.000	1.000	1.000	1.000	1.000	1.000	R-Squared [600]
	8:06:54	6:01:14	8:06:54	7:04:04	5:29:49	45:25:05	45:25:05	45:25:05	t at Max V [600]
	5:38:25	5:14:28	5:50:07	5:07:32	5:18:17	?????	33:13:49	39:31:24	Lagtime [600]
F	0.464	0.508	3.586	3.449	3.299	3.369	3.331	0.013	Max V [600]
	1.000	1.000	1.000	1.000	1.000	1.000	1.000	1.000	R-Squared [600]
	0:07:52	45:25:05	6:48:21	6:32:39	6:48:21	6:48:21	6:48:21	45:05:42	t at Max V [600]
	0:00:00	38:34:50	4:49:51	4:36:25	4:41:21	4:40:45	4:40:38	45:55:38	Lagtime [600]

