Sample Rep b0 A umax L z umax_lw umax_up umax_lw_FI umax_up_FI
L2D1-100 1 0.0503304569793 0.160376183657 0.0112878715525 20.0 -4.57914295737 0.0102441040512 0.0123316390538 0.0102440848714 0.0123316582336
L2D1-100 2 0.0456878289803 0.277738983133 0.011088663855 20.0 -4.81775904717 0.0103454246438 0.0118319030662 0.0103454109864 0.0118319167236
L2D1-100 3 0.0458557262661 0.309847491875 0.0115806924128 20.0 -4.79382959931 0.0108536593842 0.0123077254413 0.0108536460246 0.0123077388009
L2F1-100 1 0.000822025664348 1.08856762152 0.0468006605183 3.57800890366 -3.56520907753 0.0454401819498 0.0481611390868 0.0454401569502 0.0481611640864
L2F1-100 2 0.0139610671209 1.00396398235 0.048680645349 3.91330179419 -3.89234555093 0.0475826493997 0.0497786412982 0.0475826292234 0.0497786614745
L2F1-100 3 0.0238042352958 0.968369551479 0.0499976538053 4.28452556751 -3.91559000971 0.0488575504415 0.0511377571691 0.0488575294915 0.0511377781192
L2J1-100 1 0.107708537965 0.942008932935 0.234896914264 5.7569952558 -1.95231373523 0.176590980252 0.293202848277 0.176589908847 0.293203919681
L2J1-100 2 0.0969918477569 0.84924 0.228682286527 5.66653358167 -1.77752451593 0.152493285858 0.304871287197 0.152491885841 0.304872687214
L2D2-100 1 0.0469647897991 0.221003747514 0.0119279810249 10.1645975251 -5.69288233529 0.0116978768556 0.0121580851941 0.0116978726273 0.0121580894224
L2D2-100 2 0.0495723514976 0.20120752786 0.0137864335281 10.9646274014 -5.44869979293 0.0133882991105 0.0141845679458 0.0133882917945 0.0141845752617
L2D2-100 3 0.050264490021 0.228720219393 0.0154360329122 11.5240558032 -5.5672879403 0.0150955926367 0.0157764731877 0.0150955863809 0.0157764794435
L2F2-100 1 -0.0251397534968 1.21445176386 0.0475462104135 2.95706195077 -3.92752294281 0.0466466495227 0.0484457713043 0.0466466329928 0.0484457878342
L2F2-100 2 -0.0197977048104 1.2069361289 0.0474258091131 3.13164432328 -3.91067017062 0.0465055303195 0.0483460879066 0.0465055134088 0.0483461048173
L2F2-100 3 -0.0342492339089 1.23533665215 0.0475198555984 2.60065800732 -3.8379778854 0.0465428578705 0.0484968533262 0.0465428399177 0.0484968712791
L2J2-100 1 0.110478874268 0.996912084167 0.146218703177 8.21306274487 -2.05430824211 0.121495015474 0.17094239088 0.121494561162 0.170942845192
L2J2-100 2 0.101071883485 0.92115139037 0.142357756341 8.1479002906 -2.10490631161 0.116652922113 0.16806259057 0.116652449772 0.168063062911
L2D3-100 1 0.0463503885917 0.177514882415 0.00756440574022 15.7732977212 -5.89229572789 0.00740784316184 0.0077209683186 0.00740784028491 0.00772097119552
L2D3-100 2 0.0461707282092 0.185565568225 0.00739370363558 15.2525661865 -6.10235509495 0.00727564267997 0.00751176459118 0.00727564051054 0.00751176676061
L2D3-100 3 0.0461548825925 0.189479972451 0.00746888015771 15.2361716978 -6.14256295941 0.00735743716434 0.00758032315108 0.00735743511651 0.00758032519891
L2F3-100 1 -0.0173892782448 1.29137097607 0.0448433993629 3.71098926827 -3.84046437794 0.0439316081188 0.045755190607 0.0439315913641 0.0457552073617
L2F3-100 2 -0.0296659022698 1.3163425617 0.044253997936 3.13259880789 -3.56935714842 0.0430783557957 0.0454296400763 0.0430783341926 0.0454296616793
L2F3-100 3 0.00452052804587 1.2138885578 0.0467319956578 4.6303517946 -4.0069462587 0.0458966748943 0.0475673164213 0.0458966595448 0.0475673317708
L2J3-100 1 0.118589638236 1.12920370715 0.25345233244 5.42193253526 -2.11018910994 0.209087395461 0.297817269419 0.20908658023 0.29781808465
L2J3-100 2 0.121685236544 1.1137226404 0.259615434029 5.35480862558 -2.00491452083 0.208034965286 0.311195902772 0.208034017466 0.311196850593
L2D4-100 1 0.0438170519002 0.38439624231 0.0140168085018 9.894485518 -5.25897258343 0.0137807315474 0.0142528854563 0.0137807272093 0.0142528897944
L2D4-100 2 0.0451667755606 0.399538962168 0.0148020484934 10.4415225337 -5.67181479003 0.0146449418498 0.014959155137 0.0146449389629 0.0149591580239
L2D4-100 3 0.0436844727475 0.43450282956 0.0150550899672 10.1860107403 -5.45894122373 0.0148711645844 0.0152390153499 0.0148711612047 0.0152390187296
L2F4-100 1 -0.0491986800609 1.27147755193 0.0461660647709 2.06645959826 -3.76135772593 0.0451566748302 0.0471754547115 0.0451566562821 0.0471754732596
L2F4-100 2 -0.0496287329429 1.27750709482 0.0466326314817 2.03997409017 -3.75161741555 0.0456094484861 0.0476558144773 0.0456094296845 0.0476558332789
L2F4-100 3 -0.0455030536974 1.24220777651 0.0460078414061 2.08032049964 -3.7728920464 0.0449933143836 0.0470223684287 0.0449932957411 0.0470223870712
L2J4-100 1 0.103155316339 1.11201758519 0.23775470854 6.41652486887 -2.3926507152 0.205914202406 0.269595214673 0.205913617319 0.269595799761
L2J4-100 2 0.106393703033 1.07671241519 0.243169375884 6.38006510723 -2.20612777741 0.202391086943 0.283947664825 0.202390337619 0.283948414149
L2D5-100 1 0.0458362999372 0.188951425972 0.00859881775505 9.68347406585 -6.02133354457 0.00846264571676 0.00873498979334 0.00846264321452 0.00873499229558
L2D5-100 2 0.0491243825828 0.210260467332 0.0116430546181 10.9466705787 -5.54632757999 0.0113662622992 0.011919846937 0.011366257213 0.0119198520233
L2D5-100 3 0.0488794049687 0.242707166344 0.0123104039893 10.8379615264 -6.12292652881 0.0121737288249 0.0124470791537 0.0121737263134 0.0124470816652
L2F5-100 1 -0.0530136479527 1.26534398858 0.0448899777634 1.94026741344 -3.7366279505 0.0438777002325 0.0459022552944 0.0438776816313 0.0459022738955
L2F5-100 2 -0.0557001556706 1.25287776951 0.0440390649234 1.78861063349 -3.79969294624 0.0431005724999 0.0449775573469 0.0431005552546 0.0449775745922
L2F5-100 3 -0.0517106933031 1.2390662075 0.0433349292669 1.74159990017 -3.77546784685 0.0423773180776 0.0442925404562 0.0423773004809 0.0442925580528
L2J5-100 1 0.125991143938 1.20417076204 0.255014120936 5.27325615166 -2.08433529178 0.212846286578 0.297181955294 0.21284551172 0.297182730152
L2J5-100 2 0.159576288085 1.13931886228 0.264036924919 4.37359829935 -1.89509096148 0.207382630276 0.320691219562 0.207381589221 0.320692260617
L2J1-100 3 0.107799124203 0.957279637218 0.224733884113 5.60863004709 -2.05897341988 0.176037542356 0.27343022587 0.176036647533 0.273431120694
L2J2-100 3 0.0528458252899 1.05402 0.125633862353 7.01140460438 -2.15736012386 0.107556989591 0.143710735115 0.107556657418 0.143711067288
L2J3-100 3 0.120779572319 1.10692247252 0.251726908936 5.31538610064 -1.99545054694 0.201567775145 0.301886042727 0.201566853443 0.30188696443
L2J4-100 3 0.10869783539 1.09061247694 0.238201351643 6.34232114531 -2.24040849577 0.200337137513 0.276065565773 0.200336441737 0.276066261549
L2J5-100 3 0.124040586744 1.16504270469 0.249503993226 5.25716875862 -2.02684735102 0.204497570678 0.294510415774 0.204496743659 0.294511242793
