Time	Temp_C	L0P1-100_1	L1J1-100_1	L1J1-100_2	L1J1-100_3	L1F1-100_1	L1F1-100_2	L1F1-100_3	empty_1	L0P1-100_2	L1J2-100_1	L1J2-100_2	L1J2-100_3	L1F2-100_1	L1F2-100_2	L1F2-100_3	empty_2	L0P1-100_3	L1J3-100_1	L1J3-100_2	L1J3-100_3	L1F3-100_1	L1F3-100_2	L1F3-100_3	empty_3	empty_4	L1J5-100_1	L1J5-100_2	L1J5-100_3	L1F4-100_1	L1F4-100_2	L1F4-100_3	empty_5	L1D4-100_1	L1D4-100_2	L1D4-100_3	empty_6	L1F5-100_1	L1F5-100_2	L1F5-100_3	empty_7	L1D5-100_1	L1D5-100_2	L1D5-100_3	empty_8	blank_media_1	blank_media_2	blank_media_3	blank_media_4
0:00:00	25.0	0.039	0.040	0.038	0.039	0.041	0.042	0.044	0.050	0.050	0.041	0.039	0.039	0.046	0.041	0.043	0.047	0.044	0.039	0.040	0.044	0.039	0.059	0.039	0.046	0.051	0.054	0.040	0.038	0.040	0.040	0.038	0.047	0.041	0.042	0.041	0.047	0.040	0.040	0.039	0.048	0.050	0.044	0.043	0.047	0.038	0.038	0.051	0.040
0:15:43	25.1	0.044	0.045	0.044	0.045	0.045	0.045	0.046	0.050	0.058	0.045	0.045	0.044	0.053	0.041	0.046	0.047	0.047	0.044	0.045	0.050	0.042	0.041	0.042	0.046	0.050	0.045	0.045	0.045	0.042	0.043	0.043	0.047	0.044	0.044	0.045	0.047	0.043	0.043	0.043	0.047	0.053	0.045	0.045	0.047	0.038	0.038	0.051	0.040
0:31:25	25.1	0.045	0.046	0.045	0.045	0.045	0.046	0.047	0.050	0.054	0.045	0.045	0.044	0.055	0.040	0.047	0.047	0.046	0.044	0.046	0.067	0.042	0.043	0.042	0.046	0.050	0.046	0.045	0.045	0.043	0.043	0.043	0.047	0.044	0.044	0.049	0.047	0.043	0.043	0.043	0.047	0.053	0.046	0.046	0.047	0.038	0.038	0.051	0.040
0:47:08	25.1	0.045	0.047	0.046	0.047	0.045	0.046	0.047	0.050	0.055	0.047	0.045	0.045	0.055	0.041	0.047	0.047	0.047	0.046	0.047	0.052	0.048	0.043	0.042	0.046	0.050	0.048	0.046	0.046	0.043	0.043	0.043	0.047	0.045	0.045	0.045	0.047	0.044	0.044	0.043	0.048	0.055	0.047	0.046	0.047	0.038	0.038	0.051	0.040
1:02:50	25.1	0.046	0.048	0.048	0.050	0.045	0.048	0.049	0.050	0.056	0.049	0.047	0.046	0.057	0.041	0.048	0.047	0.048	0.047	0.049	0.053	0.044	0.042	0.043	0.046	0.050	0.049	0.048	0.048	0.043	0.044	0.043	0.047	0.045	0.045	0.046	0.047	0.044	0.044	0.044	0.048	0.054	0.047	0.047	0.047	0.038	0.038	0.051	0.040
1:18:33	25.1	0.047	0.049	0.049	0.049	0.051	0.047	0.048	0.050	0.058	0.048	0.048	0.047	0.057	0.041	0.056	0.047	0.049	0.048	0.050	0.060	0.043	0.042	0.062	0.046	0.050	0.050	0.049	0.049	0.043	0.044	0.044	0.047	0.046	0.046	0.046	0.047	0.045	0.045	0.044	0.048	0.055	0.048	0.047	0.047	0.038	0.038	0.051	0.040
1:34:15	25.1	0.049	0.050	0.051	0.051	0.046	0.058	0.048	0.049	0.060	0.049	0.049	0.048	0.068	0.041	0.049	0.047	0.051	0.049	0.051	0.056	0.061	0.043	0.053	0.046	0.051	0.052	0.050	0.050	0.044	0.045	0.044	0.047	0.046	0.046	0.047	0.047	0.045	0.045	0.045	0.048	0.055	0.048	0.048	0.047	0.038	0.038	0.050	0.040
1:49:58	25.1	0.051	0.051	0.052	0.061	0.047	0.047	0.049	0.049	0.062	0.051	0.049	0.048	0.060	0.041	0.050	0.047	0.054	0.051	0.053	0.058	0.048	0.043	0.043	0.046	0.051	0.054	0.052	0.051	0.044	0.045	0.045	0.047	0.047	0.047	0.047	0.047	0.045	0.045	0.045	0.047	0.056	0.049	0.049	0.047	0.038	0.038	0.051	0.040
2:05:40	25.1	0.053	0.053	0.054	0.054	0.047	0.048	0.049	0.050	0.065	0.051	0.051	0.050	0.061	0.040	0.051	0.047	0.057	0.052	0.055	0.059	0.048	0.044	0.044	0.046	0.051	0.056	0.053	0.053	0.045	0.046	0.046	0.047	0.047	0.047	0.048	0.047	0.046	0.046	0.046	0.048	0.057	0.050	0.049	0.047	0.038	0.038	0.051	0.040
2:21:23	25.1	0.057	0.054	0.056	0.056	0.048	0.049	0.050	0.050	0.069	0.053	0.052	0.051	0.062	0.040	0.051	0.047	0.061	0.054	0.057	0.062	0.055	0.044	0.044	0.046	0.050	0.058	0.055	0.055	0.045	0.046	0.046	0.047	0.048	0.048	0.050	0.047	0.047	0.047	0.046	0.047	0.057	0.050	0.050	0.047	0.038	0.038	0.051	0.040
2:37:05	25.0	0.061	0.057	0.058	0.058	0.048	0.049	0.051	0.050	0.074	0.054	0.053	0.052	0.064	0.040	0.074	0.047	0.066	0.056	0.059	0.065	0.052	0.060	0.045	0.046	0.051	0.060	0.057	0.057	0.046	0.047	0.047	0.047	0.048	0.049	0.049	0.047	0.047	0.047	0.047	0.048	0.058	0.051	0.051	0.047	0.038	0.038	0.050	0.040
2:52:48	25.1	0.067	0.058	0.060	0.060	0.049	0.051	0.052	0.050	0.085	0.056	0.055	0.053	0.066	0.040	0.052	0.047	0.073	0.058	0.061	0.086	0.045	0.045	0.050	0.046	0.051	0.062	0.060	0.059	0.047	0.048	0.047	0.047	0.049	0.049	0.050	0.047	0.048	0.048	0.047	0.048	0.059	0.052	0.052	0.047	0.038	0.041	0.051	0.040
3:08:31	25.1	0.073	0.060	0.063	0.063	0.050	0.051	0.052	0.050	0.089	0.057	0.056	0.055	0.067	0.040	0.053	0.047	0.080	0.060	0.064	0.091	0.066	0.045	0.045	0.046	0.050	0.066	0.062	0.062	0.048	0.049	0.048	0.047	0.050	0.050	0.051	0.047	0.049	0.049	0.048	0.047	0.060	0.053	0.053	0.047	0.038	0.038	0.051	0.040
3:24:13	25.1	0.081	0.063	0.066	0.066	0.051	0.052	0.053	0.050	0.099	0.059	0.058	0.056	0.072	0.040	0.054	0.047	0.089	0.063	0.067	0.075	0.070	0.045	0.046	0.046	0.050	0.069	0.065	0.065	0.048	0.049	0.049	0.047	0.051	0.051	0.051	0.047	0.050	0.050	0.049	0.048	0.061	0.054	0.054	0.047	0.038	0.038	0.051	0.040
3:39:56	25.1	0.091	0.066	0.070	0.070	0.051	0.053	0.054	0.050	0.111	0.061	0.060	0.058	0.071	0.040	0.055	0.047	0.101	0.066	0.070	0.111	0.046	0.046	0.046	0.046	0.050	0.073	0.068	0.068	0.049	0.050	0.050	0.047	0.051	0.052	0.053	0.047	0.050	0.051	0.050	0.048	0.061	0.055	0.055	0.047	0.038	0.038	0.051	0.040
3:55:38	25.1	0.107	0.070	0.074	0.074	0.053	0.053	0.058	0.050	0.126	0.063	0.063	0.060	0.074	0.040	0.056	0.047	0.116	0.070	0.075	0.084	0.048	0.046	0.050	0.046	0.050	0.077	0.072	0.072	0.050	0.051	0.051	0.047	0.052	0.053	0.054	0.047	0.051	0.052	0.051	0.047	0.063	0.056	0.056	0.047	0.038	0.038	0.051	0.040
4:11:21	25.1	0.117	0.074	0.079	0.079	0.054	0.055	0.056	0.050	0.143	0.066	0.066	0.063	0.077	0.040	0.057	0.047	0.132	0.074	0.079	0.091	0.053	0.047	0.059	0.046	0.050	0.083	0.076	0.077	0.051	0.052	0.051	0.047	0.053	0.054	0.055	0.047	0.052	0.053	0.052	0.048	0.064	0.057	0.057	0.047	0.038	0.038	0.050	0.040
4:27:03	25.1	0.133	0.079	0.084	0.084	0.056	0.057	0.058	0.050	0.162	0.069	0.069	0.065	0.079	0.040	0.058	0.047	0.152	0.079	0.085	0.098	0.060	0.048	0.060	0.046	0.050	0.092	0.081	0.082	0.052	0.053	0.052	0.047	0.054	0.055	0.056	0.047	0.054	0.054	0.053	0.048	0.066	0.059	0.059	0.047	0.038	0.038	0.051	0.040
4:42:45	25.1	0.152	0.082	0.090	0.098	0.055	0.057	0.064	0.050	0.188	0.073	0.072	0.069	0.082	0.040	0.060	0.047	0.179	0.084	0.091	0.136	0.049	0.049	0.049	0.046	0.050	0.093	0.086	0.095	0.053	0.055	0.054	0.047	0.055	0.056	0.059	0.047	0.055	0.055	0.055	0.048	0.069	0.060	0.060	0.047	0.038	0.038	0.051	0.040
4:58:28	25.1	0.178	0.088	0.095	0.097	0.057	0.059	0.066	0.050	0.221	0.076	0.075	0.071	0.086	0.040	0.061	0.047	0.212	0.089	0.098	0.115	0.050	0.052	0.050	0.046	0.050	0.100	0.092	0.091	0.054	0.056	0.055	0.047	0.057	0.057	0.065	0.047	0.056	0.056	0.056	0.048	0.068	0.062	0.061	0.047	0.038	0.038	0.050	0.040
5:14:10	25.1	0.209	0.092	0.102	0.102	0.059	0.073	0.064	0.050	0.257	0.079	0.079	0.075	0.097	0.040	0.063	0.047	0.246	0.095	0.106	0.125	0.051	0.056	0.051	0.046	0.051	0.107	0.098	0.097	0.056	0.058	0.057	0.047	0.058	0.059	0.075	0.047	0.058	0.058	0.057	0.048	0.070	0.063	0.063	0.047	0.038	0.038	0.051	0.040
5:29:53	25.1	0.244	0.099	0.109	0.109	0.058	0.060	0.067	0.050	0.295	0.083	0.084	0.080	0.093	0.041	0.065	0.047	0.285	0.102	0.115	0.137	0.054	0.051	0.052	0.046	0.050	0.117	0.108	0.104	0.057	0.059	0.058	0.047	0.059	0.060	0.061	0.047	0.060	0.060	0.059	0.048	0.071	0.065	0.065	0.047	0.038	0.038	0.051	0.040
5:45:36	25.1	0.278	0.107	0.121	0.118	0.060	0.100	0.065	0.050	0.342	0.089	0.089	0.086	0.112	0.040	0.067	0.047	0.334	0.111	0.129	0.153	0.053	0.054	0.078	0.046	0.051	0.128	0.117	0.115	0.059	0.061	0.060	0.047	0.061	0.062	0.071	0.047	0.062	0.063	0.060	0.048	0.073	0.067	0.067	0.047	0.038	0.038	0.051	0.040
6:01:18	25.1	0.324	0.117	0.132	0.130	0.061	0.064	0.084	0.050	0.402	0.095	0.095	0.091	0.103	0.041	0.069	0.047	0.393	0.122	0.142	0.188	0.055	0.054	0.089	0.046	0.050	0.142	0.130	0.126	0.061	0.064	0.063	0.047	0.062	0.063	0.065	0.047	0.074	0.065	0.063	0.048	0.075	0.069	0.069	0.047	0.038	0.038	0.052	0.040
6:17:01	25.1	0.377	0.127	0.146	0.144	0.063	0.071	0.068	0.050	0.462	0.102	0.101	0.104	0.112	0.040	0.072	0.047	0.455	0.135	0.160	0.190	0.055	0.055	0.167	0.046	0.050	0.158	0.145	0.140	0.064	0.066	0.065	0.047	0.064	0.065	0.067	0.047	0.066	0.067	0.065	0.048	0.077	0.071	0.071	0.047	0.038	0.038	0.051	0.040
6:32:43	25.1	0.432	0.140	0.163	0.161	0.064	0.068	0.070	0.050	0.524	0.108	0.109	0.105	0.116	0.040	0.074	0.047	0.515	0.150	0.180	0.209	0.057	0.060	0.145	0.046	0.051	0.177	0.163	0.156	0.066	0.069	0.067	0.047	0.066	0.067	0.069	0.047	0.070	0.070	0.068	0.048	0.079	0.073	0.073	0.047	0.038	0.038	0.051	0.040
6:48:26	25.1	0.485	0.155	0.183	0.181	0.070	0.076	0.072	0.050	0.582	0.117	0.117	0.114	0.120	0.040	0.078	0.047	0.572	0.169	0.206	0.247	0.058	0.065	0.060	0.046	0.051	0.202	0.185	0.177	0.069	0.072	0.070	0.047	0.068	0.069	0.070	0.047	0.072	0.073	0.070	0.048	0.081	0.075	0.075	0.047	0.038	0.038	0.051	0.040
7:04:08	25.1	0.546	0.173	0.204	0.204	0.070	0.077	0.073	0.050	0.640	0.125	0.127	0.123	0.128	0.040	0.091	0.047	0.632	0.190	0.234	0.270	0.060	0.062	0.088	0.046	0.050	0.228	0.212	0.202	0.072	0.076	0.073	0.047	0.070	0.071	0.073	0.047	0.076	0.080	0.073	0.048	0.083	0.078	0.078	0.047	0.038	0.038	0.050	0.040
7:19:51	25.1	0.600	0.194	0.233	0.232	0.115	0.128	0.088	0.050	0.686	0.137	0.138	0.135	0.168	0.040	0.084	0.047	0.675	0.216	0.270	0.320	0.070	0.073	0.073	0.046	0.050	0.262	0.244	0.228	0.076	0.079	0.077	0.047	0.072	0.073	0.075	0.047	0.089	0.080	0.077	0.048	0.086	0.080	0.081	0.047	0.038	0.038	0.051	0.040
7:35:33	25.1	0.654	0.219	0.265	0.264	0.154	0.086	0.183	0.050	0.687	0.149	0.150	0.148	0.145	0.040	0.089	0.047	0.674	0.247	0.311	0.461	0.063	0.064	0.083	0.046	0.050	0.297	0.280	0.278	0.080	0.084	0.081	0.047	0.074	0.075	0.078	0.047	0.084	0.108	0.081	0.047	0.088	0.083	0.084	0.047	0.038	0.038	0.051	0.040
7:51:16	25.1	0.666	0.249	0.300	0.298	0.076	0.132	0.080	0.050	0.689	0.164	0.164	0.165	0.159	0.040	0.092	0.047	0.676	0.281	0.351	0.468	0.068	0.124	0.071	0.046	0.050	0.342	0.325	0.301	0.084	0.089	0.085	0.047	0.076	0.078	0.089	0.047	0.088	0.089	0.085	0.048	0.091	0.086	0.087	0.047	0.038	0.038	0.051	0.040
8:06:59	25.1	0.675	0.284	0.345	0.345	0.079	0.078	0.083	0.050	0.697	0.182	0.183	0.183	0.165	0.040	0.098	0.047	0.684	0.320	0.400	0.439	0.080	0.102	0.070	0.046	0.050	0.392	0.371	0.343	0.089	0.094	0.090	0.047	0.079	0.081	0.084	0.047	0.113	0.095	0.090	0.047	0.094	0.089	0.090	0.047	0.038	0.038	0.050	0.040
8:22:41	25.1	0.687	0.316	0.392	0.394	0.085	0.085	0.094	0.050	0.701	0.199	0.202	0.204	0.186	0.041	0.131	0.047	0.689	0.365	0.455	0.497	0.187	0.073	0.071	0.046	0.050	0.465	0.422	0.399	0.095	0.100	0.096	0.047	0.082	0.084	0.087	0.047	0.100	0.101	0.096	0.047	0.102	0.093	0.094	0.047	0.038	0.038	0.050	0.040
8:38:24	25.1	0.687	0.363	0.441	0.444	0.083	0.088	0.244	0.050	0.701	0.220	0.224	0.229	0.195	0.040	0.138	0.047	0.689	0.413	0.503	0.580	0.075	0.103	0.078	0.046	0.051	0.498	0.479	0.470	0.101	0.106	0.102	0.047	0.085	0.087	0.096	0.047	0.108	0.107	0.103	0.048	0.101	0.096	0.098	0.047	0.038	0.038	0.051	0.040
8:54:06	25.1	0.684	0.412	0.490	0.496	0.193	0.090	0.122	0.050	0.700	0.240	0.248	0.258	0.201	0.040	0.159	0.047	0.688	0.463	0.572	0.608	0.086	0.075	0.096	0.046	0.050	0.561	0.546	0.522	0.108	0.113	0.108	0.047	0.088	0.090	0.094	0.047	0.115	0.117	0.109	0.047	0.105	0.101	0.101	0.047	0.038	0.040	0.051	0.040
9:09:49	25.1	0.682	0.462	0.561	0.558	0.092	0.096	0.098	0.050	0.701	0.264	0.277	0.284	0.213	0.040	0.122	0.047	0.689	0.520	0.619	0.661	0.093	0.170	0.091	0.046	0.051	0.605	0.592	0.571	0.115	0.121	0.115	0.047	0.091	0.094	0.098	0.047	0.130	0.153	0.117	0.048	0.109	0.105	0.105	0.047	0.038	0.038	0.051	0.040
9:25:31	25.1	0.679	0.533	0.600	0.600	0.224	0.235	0.203	0.050	0.705	0.308	0.305	0.322	0.228	0.040	0.129	0.047	0.695	0.584	0.660	0.759	0.096	0.099	0.087	0.046	0.050	0.660	0.787	0.612	0.123	0.129	0.123	0.047	0.095	0.098	0.126	0.047	0.146	0.135	0.125	0.048	0.113	0.109	0.110	0.047	0.038	0.038	0.050	0.040
9:41:14	25.1	0.680	0.577	0.643	0.648	0.257	0.113	0.110	0.050	0.710	0.325	0.342	0.363	0.247	0.040	0.140	0.047	0.701	0.626	0.755	0.769	0.291	0.118	0.226	0.046	0.050	0.710	0.715	0.656	0.132	0.138	0.131	0.047	0.099	0.103	0.123	0.047	0.144	0.143	0.134	0.047	0.117	0.114	0.114	0.047	0.038	0.038	0.051	0.040
9:56:57	25.1	0.683	0.613	0.701	0.702	0.132	0.112	0.156	0.050	0.719	0.361	0.381	0.408	0.261	0.040	0.146	0.047	0.709	0.672	0.785	0.829	0.102	0.118	0.229	0.046	0.050	0.770	0.793	0.715	0.142	0.148	0.140	0.047	0.103	0.106	0.111	0.047	0.175	0.154	0.144	0.048	0.122	0.118	0.120	0.047	0.038	0.038	0.050	0.040
10:12:39	25.1	0.688	0.657	0.762	0.768	0.136	0.501	0.157	0.050	0.728	0.404	0.421	0.477	0.277	0.040	0.157	0.047	0.720	0.729	0.836	0.858	0.297	0.132	0.135	0.046	0.051	0.824	0.860	0.797	0.152	0.159	0.150	0.047	0.108	0.111	0.116	0.047	0.169	0.166	0.156	0.047	0.127	0.124	0.126	0.047	0.038	0.038	0.050	0.040
10:28:22	25.1	0.692	0.726	0.816	0.815	0.155	0.127	0.222	0.050	0.739	0.472	0.493	0.536	0.335	0.040	0.211	0.047	0.731	0.799	0.881	0.883	0.349	0.150	0.110	0.046	0.050	0.875	0.863	0.834	0.163	0.171	0.161	0.047	0.112	0.116	0.121	0.047	0.184	0.184	0.167	0.048	0.132	0.130	0.131	0.047	0.038	0.038	0.051	0.040
10:44:04	25.1	0.702	0.783	0.871	0.865	0.263	0.228	0.186	0.050	0.757	0.511	0.541	0.577	0.352	0.041	0.175	0.047	0.750	0.849	0.934	0.912	0.291	0.125	0.139	0.046	0.051	0.924	1.000	0.882	0.175	0.183	0.173	0.047	0.120	0.121	0.128	0.047	0.199	0.197	0.182	0.048	0.138	0.136	0.137	0.047	0.038	0.038	0.050	0.040
10:59:47	25.1	0.714	0.830	0.912	0.916	0.264	0.143	0.459	0.050	0.782	0.550	0.578	0.618	0.333	0.040	0.262	0.047	0.778	0.897	0.995	0.963	0.201	0.127	0.221	0.046	0.051	1.000	0.965	0.931	0.187	0.195	0.183	0.047	0.123	0.127	0.178	0.047	0.219	0.250	0.195	0.048	0.144	0.142	0.143	0.047	0.038	0.038	0.051	0.040
11:15:30	25.1	0.735	0.882	0.960	0.969	0.510	0.196	0.294	0.049	0.817	0.587	0.613	0.665	0.450	0.040	0.230	0.047	0.815	0.950	1.069	1.006	0.170	0.199	0.141	0.046	0.050	1.058	1.039	0.979	0.200	0.209	0.195	0.047	0.128	0.133	0.139	0.047	0.234	0.229	0.210	0.047	0.150	0.149	0.150	0.047	0.038	0.038	0.050	0.040
11:31:12	25.1	0.766	0.927	1.009	1.013	0.496	0.380	0.278	0.050	0.852	0.628	0.654	0.706	0.369	0.040	0.213	0.047	0.848	0.996	1.073	1.042	0.250	0.200	0.172	0.046	0.050	1.085	1.048	1.029	0.214	0.222	0.208	0.047	0.135	0.139	0.146	0.047	0.263	0.304	0.227	0.048	0.157	0.157	0.158	0.047	0.038	0.038	0.051	0.040
11:46:55	25.0	0.800	0.968	1.067	1.063	0.197	0.220	0.525	0.050	0.875	0.674	0.706	0.765	0.500	0.040	0.239	0.047	0.870	1.047	1.123	1.095	0.177	0.192	0.202	0.046	0.051	1.124	1.099	1.081	0.228	0.235	0.221	0.047	0.141	0.146	0.153	0.047	0.276	0.265	0.243	0.048	0.164	0.164	0.165	0.047	0.038	0.038	0.050	0.040
12:02:37	25.1	0.823	1.021	1.108	1.116	0.257	0.203	0.392	0.050	0.891	0.736	0.768	0.814	0.417	0.040	0.241	0.047	0.886	1.092	1.218	1.141	0.216	0.186	0.221	0.046	0.050	1.192	1.273	1.131	0.242	0.250	0.234	0.047	0.149	0.154	0.161	0.047	0.372	0.285	0.264	0.047	0.172	0.173	0.174	0.047	0.038	0.038	0.051	0.040
12:18:20	25.1	0.836	1.067	1.153	1.160	0.222	0.228	0.507	0.050	0.907	0.781	0.812	0.876	0.415	0.040	0.339	0.047	0.900	1.140	1.223	1.196	0.379	0.225	0.560	0.046	0.050	1.225	1.257	1.190	0.255	0.263	0.246	0.047	0.155	0.167	0.169	0.047	0.318	0.314	0.283	0.048	0.180	0.181	0.183	0.047	0.038	0.038	0.050	0.040
12:34:02	25.1	0.851	1.113	1.210	1.211	0.318	0.257	0.256	0.050	0.921	0.833	0.855	0.909	0.444	0.041	0.350	0.047	0.914	1.196	1.269	1.307	0.348	0.279	0.212	0.046	0.050	1.269	1.250	1.236	0.270	0.277	0.259	0.047	0.163	0.170	0.178	0.047	0.365	0.338	0.303	0.048	0.189	0.190	0.191	0.047	0.038	0.038	0.050	0.040
12:49:45	25.1	0.863	1.159	1.252	1.262	0.369	0.304	0.478	0.050	0.934	0.885	0.905	0.959	0.468	0.040	0.290	0.047	0.927	1.246	1.314	1.290	0.289	0.226	0.289	0.046	0.050	1.344	1.339	1.289	0.283	0.291	0.275	0.047	0.172	0.179	0.188	0.047	0.392	0.372	0.326	0.048	0.197	0.200	0.214	0.047	0.038	0.038	0.051	0.040
13:05:28	25.1	0.873	1.203	1.294	1.294	0.746	0.581	0.512	0.050	0.944	0.970	0.949	1.015	0.464	0.040	0.330	0.047	0.939	1.280	1.337	1.498	0.269	0.307	0.330	0.046	0.050	1.326	1.405	1.330	0.297	0.304	0.285	0.047	0.180	0.188	0.198	0.047	0.386	0.373	0.345	0.047	0.208	0.211	0.213	0.047	0.038	0.038	0.050	0.040
13:21:10	25.1	0.884	1.241	1.314	1.318	0.326	0.410	0.440	0.050	0.957	0.987	1.013	1.057	0.486	0.040	0.327	0.047	0.951	1.332	1.349	1.349	0.444	0.339	0.274	0.046	0.050	1.337	1.339	1.351	0.310	0.317	0.297	0.047	0.190	0.198	0.209	0.047	0.415	0.399	0.366	0.048	0.219	0.222	0.224	0.047	0.038	0.039	0.050	0.040
13:36:53	25.1	0.893	1.278	1.327	1.331	0.335	0.399	0.369	0.050	0.969	1.040	1.046	1.109	0.494	0.040	0.332	0.047	0.965	1.353	1.352	1.388	0.437	0.476	0.412	0.046	0.050	1.335	1.341	1.365	0.323	0.330	0.309	0.047	0.200	0.209	0.220	0.047	0.487	0.414	0.386	0.048	0.230	0.234	0.236	0.047	0.038	0.038	0.051	0.040
13:52:35	25.1	0.905	1.297	1.323	1.330	0.402	0.345	0.407	0.050	0.981	1.090	1.096	1.152	0.519	0.040	0.346	0.047	0.975	1.362	1.343	1.553	0.495	0.410	0.448	0.046	0.051	1.331	1.378	1.402	0.335	0.342	0.320	0.047	0.211	0.253	0.232	0.047	0.454	0.490	0.406	0.048	0.241	0.253	0.253	0.047	0.038	0.038	0.051	0.040
14:08:18	25.1	0.913	1.293	1.315	1.324	0.686	0.510	0.531	0.050	0.985	1.169	1.161	1.205	0.513	0.040	0.382	0.047	0.978	1.359	1.341	1.464	0.302	0.355	0.365	0.046	0.050	1.329	1.326	1.344	0.347	0.353	0.331	0.047	0.237	0.232	0.244	0.047	0.484	0.479	0.424	0.048	0.254	0.261	0.263	0.047	0.038	0.038	0.050	0.040
14:24:00	25.1	0.920	1.279	1.304	1.313	0.497	0.754	0.589	0.050	0.982	1.214	1.213	1.240	0.532	0.040	0.442	0.047	0.975	1.346	1.339	1.436	0.739	0.351	0.552	0.046	0.050	1.319	1.372	1.340	0.359	0.364	0.341	0.047	0.239	0.245	0.258	0.047	0.486	0.467	0.440	0.048	0.267	0.274	0.281	0.047	0.038	0.038	0.051	0.040
14:39:43	25.0	0.917	1.271	1.301	1.309	0.567	0.664	0.524	0.050	0.978	1.257	1.255	1.298	0.544	0.040	0.400	0.047	0.971	1.343	1.332	1.383	0.397	0.405	0.567	0.046	0.050	1.343	1.326	1.334	0.368	0.374	0.350	0.047	0.254	0.264	0.275	0.047	0.502	0.479	0.459	0.048	0.281	0.301	0.294	0.047	0.038	0.038	0.050	0.040
14:55:26	25.1	0.911	1.268	1.289	1.301	0.588	0.736	0.539	0.050	0.973	1.312	1.312	1.368	0.563	0.040	0.642	0.047	0.966	1.349	1.330	1.495	0.611	0.460	0.432	0.046	0.050	1.327	1.329	1.425	0.378	0.384	0.359	0.047	0.266	0.275	0.289	0.047	0.519	0.491	0.471	0.048	0.309	0.309	0.311	0.047	0.038	0.038	0.051	0.040
15:11:08	25.0	0.904	1.257	1.287	1.301	0.621	0.614	0.564	0.050	0.967	1.334	1.333	1.356	0.634	0.040	0.415	0.047	0.961	1.334	1.327	1.400	0.570	0.539	0.558	0.046	0.050	1.370	1.400	1.325	0.387	0.393	0.367	0.047	0.287	0.290	0.305	0.047	0.533	0.502	0.484	0.048	0.321	0.323	0.330	0.047	0.042	0.038	0.050	0.040
15:26:51	25.1	0.897	1.252	1.273	1.290	0.847	0.627	0.611	0.050	0.962	1.346	1.359	1.360	0.658	0.040	0.532	0.047	0.955	1.336	1.322	1.415	0.547	0.563	0.507	0.046	0.050	1.315	1.307	1.318	0.394	0.400	0.376	0.047	0.300	0.308	0.322	0.047	0.543	0.514	0.499	0.048	0.329	0.340	0.348	0.047	0.038	0.038	0.050	0.040
15:42:33	25.1	0.890	1.245	1.275	1.277	0.707	0.475	0.676	0.050	0.956	1.405	1.357	1.355	0.704	0.040	0.495	0.047	0.951	1.331	1.319	1.286	0.479	0.499	0.929	0.046	0.050	1.322	1.301	1.319	0.403	0.409	0.384	0.047	0.314	0.327	0.341	0.047	0.563	0.529	0.509	0.048	0.355	0.359	0.371	0.047	0.038	0.038	0.051	0.040
15:58:16	25.1	0.883	1.235	1.265	1.271	0.740	0.506	0.627	0.050	0.952	1.270	1.359	1.349	0.721	0.040	0.456	0.047	0.946	1.321	1.318	1.297	0.604	0.511	0.435	0.046	0.050	1.310	1.313	1.318	0.411	0.417	0.391	0.047	0.340	0.341	0.360	0.047	0.572	0.542	0.522	0.047	0.365	0.378	0.385	0.047	0.038	0.038	0.050	0.040
16:13:58	25.1	0.877	1.226	1.254	1.274	0.637	0.891	0.645	0.050	0.947	1.289	1.346	1.344	0.682	0.040	0.616	0.047	0.942	1.319	1.315	1.459	0.942	0.525	0.492	0.046	0.051	1.286	1.351	1.377	0.420	0.425	0.398	0.047	0.365	0.360	0.379	0.047	0.592	0.552	0.533	0.048	0.387	0.400	0.402	0.047	0.038	0.038	0.050	0.040
16:29:41	25.1	0.870	1.213	1.245	1.260	0.768	0.738	0.530	0.050	0.943	1.287	1.394	1.337	0.963	0.040	0.591	0.047	0.938	1.318	1.306	1.357	0.692	0.802	0.496	0.046	0.050	1.328	1.291	1.312	0.427	0.433	0.406	0.047	0.377	0.380	0.402	0.047	0.592	0.562	0.545	0.047	0.406	0.421	0.424	0.047	0.038	0.038	0.050	0.040
16:45:23	25.1	0.864	1.212	1.242	1.254	0.895	0.573	0.671	0.050	0.938	1.264	1.405	1.332	0.875	0.040	0.494	0.047	0.934	1.311	1.304	1.341	0.835	0.712	0.594	0.046	0.050	1.280	1.293	1.306	0.435	0.441	0.413	0.047	0.392	0.400	0.422	0.047	0.675	0.576	0.553	0.048	0.427	0.444	0.449	0.047	0.038	0.038	0.053	0.040
17:01:06	25.0	0.858	1.202	1.238	1.250	0.898	0.858	0.578	0.049	0.934	1.269	1.328	1.324	0.671	0.040	0.509	0.047	0.930	1.309	1.300	1.308	0.662	0.531	0.516	0.046	0.050	1.279	1.352	1.366	0.443	0.449	0.424	0.047	0.413	0.422	0.446	0.047	0.633	0.634	0.568	0.047	0.449	0.467	0.477	0.047	0.038	0.038	0.050	0.040
17:16:48	25.1	0.851	1.193	1.225	1.240	0.816	0.918	0.781	0.050	0.930	1.270	1.298	1.320	0.680	0.040	0.521	0.047	0.926	1.306	1.294	1.369	0.819	0.671	0.589	0.046	0.050	1.282	1.289	1.334	0.450	0.457	0.427	0.047	0.429	0.446	0.469	0.047	0.624	0.602	0.577	0.047	0.469	0.491	0.498	0.047	0.038	0.038	0.050	0.040
17:32:31	25.1	0.845	1.181	1.218	1.240	0.816	0.783	0.821	0.050	0.926	1.234	1.281	1.314	0.762	0.040	0.534	0.047	0.923	1.299	1.286	1.401	0.600	0.674	0.588	0.046	0.050	1.281	1.285	1.431	0.458	0.464	0.434	0.047	0.453	0.470	0.494	0.047	0.638	0.619	0.589	0.048	0.501	0.518	0.525	0.047	0.038	0.038	0.050	0.040
17:48:14	25.1	0.839	1.170	1.213	1.228	0.944	0.828	0.624	0.050	0.922	1.263	1.289	1.302	0.975	0.040	0.594	0.047	0.919	1.295	1.285	1.370	0.854	0.694	0.654	0.046	0.051	1.276	1.302	1.297	0.466	0.471	0.441	0.047	0.477	0.495	0.520	0.047	0.682	0.701	0.598	0.048	0.525	0.550	0.548	0.047	0.038	0.038	0.050	0.040
18:03:56	25.1	0.833	1.163	1.213	1.228	0.986	0.748	0.607	0.050	0.919	1.240	1.278	1.302	0.709	0.040	0.616	0.047	0.916	1.288	1.275	1.429	0.720	0.628	1.181	0.046	0.050	1.282	1.375	1.444	0.472	0.479	0.448	0.047	0.503	0.806	0.546	0.047	0.655	0.625	0.606	0.047	0.552	0.575	0.576	0.047	0.038	0.038	0.051	0.040
18:19:39	25.1	0.827	1.157	1.198	1.224	0.875	0.663	0.639	0.049	0.915	1.269	1.307	1.297	0.728	0.040	0.651	0.047	0.913	1.280	1.275	1.298	1.168	0.965	0.594	0.046	0.050	1.282	1.281	1.296	0.480	0.487	0.457	0.047	0.529	0.549	0.781	0.047	0.666	0.650	0.619	0.048	0.589	0.610	0.608	0.047	0.038	0.038	0.050	0.040
18:35:21	25.1	0.822	1.151	1.192	1.214	0.930	0.931	0.802	0.050	0.913	1.217	1.276	1.281	1.081	0.040	0.624	0.047	0.911	1.282	1.270	1.267	0.647	0.601	0.622	0.046	0.050	1.286	1.280	1.284	0.487	0.495	0.463	0.047	0.558	0.576	0.719	0.047	0.722	0.647	0.627	0.048	0.607	0.636	0.634	0.047	0.038	0.038	0.050	0.040
18:51:04	25.1	0.817	1.147	1.184	1.204	0.920	0.808	0.774	0.050	0.909	1.209	1.255	1.274	0.752	0.040	0.578	0.047	0.908	1.274	1.262	1.364	0.731	0.754	0.695	0.046	0.051	1.281	1.295	1.301	0.496	0.503	0.470	0.047	0.585	0.606	0.629	0.047	0.718	0.672	0.638	0.048	0.636	0.666	0.666	0.047	0.038	0.038	0.050	0.040
19:06:47	25.1	0.811	1.136	1.183	1.205	0.957	0.717	0.672	0.050	0.906	1.209	1.261	1.268	0.841	0.040	0.679	0.047	0.904	1.269	1.258	1.372	0.657	0.630	0.658	0.046	0.051	1.289	1.296	1.321	0.504	0.511	0.477	0.047	0.615	0.737	0.661	0.047	0.723	0.745	0.654	0.048	0.666	0.696	0.698	0.047	0.038	0.038	0.054	0.040
19:22:29	25.1	0.806	1.131	1.172	1.199	1.038	0.972	0.761	0.050	0.902	1.170	1.272	1.258	0.854	0.040	0.624	0.047	0.901	1.266	1.256	1.354	0.876	0.867	0.620	0.046	0.051	1.278	1.299	1.318	0.511	0.518	0.483	0.047	0.647	0.664	0.687	0.047	0.744	0.689	0.657	0.048	0.698	0.728	0.726	0.047	0.038	0.038	0.050	0.040
19:38:12	25.0	0.802	1.127	1.171	1.193	0.952	0.731	0.845	0.050	0.899	1.163	1.224	1.240	0.800	0.040	0.785	0.047	0.899	1.261	1.247	1.306	1.250	0.838	0.693	0.046	0.051	1.305	1.282	1.304	0.519	0.527	0.491	0.047	0.676	0.694	0.716	0.047	0.779	0.699	0.669	0.048	0.729	0.760	0.756	0.047	0.038	0.038	0.050	0.040
19:53:55	25.1	0.797	1.128	1.166	1.189	0.759	0.820	0.787	0.050	0.896	1.171	1.254	1.242	0.800	0.040	0.687	0.047	0.896	1.258	1.244	1.248	0.708	0.618	0.629	0.046	0.050	1.316	1.279	1.309	0.524	0.533	0.497	0.047	0.707	0.724	0.879	0.047	0.811	0.707	0.678	0.047	0.761	0.790	0.791	0.047	0.038	0.038	0.050	0.040
20:09:37	25.1	0.790	1.117	1.167	1.188	1.092	0.916	0.887	0.050	0.893	1.165	1.238	1.230	0.788	0.040	0.612	0.047	0.893	1.254	1.239	1.385	0.853	0.659	0.884	0.046	0.051	1.282	1.338	1.303	0.532	0.541	0.504	0.047	0.742	0.755	0.777	0.047	0.744	0.742	0.689	0.048	0.792	0.824	0.817	0.047	0.038	0.038	0.050	0.040
20:25:20	25.1	0.786	1.118	1.160	1.176	0.793	0.805	0.861	0.050	0.890	1.136	1.192	1.225	0.824	0.040	0.672	0.047	0.889	1.248	1.232	1.320	0.843	1.061	0.904	0.046	0.051	1.270	1.277	1.285	0.541	0.549	0.510	0.047	0.774	0.785	0.810	0.047	0.760	0.734	0.702	0.048	0.822	0.857	0.849	0.047	0.038	0.038	0.050	0.040
20:41:03	25.1	0.780	1.105	1.145	1.169	1.020	1.139	0.844	0.050	0.886	1.167	1.180	1.216	0.784	0.040	0.677	0.047	0.886	1.242	1.225	1.407	0.766	0.871	0.969	0.046	0.050	1.273	1.268	1.290	0.547	0.556	0.517	0.047	0.807	0.818	0.843	0.047	0.796	0.750	0.715	0.048	0.855	0.960	0.881	0.047	0.038	0.038	0.050	0.040
20:56:45	25.1	0.775	1.107	1.149	1.164	1.029	1.107	0.747	0.050	0.882	1.133	1.178	1.211	0.825	0.040	0.814	0.047	0.883	1.236	1.217	1.274	1.094	0.866	0.782	0.046	0.051	1.268	1.276	1.290	0.555	0.564	0.524	0.047	0.840	0.851	1.091	0.047	0.787	0.792	0.726	0.048	0.884	0.915	0.910	0.047	0.038	0.038	0.050	0.040
21:12:28	25.1	0.769	1.101	1.134	1.159	0.850	1.147	0.850	0.050	0.879	1.126	1.170	1.204	0.833	0.040	0.729	0.047	0.880	1.231	1.210	1.301	0.819	0.778	0.765	0.046	0.051	1.322	1.255	1.273	0.562	0.572	0.531	0.047	0.871	0.878	0.899	0.047	0.824	0.777	0.735	0.048	0.911	0.946	0.937	0.047	0.038	0.038	0.050	0.040
21:28:11	25.1	0.764	1.095	1.135	1.158	1.151	1.041	0.689	0.050	0.876	1.119	1.170	1.205	0.840	0.040	0.693	0.047	0.878	1.227	1.206	1.321	0.721	0.758	1.040	0.046	0.051	1.261	1.251	1.272	0.571	0.578	0.537	0.047	0.911	0.912	0.945	0.047	0.799	0.808	0.745	0.048	0.939	0.973	0.966	0.047	0.038	0.038	0.050	0.040
21:43:53	25.1	0.758	1.088	1.128	1.149	1.134	0.893	0.905	0.050	0.873	1.121	1.157	1.196	0.954	0.040	0.695	0.047	0.874	1.216	1.199	1.372	0.939	0.979	0.713	0.046	0.051	1.252	1.246	1.255	0.575	0.586	0.542	0.047	0.929	0.940	0.993	0.047	0.849	0.801	0.762	0.048	0.967	1.002	0.989	0.047	0.038	0.038	0.050	0.039
21:59:36	25.1	0.753	1.090	1.121	1.143	1.001	1.082	0.659	0.050	0.870	1.127	1.290	1.192	1.078	0.040	0.702	0.047	0.872	1.215	1.220	1.384	1.286	0.912	0.825	0.046	0.050	1.254	1.241	1.256	0.580	0.592	0.549	0.047	0.957	0.967	0.983	0.047	0.864	0.795	0.768	0.047	0.991	1.022	1.015	0.047	0.037	0.038	0.050	0.040
22:15:19	25.1	0.748	1.085	1.114	1.140	0.965	0.938	0.702	0.050	0.866	1.166	1.161	1.183	0.863	0.040	0.706	0.047	0.869	1.211	1.191	1.232	1.165	1.206	0.767	0.046	0.051	1.245	1.235	1.249	0.589	0.599	0.559	0.047	0.990	1.101	1.011	0.047	0.846	0.801	0.776	0.048	1.019	1.049	1.043	0.047	0.038	0.038	0.050	0.040
22:31:01	25.0	0.742	1.076	1.109	1.133	1.067	1.003	0.725	0.050	0.863	1.129	1.160	1.176	0.884	0.040	0.706	0.047	0.866	1.202	1.183	1.285	0.744	0.898	0.832	0.046	0.050	1.241	1.230	1.242	0.594	0.606	0.562	0.047	1.018	1.024	1.041	0.047	0.872	0.832	0.787	0.048	1.038	1.071	1.067	0.047	0.037	0.038	0.050	0.040
22:46:44	25.1	0.738	1.070	1.103	1.124	0.915	0.903	0.758	0.049	0.860	1.092	1.132	1.172	0.903	0.040	0.849	0.047	0.863	1.198	1.177	1.385	1.009	0.838	0.753	0.046	0.050	1.237	1.224	1.247	0.600	0.613	0.568	0.047	1.040	1.051	1.059	0.047	0.892	0.812	0.795	0.047	1.058	1.093	1.085	0.047	0.037	0.038	0.050	0.040
23:02:26	25.1	0.731	1.064	1.094	1.117	1.219	0.970	0.783	0.049	0.856	1.085	1.128	1.161	0.863	0.040	0.902	0.047	0.860	1.191	1.171	1.298	0.945	0.855	0.994	0.046	0.051	1.232	1.278	1.243	0.607	0.621	0.575	0.047	1.067	1.117	1.392	0.047	0.900	0.846	0.805	0.048	1.077	1.111	1.099	0.047	0.038	0.038	0.051	0.039
23:18:09	25.1	0.726	1.061	1.089	1.111	1.102	0.996	0.779	0.050	0.853	1.079	1.122	1.162	0.870	0.040	0.705	0.047	0.857	1.187	1.167	1.218	1.121	1.085	0.902	0.046	0.051	1.225	1.216	1.228	0.614	0.627	0.582	0.047	1.090	1.117	1.088	0.047	0.863	0.850	0.811	0.048	1.091	1.148	1.107	0.047	0.038	0.038	0.050	0.040
23:33:52	25.1	0.721	1.057	1.081	1.105	1.161	1.044	0.796	0.050	0.850	1.072	1.135	1.150	1.002	0.040	0.717	0.047	0.854	1.183	1.166	1.206	0.915	1.061	0.820	0.046	0.051	1.217	1.211	1.226	0.621	0.636	0.588	0.047	1.110	1.125	1.112	0.047	0.917	0.851	0.816	0.048	1.095	1.125	1.109	0.047	0.037	0.038	0.050	0.039
23:49:34	25.1	0.715	1.052	1.077	1.099	1.009	1.064	0.782	0.049	0.846	1.076	1.121	1.153	0.911	0.040	0.771	0.047	0.851	1.177	1.157	1.232	1.340	1.152	0.995	0.046	0.051	1.214	1.207	1.222	0.625	0.642	0.595	0.047	1.121	1.410	1.101	0.047	0.876	0.864	0.827	0.048	1.091	1.128	1.104	0.047	0.038	0.038	0.050	0.040
24:05:17	25.1	0.711	1.047	1.069	1.093	0.949	0.934	0.700	0.050	0.843	1.073	1.117	1.208	1.070	0.040	0.770	0.047	0.848	1.173	1.153	1.341	1.370	0.971	0.864	0.046	0.051	1.209	1.200	1.215	0.632	0.650	0.602	0.047	1.127	1.125	1.196	0.047	0.885	0.898	0.837	0.048	1.086	1.123	1.102	0.047	0.038	0.038	0.051	0.040
24:20:59	25.1	0.706	1.040	1.062	1.084	1.034	0.988	0.816	0.050	0.840	1.057	1.112	1.138	0.944	0.040	0.780	0.047	0.846	1.171	1.148	1.201	1.265	0.874	0.932	0.046	0.051	1.215	1.195	1.211	0.638	0.657	0.608	0.047	1.128	1.248	1.172	0.047	0.939	0.893	0.845	0.048	1.076	1.111	1.088	0.047	0.038	0.038	0.050	0.040
24:36:42	25.1	0.701	1.034	1.056	1.078	1.104	1.118	0.773	0.050	0.837	1.075	1.113	1.137	0.910	0.040	0.926	0.047	0.843	1.165	1.144	1.278	1.204	1.067	1.067	0.046	0.050	1.197	1.190	1.205	0.644	0.665	0.617	0.047	1.125	1.115	1.220	0.047	0.937	0.898	0.854	0.047	1.069	1.109	1.087	0.047	0.038	0.038	0.050	0.040
24:52:25	25.1	0.696	1.029	1.050	1.074	1.077	1.207	0.798	0.050	0.834	1.065	1.092	1.206	1.214	0.040	0.933	0.047	0.840	1.160	1.141	1.216	1.246	1.004	0.957	0.046	0.051	1.192	1.186	1.198	0.651	0.676	0.625	0.047	1.121	1.162	1.169	0.047	0.938	0.894	0.860	0.048	1.060	1.101	1.077	0.047	0.038	0.038	0.050	0.039
25:08:07	25.1	0.691	1.023	1.046	1.067	1.070	1.036	0.757	0.050	0.831	1.045	1.089	1.125	1.053	0.040	0.977	0.047	0.837	1.155	1.136	1.200	1.035	1.248	1.503	0.046	0.051	1.185	1.179	1.199	0.658	0.686	0.635	0.047	1.117	1.117	1.224	0.047	0.946	0.892	0.867	0.048	1.055	1.095	1.073	0.047	0.038	0.038	0.050	0.040
25:23:50	25.1	0.686	1.017	1.040	1.061	1.177	1.089	0.809	0.050	0.828	1.045	1.091	1.120	1.104	0.040	0.784	0.047	0.835	1.153	1.133	1.213	1.531	1.137	0.993	0.046	0.051	1.182	1.173	1.190	0.664	0.695	0.643	0.047	1.114	1.113	1.093	0.047	0.947	0.916	0.874	0.048	1.048	1.083	1.066	0.047	0.038	0.038	0.050	0.039
25:39:33	25.1	0.682	1.011	1.035	1.055	1.233	0.872	0.719	0.050	0.823	1.035	1.076	1.116	1.077	0.040	0.766	0.047	0.832	1.146	1.129	1.288	1.177	1.033	1.165	0.046	0.051	1.176	1.168	1.184	0.671	0.708	0.655	0.047	1.116	1.111	1.128	0.047	0.945	0.919	0.884	0.048	1.039	1.083	1.061	0.047	0.037	0.038	0.050	0.039
25:55:15	25.1	0.677	1.005	1.030	1.049	1.106	1.034	0.725	0.050	0.821	1.041	1.080	1.115	1.067	0.040	0.779	0.047	0.829	1.144	1.126	1.325	1.132	1.051	0.872	0.046	0.051	1.179	1.162	1.181	0.676	0.715	0.663	0.047	1.106	1.175	1.128	0.047	0.971	0.955	0.887	0.047	1.029	1.077	1.053	0.047	0.037	0.038	0.050	0.040
26:10:58	25.1	0.674	0.999	1.024	1.043	1.019	1.047	0.884	0.050	0.819	1.037	1.075	1.111	1.148	0.040	0.799	0.047	0.827	1.141	1.125	1.264	1.288	1.182	0.941	0.046	0.051	1.177	1.159	1.175	0.682	0.717	0.670	0.047	1.102	1.110	1.227	0.047	0.996	0.938	0.891	0.048	1.018	1.069	1.047	0.047	0.037	0.038	0.050	0.040
26:26:41	25.1	0.668	0.996	1.019	1.037	1.088	1.395	0.790	0.050	0.815	1.023	1.072	1.103	0.979	0.040	0.830	0.047	0.824	1.135	1.121	1.277	1.222	0.942	0.883	0.046	0.050	1.162	1.155	1.170	0.689	0.728	0.679	0.047	1.099	1.114	1.215	0.047	0.950	0.937	0.904	0.048	1.017	1.064	1.039	0.047	0.037	0.038	0.050	0.040
26:42:23	25.1	0.663	0.990	1.013	1.032	0.897	1.237	0.797	0.050	0.812	1.031	1.086	1.134	1.063	0.040	0.837	0.047	0.821	1.131	1.117	1.198	1.281	1.013	0.979	0.046	0.050	1.157	1.150	1.166	0.696	0.737	0.688	0.047	1.093	1.110	1.097	0.047	0.985	0.940	0.911	0.048	1.010	1.062	1.037	0.047	0.037	0.038	0.050	0.040
26:58:06	25.0	0.658	0.985	1.008	1.027	1.057	1.014	0.756	0.050	0.808	1.030	1.069	1.096	1.160	0.040	0.824	0.047	0.818	1.128	1.115	1.294	1.064	0.956	0.940	0.046	0.050	1.153	1.144	1.161	0.704	0.743	0.693	0.047	1.089	1.215	1.082	0.047	0.979	0.950	0.911	0.047	1.001	1.056	1.034	0.047	0.037	0.038	0.050	0.040
27:13:48	25.1	0.654	0.981	1.003	1.023	1.277	1.079	0.806	0.050	0.805	1.016	1.069	1.097	1.076	0.040	0.802	0.047	0.815	1.126	1.113	1.333	1.225	1.252	0.832	0.046	0.051	1.150	1.139	1.157	0.712	0.752	0.702	0.047	1.087	1.135	1.092	0.047	0.992	0.954	0.921	0.048	0.994	1.054	1.024	0.047	0.038	0.038	0.050	0.040
27:29:31	25.1	0.648	0.975	0.998	1.018	1.270	1.083	0.816	0.050	0.802	1.021	1.061	1.096	0.967	0.040	0.843	0.047	0.812	1.123	1.109	1.235	1.630	0.918	1.104	0.046	0.050	1.144	1.135	1.152	0.719	0.756	0.708	0.047	1.083	1.189	1.073	0.047	0.984	0.989	0.928	0.048	0.990	1.049	1.020	0.047	0.037	0.038	0.050	0.040
27:45:14	25.1	0.644	0.970	0.993	1.013	1.126	0.973	0.846	0.050	0.800	1.015	1.061	1.089	1.072	0.040	0.840	0.047	0.810	1.118	1.108	1.332	1.487	1.088	0.915	0.046	0.051	1.139	1.131	1.148	0.728	0.763	0.714	0.047	1.076	1.113	1.077	0.047	0.990	0.969	0.937	0.048	0.984	1.043	1.022	0.047	0.038	0.038	0.050	0.040
28:00:56	25.1	0.639	0.967	0.989	1.009	1.164	1.073	0.840	0.050	0.797	1.050	1.057	1.093	1.136	0.040	0.826	0.047	0.807	1.116	1.105	1.333	0.902	1.214	1.079	0.046	0.050	1.135	1.127	1.143	0.733	0.769	0.720	0.047	1.073	1.096	1.321	0.047	1.029	0.983	0.944	0.048	0.978	1.038	1.016	0.047	0.037	0.038	0.050	0.040
28:16:39	25.1	0.634	0.962	0.985	1.004	0.982	1.230	0.857	0.050	0.793	1.012	1.053	1.082	1.191	0.040	1.158	0.047	0.804	1.123	1.104	1.214	1.438	1.075	1.067	0.046	0.050	1.132	1.123	1.143	0.742	0.774	0.726	0.047	1.069	1.095	1.068	0.047	0.999	0.975	0.942	0.047	0.975	1.035	1.010	0.047	0.037	0.038	0.050	0.040
28:32:22	25.1	0.629	0.958	0.980	0.999	1.200	1.063	0.904	0.050	0.790	1.013	1.049	1.075	1.081	0.040	0.857	0.047	0.801	1.110	1.101	1.244	1.488	1.156	0.874	0.046	0.051	1.127	1.118	1.135	0.751	0.782	0.732	0.047	1.068	1.091	1.070	0.047	1.023	1.029	0.952	0.048	0.968	1.032	1.006	0.047	0.037	0.038	0.050	0.039
28:48:04	25.1	0.625	0.953	0.975	0.995	1.164	0.946	0.761	0.050	0.787	1.005	1.051	1.075	1.192	0.040	0.844	0.047	0.799	1.108	1.098	1.271	1.550	1.106	0.893	0.046	0.051	1.122	1.115	1.129	0.759	0.785	0.737	0.047	1.064	1.088	1.062	0.047	1.018	0.993	0.950	0.048	0.970	1.026	1.002	0.047	0.037	0.038	0.050	0.040
29:03:47	25.1	0.620	0.948	0.971	0.990	1.169	1.244	0.831	0.050	0.785	1.016	1.045	1.074	1.103	0.042	0.946	0.047	0.796	1.105	1.097	1.281	1.342	1.052	1.098	0.046	0.050	1.118	1.111	1.128	0.766	0.794	0.742	0.047	1.061	1.102	1.066	0.047	1.048	1.014	0.961	0.048	0.961	1.024	0.997	0.047	0.037	0.037	0.050	0.040
29:19:29	25.1	0.616	0.944	0.967	0.986	1.198	1.283	0.744	0.050	0.781	1.000	1.038	1.073	1.143	0.040	0.825	0.047	0.793	1.103	1.095	1.289	1.202	1.319	0.943	0.046	0.051	1.113	1.107	1.121	0.769	0.797	0.749	0.047	1.059	1.084	1.064	0.047	1.050	1.003	0.962	0.047	0.956	1.023	0.994	0.047	0.037	0.037	0.050	0.040
29:35:12	25.1	0.611	0.939	0.962	0.981	1.055	1.213	0.819	0.049	0.779	1.003	1.037	1.112	1.045	0.040	1.060	0.047	0.791	1.100	1.093	1.254	1.294	1.399	0.992	0.046	0.050	1.110	1.103	1.120	0.775	0.804	0.754	0.047	1.054	1.087	1.249	0.047	1.032	1.016	0.969	0.047	0.953	1.017	0.994	0.047	0.037	0.037	0.050	0.040
29:50:55	25.1	0.607	0.934	0.957	0.977	1.057	1.151	0.748	0.050	0.776	0.999	1.037	1.070	1.385	0.040	0.942	0.047	0.788	1.097	1.091	1.201	1.253	0.976	0.970	0.046	0.050	1.106	1.100	1.115	0.784	0.808	0.759	0.047	1.053	1.081	1.066	0.047	1.050	1.033	0.980	0.048	0.944	1.014	0.988	0.047	0.037	0.038	0.050	0.040
30:06:37	25.1	0.602	0.930	0.953	0.972	1.136	0.998	0.858	0.050	0.773	0.990	1.033	1.064	1.135	0.041	0.905	0.047	0.786	1.094	1.089	1.162	1.530	1.308	1.049	0.046	0.051	1.102	1.097	1.109	0.790	0.816	0.764	0.047	1.048	1.077	1.059	0.047	1.046	1.059	0.980	0.048	0.940	1.010	0.986	0.047	0.037	0.038	0.050	0.040
30:22:20	25.1	0.598	0.924	0.949	0.968	1.126	1.005	0.803	0.050	0.769	0.989	1.030	1.060	1.097	0.040	0.842	0.047	0.783	1.093	1.088	1.329	1.299	1.369	0.988	0.046	0.051	1.098	1.094	1.107	0.795	0.820	0.769	0.047	1.046	1.081	1.059	0.047	1.040	1.026	0.984	0.048	0.938	1.008	0.982	0.047	0.037	0.037	0.050	0.039
30:38:03	25.1	0.592	0.920	0.944	0.964	1.164	1.134	0.804	0.050	0.767	0.985	1.030	1.058	1.105	0.040	1.133	0.047	0.780	1.090	1.086	1.301	1.258	1.512	1.053	0.046	0.050	1.093	1.090	1.103	0.801	0.827	0.776	0.047	1.045	1.138	1.175	0.047	1.045	1.092	0.990	0.047	0.938	1.005	0.974	0.047	0.037	0.037	0.050	0.040
30:53:45	25.1	0.588	0.915	0.941	0.959	1.022	1.127	0.815	0.050	0.763	0.979	1.024	1.057	1.156	0.042	0.879	0.047	0.778	1.087	1.085	1.208	1.512	1.197	1.012	0.046	0.051	1.089	1.086	1.099	0.807	0.833	0.781	0.047	1.040	1.074	1.054	0.047	1.053	1.040	0.995	0.047	0.935	1.002	0.974	0.047	0.037	0.037	0.050	0.039
31:09:28	25.1	0.584	0.911	0.937	0.955	1.155	0.991	0.737	0.049	0.761	0.982	1.027	1.052	1.087	0.040	0.877	0.047	0.775	1.085	1.083	1.211	1.045	1.320	0.953	0.046	0.050	1.087	1.084	1.097	0.813	0.836	0.786	0.047	1.038	1.068	1.072	0.047	1.065	1.056	0.995	0.047	0.930	0.998	0.967	0.047	0.037	0.037	0.050	0.040
31:25:11	25.1	0.579	0.907	0.932	0.952	1.303	1.225	0.818	0.050	0.758	0.976	1.024	1.063	1.254	0.040	1.185	0.047	0.773	1.084	1.082	1.204	1.390	1.163	1.058	0.046	0.050	1.083	1.081	1.093	0.815	0.844	0.793	0.047	1.034	1.070	1.050	0.047	1.067	1.068	1.002	0.048	0.920	0.996	0.965	0.047	0.037	0.038	0.050	0.040
31:40:53	25.0	0.575	0.903	0.929	0.948	1.073	1.025	0.758	0.049	0.756	0.988	1.026	1.071	1.080	0.040	0.900	0.047	0.771	1.082	1.081	1.330	1.396	1.305	1.630	0.046	0.050	1.079	1.079	1.090	0.821	0.847	0.796	0.047	1.031	1.071	1.047	0.047	1.057	1.046	1.004	0.047	0.916	0.992	0.961	0.047	0.037	0.037	0.050	0.040
31:56:36	25.0	0.571	0.899	0.926	0.944	1.088	1.048	0.817	0.050	0.754	0.980	1.025	1.044	1.043	0.041	0.914	0.047	0.768	1.081	1.079	1.154	1.269	1.191	1.219	0.046	0.050	1.076	1.076	1.094	0.825	0.854	0.800	0.047	1.026	1.064	1.048	0.047	1.080	1.063	1.008	0.048	0.916	0.988	0.959	0.047	0.037	0.037	0.050	0.040
32:12:19	25.1	0.566	0.894	0.921	0.940	1.298	1.063	0.774	0.050	0.750	0.976	1.018	1.054	1.238	0.041	0.892	0.047	0.765	1.079	1.078	1.367	1.291	1.212	1.027	0.046	0.051	1.073	1.075	1.087	0.829	0.859	0.804	0.047	1.026	1.065	1.123	0.047	1.074	1.063	1.012	0.048	0.910	0.986	0.955	0.047	0.037	0.037	0.050	0.040
32:28:01	25.1	0.561	0.890	0.917	0.936	1.041	1.181	0.912	0.050	0.747	0.977	1.042	1.044	1.102	0.041	0.874	0.047	0.763	1.076	1.076	1.280	1.054	1.268	1.263	0.046	0.051	1.070	1.087	1.085	0.835	0.865	0.809	0.047	1.023	1.062	1.054	0.047	1.067	1.082	1.014	0.048	0.904	0.984	0.950	0.047	0.037	0.037	0.051	0.040
32:43:44	25.1	0.555	0.886	0.914	0.933	1.044	1.184	0.776	0.050	0.744	0.974	1.013	1.047	1.068	0.040	0.960	0.047	0.761	1.075	1.075	1.295	1.518	1.101	1.006	0.046	0.050	1.068	1.069	1.080	0.839	0.871	0.812	0.047	1.020	1.062	1.194	0.047	1.069	1.069	1.017	0.047	0.899	0.980	0.948	0.047	0.037	0.037	0.050	0.040
32:59:26	25.1	0.552	0.881	0.911	0.929	1.208	0.921	0.819	0.049	0.742	0.968	1.009	1.041	1.088	0.040	0.997	0.047	0.758	1.073	1.073	1.195	1.354	1.373	1.000	0.046	0.050	1.064	1.069	1.078	0.842	0.877	0.816	0.047	1.016	1.059	1.042	0.047	1.060	1.072	1.017	0.047	0.893	0.976	0.940	0.047	0.037	0.037	0.050	0.040
33:15:09	25.0	0.546	0.876	0.906	0.925	1.034	1.111	0.787	0.050	0.739	0.967	1.008	1.037	1.094	0.040	0.924	0.047	0.756	1.072	1.071	1.140	1.207	1.508	1.206	0.046	0.050	1.061	1.064	1.076	0.847	0.882	0.819	0.047	1.013	1.054	1.042	0.047	1.074	1.093	1.015	0.048	0.890	0.972	0.938	0.047	0.037	0.037	0.050	0.040
33:30:52	25.1	0.542	0.873	0.904	0.923	1.027	1.060	0.827	0.050	0.736	0.965	1.013	1.037	1.084	0.040	0.869	0.047	0.753	1.071	1.072	1.371	1.278	1.510	1.155	0.046	0.051	1.060	1.062	1.076	0.853	0.890	0.822	0.047	1.008	1.058	1.097	0.047	1.086	1.085	1.019	0.047	0.887	0.969	0.934	0.047	0.037	0.037	0.050	0.040
33:46:35	25.0	0.536	0.868	0.901	0.920	1.108	1.032	0.786	0.049	0.733	0.965	1.007	1.036	1.285	0.040	0.996	0.047	0.751	1.070	1.070	1.235	1.624	1.242	1.036	0.046	0.050	1.057	1.062	1.089	0.858	0.896	0.826	0.047	1.007	1.054	1.037	0.047	1.080	1.058	1.017	0.047	0.881	0.966	0.931	0.047	0.037	0.037	0.050	0.039
34:02:17	25.1	0.531	0.864	0.897	0.917	1.175	1.111	0.801	0.050	0.730	0.963	1.008	1.090	1.109	0.040	0.919	0.047	0.749	1.068	1.069	1.159	1.090	1.315	1.030	0.046	0.051	1.054	1.061	1.070	0.859	0.901	0.829	0.047	1.004	1.054	1.036	0.047	1.090	1.051	1.015	0.048	0.878	0.962	0.927	0.047	0.037	0.037	0.050	0.039
34:17:59	25.1	0.527	0.860	0.894	0.914	1.075	1.139	0.803	0.050	0.727	0.960	1.004	1.031	1.074	0.040	0.865	0.047	0.747	1.065	1.067	1.111	1.476	1.489	1.128	0.046	0.051	1.053	1.059	1.068	0.864	0.907	0.832	0.047	1.001	1.047	1.034	0.047	1.078	1.060	1.013	0.048	0.875	0.957	0.924	0.047	0.037	0.037	0.050	0.040
34:33:42	25.1	0.521	0.856	0.889	0.909	1.194	1.301	0.762	0.050	0.724	0.956	1.002	1.030	1.136	0.041	0.875	0.047	0.743	1.064	1.065	1.162	1.609	1.214	1.164	0.046	0.050	1.049	1.056	1.065	0.867	0.910	0.835	0.047	0.999	1.045	1.042	0.047	1.104	1.054	1.010	0.048	0.868	0.954	0.919	0.047	0.037	0.037	0.050	0.040
34:49:25	25.1	0.516	0.852	0.886	0.906	1.053	1.124	0.759	0.050	0.721	0.954	1.003	1.044	1.208	0.040	0.899	0.047	0.741	1.062	1.064	1.243	1.346	1.104	1.121	0.046	0.050	1.047	1.053	1.066	0.872	0.915	0.839	0.047	0.992	1.046	1.026	0.047	1.055	1.102	1.005	0.048	0.863	0.950	0.919	0.047	0.037	0.037	0.050	0.040
35:05:08	25.1	0.512	0.848	0.882	0.903	1.087	1.217	0.756	0.050	0.719	0.954	1.002	1.029	1.289	0.044	1.001	0.047	0.738	1.060	1.063	1.288	1.516	1.326	1.238	0.046	0.051	1.044	1.052	1.061	0.878	0.921	0.841	0.047	0.991	1.042	1.026	0.047	1.055	1.058	1.001	0.048	0.858	0.945	0.915	0.047	0.037	0.037	0.050	0.040
35:20:50	25.1	0.507	0.843	0.879	0.900	0.980	0.949	0.754	0.049	0.715	0.949	1.000	1.025	1.077	0.040	0.928	0.047	0.736	1.058	1.062	1.124	1.485	1.169	0.978	0.046	0.050	1.042	1.054	1.061	0.881	0.924	0.844	0.047	0.989	1.040	1.027	0.047	1.055	1.067	0.998	0.048	0.862	0.944	0.914	0.047	0.037	0.037	0.050	0.039
35:36:33	25.1	0.501	0.839	0.874	0.895	0.963	0.933	0.750	0.049	0.712	0.947	0.997	1.024	1.056	0.040	0.926	0.047	0.734	1.057	1.060	1.203	1.513	1.367	1.348	0.046	0.050	1.040	1.053	1.057	0.883	0.929	0.847	0.047	0.986	1.041	1.074	0.047	1.054	1.038	0.995	0.047	0.862	0.940	0.909	0.047	0.037	0.037	0.050	0.039
35:52:15	25.1	0.496	0.836	0.870	0.892	1.104	1.134	0.755	0.050	0.710	0.945	0.998	1.022	1.070	0.040	0.910	0.047	0.731	1.055	1.060	1.269	1.454	1.502	1.108	0.046	0.051	1.037	1.051	1.058	0.887	0.932	0.848	0.047	0.982	1.036	1.019	0.047	1.042	1.043	0.987	0.048	0.853	0.936	0.905	0.047	0.037	0.037	0.050	0.040
36:07:58	25.1	0.490	0.831	0.866	0.888	1.242	1.105	0.766	0.050	0.707	0.942	0.997	1.013	1.280	0.040	0.969	0.047	0.729	1.054	1.058	1.408	1.619	1.434	1.108	0.046	0.050	1.036	1.049	1.052	0.890	0.937	0.852	0.047	0.977	1.034	1.020	0.047	1.054	1.034	0.986	0.048	0.850	0.934	0.902	0.047	0.037	0.037	0.050	0.040
36:23:41	25.1	0.485	0.827	0.862	0.884	1.064	1.172	0.755	0.050	0.704	0.939	0.997	1.075	1.083	0.040	0.979	0.047	0.726	1.052	1.056	1.195	1.256	1.184	1.068	0.046	0.051	1.033	1.047	1.050	0.895	0.942	0.855	0.047	0.975	1.031	1.020	0.047	1.041	1.041	0.983	0.047	0.833	0.927	0.896	0.047	0.037	0.037	0.050	0.039
36:39:24	25.1	0.481	0.823	0.858	0.881	1.012	1.202	0.773	0.050	0.701	0.939	0.991	1.017	1.073	0.040	0.983	0.047	0.723	1.051	1.056	1.208	1.076	1.397	1.151	0.046	0.051	1.031	1.046	1.050	0.898	0.946	0.857	0.047	0.971	1.031	1.024	0.047	1.035	1.037	0.979	0.048	0.828	0.922	0.892	0.047	0.037	0.037	0.050	0.039
36:55:06	25.1	0.475	0.819	0.854	0.877	1.048	1.100	0.751	0.049	0.698	0.936	0.989	1.147	1.076	0.040	1.192	0.047	0.721	1.049	1.054	1.241	1.374	1.229	1.205	0.046	0.050	1.029	1.042	1.049	0.900	0.948	0.858	0.047	0.969	1.034	1.015	0.047	1.043	1.019	0.975	0.047	0.816	0.920	0.890	0.047	0.037	0.037	0.050	0.039
37:10:49	25.1	0.470	0.816	0.851	0.874	0.977	1.020	0.824	0.049	0.696	0.935	0.988	1.014	1.102	0.040	1.126	0.047	0.718	1.047	1.053	1.347	1.403	1.267	1.110	0.046	0.050	1.028	1.043	1.046	0.903	0.952	0.860	0.047	0.964	1.089	1.019	0.047	1.050	1.040	0.966	0.047	0.817	0.914	0.887	0.047	0.037	0.037	0.050	0.039
37:26:31	25.0	0.464	0.811	0.846	0.871	1.094	1.030	0.751	0.050	0.693	0.931	0.987	1.014	1.094	0.040	0.929	0.047	0.715	1.046	1.052	1.257	1.293	1.319	1.312	0.046	0.050	1.027	1.039	1.044	0.904	0.953	0.861	0.047	0.962	1.021	1.008	0.047	1.010	1.016	0.961	0.048	0.817	0.909	0.882	0.047	0.037	0.037	0.050	0.039
37:42:14	25.0	0.458	0.807	0.842	0.866	0.992	1.063	0.765	0.050	0.689	0.928	0.983	1.029	1.218	0.040	1.003	0.047	0.713	1.044	1.050	1.151	1.614	1.209	1.184	0.046	0.051	1.024	1.038	1.041	0.906	0.957	0.864	0.047	0.960	1.026	1.011	0.047	1.024	1.028	0.958	0.048	0.803	0.909	0.880	0.047	0.037	0.037	0.050	0.039
37:57:57	25.1	0.452	0.803	0.839	0.864	1.125	0.978	0.774	0.049	0.686	0.925	0.984	1.006	1.116	0.040	0.990	0.047	0.710	1.044	1.049	1.247	1.475	1.325	1.080	0.046	0.050	1.022	1.039	1.040	0.910	0.960	0.865	0.047	0.954	1.018	1.009	0.047	1.042	1.016	0.952	0.047	0.799	0.904	0.875	0.047	0.037	0.037	0.050	0.039
38:13:39	25.1	0.447	0.798	0.834	0.860	0.990	0.991	0.767	0.050	0.683	0.922	0.981	1.032	1.082	0.040	1.053	0.047	0.708	1.042	1.049	1.169	1.232	1.454	1.112	0.046	0.051	1.021	1.039	1.037	0.914	0.963	0.866	0.047	0.951	1.021	1.009	0.047	1.013	1.021	0.953	0.048	0.793	0.901	0.871	0.047	0.037	0.037	0.050	0.039
38:29:22	25.1	0.443	0.793	0.830	0.856	0.959	0.986	0.798	0.050	0.680	0.921	0.979	1.040	1.312	0.040	0.903	0.047	0.706	1.040	1.047	1.309	1.635	1.220	1.297	0.046	0.051	1.019	1.037	1.039	0.914	0.965	0.867	0.047	0.946	1.015	1.009	0.047	1.040	1.034	0.946	0.048	0.790	0.897	0.867	0.047	0.037	0.037	0.050	0.039
38:45:05	25.1	0.435	0.790	0.828	0.853	0.943	0.889	0.806	0.049	0.677	0.920	0.976	1.003	1.040	0.040	1.224	0.047	0.703	1.039	1.047	1.187	1.579	1.244	1.033	0.046	0.050	1.017	1.034	1.041	0.916	0.967	0.867	0.047	0.944	1.015	1.002	0.047	1.037	1.019	0.946	0.048	0.802	0.891	0.861	0.047	0.037	0.037	0.050	0.039
39:00:47	25.1	0.430	0.785	0.824	0.848	1.038	0.895	0.764	0.050	0.675	0.917	0.975	1.001	1.113	0.040	0.873	0.047	0.701	1.037	1.046	1.228	1.499	1.331	0.958	0.046	0.051	1.016	1.034	1.040	0.916	0.969	0.868	0.047	0.941	1.012	1.003	0.047	0.984	1.014	0.941	0.048	0.797	0.887	0.858	0.047	0.037	0.037	0.050	0.039
39:16:30	25.1	0.425	0.781	0.820	0.845	1.015	1.029	0.771	0.050	0.672	0.914	0.973	1.000	1.340	0.040	0.928	0.047	0.698	1.037	1.045	1.175	1.506	1.352	1.084	0.046	0.051	1.014	1.033	1.036	0.918	0.969	0.867	0.047	0.937	1.005	1.003	0.047	0.982	1.013	0.929	0.047	0.790	0.884	0.856	0.047	0.037	0.037	0.050	0.039
39:32:13	25.1	0.419	0.775	0.815	0.840	1.184	1.009	0.753	0.050	0.668	0.911	0.969	0.996	1.133	0.040	0.940	0.047	0.696	1.034	1.044	1.285	1.521	1.412	1.330	0.046	0.050	1.013	1.032	1.035	0.921	0.973	0.869	0.047	0.934	1.009	0.996	0.047	1.008	0.989	0.928	0.048	0.762	0.881	0.851	0.047	0.037	0.037	0.050	0.039
39:47:55	25.1	0.414	0.773	0.812	0.838	0.920	1.097	0.750	0.050	0.665	0.910	0.969	0.997	1.084	0.040	0.893	0.047	0.693	1.034	1.043	1.183	1.520	1.232	1.006	0.046	0.050	1.011	1.030	1.035	0.921	0.973	0.867	0.047	0.929	1.003	0.993	0.047	0.989	1.000	0.922	0.048	0.776	0.875	0.850	0.047	0.037	0.037	0.050	0.039
40:03:38	25.1	0.408	0.768	0.808	0.833	0.969	0.848	0.736	0.050	0.662	0.904	0.967	0.994	1.011	0.040	1.217	0.047	0.691	1.032	1.042	1.240	1.607	1.250	1.064	0.046	0.050	1.010	1.030	1.035	0.925	0.975	0.868	0.047	0.925	1.002	0.994	0.047	0.970	1.006	0.919	0.048	0.772	0.873	0.846	0.047	0.037	0.037	0.050	0.039
40:19:21	25.1	0.403	0.764	0.804	0.831	0.874	0.846	0.731	0.050	0.660	0.905	0.966	0.992	1.268	0.040	0.956	0.047	0.688	1.029	1.041	1.177	1.563	1.219	1.149	0.046	0.051	1.008	1.028	1.032	0.924	0.975	0.867	0.047	0.920	0.997	0.988	0.047	0.984	1.002	0.919	0.048	0.764	0.868	0.851	0.047	0.037	0.037	0.050	0.039
40:35:03	25.1	0.396	0.761	0.800	0.827	1.056	0.806	0.726	0.050	0.657	0.902	0.966	0.990	1.069	0.040	0.871	0.047	0.686	1.031	1.040	1.268	1.333	1.373	1.496	0.046	0.050	1.007	1.028	1.031	0.924	0.976	0.867	0.047	0.916	0.995	0.992	0.047	0.978	0.985	0.914	0.047	0.757	0.864	0.834	0.047	0.037	0.037	0.050	0.039
40:50:46	25.1	0.390	0.756	0.797	0.824	0.919	0.864	0.710	0.049	0.654	0.899	0.964	0.985	1.122	0.040	0.880	0.047	0.684	1.029	1.038	1.416	1.421	1.351	1.207	0.046	0.050	1.006	1.026	1.030	0.925	0.977	0.866	0.047	0.913	0.990	0.987	0.047	0.964	0.974	0.920	0.047	0.722	0.861	0.834	0.047	0.037	0.037	0.050	0.039
41:06:29	25.1	0.383	0.751	0.793	0.820	0.906	0.993	0.719	0.050	0.651	0.897	0.965	0.985	1.172	0.041	1.065	0.047	0.681	1.027	1.038	1.330	1.124	1.261	1.593	0.046	0.050	1.004	1.026	1.028	0.927	0.977	0.865	0.047	0.909	0.992	0.989	0.047	0.976	0.982	0.910	0.048	0.740	0.858	0.830	0.047	0.037	0.037	0.050	0.039
41:22:11	25.1	0.378	0.747	0.789	0.817	1.032	0.933	0.714	0.050	0.648	0.897	0.960	0.984	1.121	0.040	0.890	0.047	0.679	1.027	1.038	1.224	1.520	1.135	1.395	0.046	0.051	1.003	1.027	1.028	0.928	0.979	0.863	0.047	0.904	0.983	0.984	0.047	0.988	0.973	0.898	0.048	0.730	0.852	0.822	0.047	0.037	0.037	0.050	0.039
41:37:54	25.1	0.371	0.743	0.784	0.814	0.878	0.827	0.689	0.050	0.645	0.894	0.957	0.983	1.152	0.040	1.168	0.047	0.676	1.026	1.037	1.236	1.571	1.182	1.128	0.046	0.050	1.001	1.024	1.026	0.929	0.978	0.863	0.047	0.900	0.980	0.985	0.047	0.995	0.971	0.895	0.048	0.704	0.849	0.820	0.047	0.037	0.037	0.050	0.039
41:53:37	25.1	0.365	0.739	0.782	0.811	0.917	1.234	0.689	0.049	0.642	0.890	0.958	0.984	1.077	0.040	0.952	0.047	0.673	1.023	1.037	1.209	1.367	1.074	0.963	0.046	0.050	1.001	1.025	1.025	0.929	0.978	0.861	0.047	0.894	0.982	0.981	0.047	0.953	0.968	0.890	0.048	0.691	0.846	0.816	0.047	0.037	0.037	0.050	0.039
42:09:19	25.1	0.358	0.734	0.777	0.806	0.978	0.750	0.686	0.050	0.638	0.889	0.954	0.982	1.044	0.040	1.236	0.047	0.671	1.022	1.035	1.185	1.529	1.428	1.060	0.046	0.050	0.999	1.021	1.024	0.933	0.978	0.859	0.047	0.892	0.983	0.979	0.047	0.948	0.980	0.887	0.047	0.697	0.842	0.810	0.047	0.037	0.037	0.050	0.039
42:25:02	25.1	0.352	0.731	0.772	0.803	1.014	0.767	0.694	0.050	0.635	0.883	0.951	0.980	1.105	0.040	0.864	0.047	0.669	1.023	1.033	1.237	1.124	1.377	1.461	0.046	0.050	0.998	1.022	1.022	0.933	0.979	0.858	0.047	0.888	0.974	0.976	0.047	0.940	0.970	0.889	0.048	0.694	0.838	0.805	0.047	0.037	0.037	0.050	0.039
42:40:45	25.0	0.345	0.727	0.770	0.800	1.022	0.774	0.762	0.049	0.633	0.884	0.951	0.981	1.184	0.040	0.883	0.047	0.666	1.022	1.033	1.217	1.591	1.217	1.480	0.046	0.050	0.997	1.022	1.021	0.933	0.977	0.855	0.047	0.884	0.977	0.975	0.047	0.964	0.957	0.896	0.048	0.686	0.833	0.802	0.047	0.037	0.037	0.050	0.039
42:56:27	25.0	0.339	0.721	0.765	0.796	1.006	0.855	0.652	0.050	0.630	0.877	0.946	0.976	1.067	0.040	0.812	0.047	0.664	1.019	1.033	1.248	1.272	1.281	0.863	0.046	0.050	0.995	1.020	1.019	0.934	0.979	0.855	0.047	0.880	0.978	0.975	0.047	0.983	0.958	0.876	0.047	0.677	0.829	0.798	0.047	0.037	0.037	0.050	0.039
43:12:10	25.1	0.332	0.717	0.762	0.793	0.916	0.762	0.643	0.050	0.627	0.875	0.946	0.975	1.090	0.040	1.096	0.047	0.661	1.018	1.033	1.133	1.452	1.191	1.091	0.046	0.050	0.995	1.020	1.019	0.933	0.978	0.852	0.047	0.877	0.971	0.974	0.047	0.956	0.954	0.874	0.048	0.652	0.827	0.794	0.047	0.037	0.037	0.050	0.039
43:27:53	25.0	0.326	0.714	0.759	0.791	0.906	0.749	0.639	0.049	0.624	0.877	0.947	0.970	1.113	0.043	0.914	0.047	0.658	1.018	1.032	1.304	1.324	1.292	0.980	0.046	0.050	0.994	1.021	1.020	0.933	0.978	0.851	0.047	0.874	0.970	0.968	0.047	0.940	0.944	0.870	0.047	0.650	0.821	0.791	0.047	0.037	0.037	0.050	0.039
43:43:35	25.1	0.318	0.708	0.754	0.786	1.022	0.745	0.624	0.050	0.621	0.870	0.942	0.971	1.048	0.040	0.889	0.047	0.656	1.016	1.031	1.206	1.322	1.259	1.305	0.046	0.050	0.991	1.019	1.016	0.934	0.979	0.849	0.047	0.867	0.972	0.967	0.047	0.921	0.971	0.883	0.048	0.646	0.817	0.785	0.047	0.037	0.037	0.050	0.039
43:59:18	25.1	0.311	0.702	0.748	0.780	0.865	0.790	0.622	0.049	0.618	0.848	0.919	0.952	1.076	0.040	0.829	0.047	0.653	1.011	1.027	1.293	1.183	1.175	1.002	0.046	0.050	0.988	1.015	1.014	0.932	0.977	0.846	0.047	0.866	0.962	0.967	0.047	0.950	0.951	0.863	0.047	0.638	0.814	0.783	0.047	0.037	0.037	0.050	0.039
44:15:01	25.0	0.303	0.696	0.743	0.775	0.861	0.734	0.632	0.050	0.615	0.841	0.909	0.941	1.107	0.040	0.875	0.047	0.651	1.007	1.023	1.279	1.673	1.090	1.186	0.046	0.050	0.989	1.015	1.016	0.933	0.977	0.845	0.047	0.862	0.967	0.961	0.047	0.951	0.936	0.883	0.047	0.629	0.807	0.779	0.047	0.037	0.037	0.050	0.039
44:30:43	25.0	0.296	0.693	0.741	0.774	0.971	0.725	0.612	0.050	0.612	0.841	0.912	0.946	1.085	0.040	0.819	0.047	0.648	1.012	1.029	1.376	1.536	1.184	1.000	0.046	0.051	0.992	1.018	1.018	0.932	0.977	0.842	0.047	0.859	0.956	0.959	0.047	0.942	0.942	0.853	0.048	0.617	0.805	0.774	0.047	0.037	0.037	0.050	0.039
44:46:26	25.1	0.288	0.690	0.739	0.772	0.895	0.727	0.599	0.050	0.609	0.844	0.917	0.951	1.087	0.040	0.753	0.047	0.646	1.014	1.031	1.240	1.366	1.260	1.002	0.046	0.050	0.992	1.020	1.018	0.930	0.975	0.839	0.047	0.850	0.961	0.959	0.047	0.925	0.944	0.865	0.047	0.609	0.799	0.767	0.047	0.037	0.037	0.050	0.039
45:02:09	25.1	0.280	0.687	0.736	0.770	0.803	0.734	0.635	0.050	0.606	0.841	0.915	0.947	1.122	0.040	0.825	0.047	0.643	1.011	1.028	1.338	1.143	1.302	1.105	0.046	0.050	0.991	1.018	1.015	0.930	0.975	0.837	0.047	0.849	0.956	0.955	0.047	0.924	0.945	0.847	0.048	0.587	0.795	0.767	0.047	0.037	0.037	0.050	0.039
45:17:51	25.1	0.272	0.683	0.734	0.768	0.794	0.719	0.606	0.049	0.602	0.843	0.919	0.950	1.033	0.040	1.005	0.047	0.640	1.016	1.033	1.313	1.520	1.252	0.950	0.046	0.050	0.992	1.019	1.017	0.929	0.974	0.835	0.047	0.844	0.955	0.955	0.047	0.955	0.938	0.840	0.047	0.595	0.790	0.761	0.047	0.037	0.037	0.050	0.039
45:33:34	25.1	0.263	0.681	0.733	0.768	0.881	0.721	0.577	0.050	0.599	0.846	0.927	0.958	1.077	0.040	0.842	0.047	0.638	1.020	1.035	1.351	1.409	1.168	0.987	0.046	0.051	0.992	1.021	1.015	0.929	0.974	0.833	0.047	0.841	0.951	0.951	0.047	0.953	0.947	0.834	0.048	0.580	0.786	0.757	0.047	0.037	0.037	0.050	0.039
45:49:17	25.1	0.255	0.673	0.730	0.769	0.841	0.724	0.608	0.050	0.595	0.848	0.930	0.962	1.001	0.040	1.214	0.047	0.634	1.021	1.035	1.129	1.598	1.202	1.030	0.046	0.051	0.990	1.019	1.014	0.929	0.975	0.830	0.047	0.837	0.946	0.951	0.047	0.910	0.919	0.835	0.048	0.564	0.786	0.757	0.047	0.037	0.037	0.050	0.039
46:05:00	25.1	0.246	0.669	0.727	0.767	0.919	0.742	0.562	0.050	0.591	0.850	0.931	0.963	0.997	0.040	0.747	0.047	0.631	1.021	1.035	1.118	1.432	1.515	0.944	0.046	0.051	0.989	1.019	1.013	0.928	0.975	0.829	0.047	0.832	0.949	0.951	0.047	0.962	0.916	0.836	0.048	0.559	0.779	0.753	0.047	0.037	0.037	0.050	0.039
46:20:42	25.0	0.238	0.671	0.725	0.762	0.830	0.699	0.564	0.050	0.590	0.850	0.932	0.962	1.060	0.043	0.769	0.047	0.629	1.019	1.034	1.203	1.723	1.190	1.147	0.046	0.050	0.988	1.019	1.012	0.927	0.972	0.827	0.047	0.825	0.946	0.947	0.047	0.905	0.907	0.825	0.047	0.582	0.774	0.747	0.047	0.037	0.037	0.050	0.039
46:36:25	25.1	0.230	0.668	0.722	0.759	0.838	0.802	0.592	0.050	0.587	0.849	0.932	0.963	1.092	0.040	0.779	0.047	0.627	1.018	1.034	1.173	1.440	1.403	0.951	0.046	0.051	0.987	1.019	1.010	0.926	0.971	0.823	0.047	0.824	0.939	0.942	0.047	0.901	0.925	0.820	0.048	0.541	0.768	0.741	0.047	0.037	0.037	0.050	0.039
46:52:08	25.1	0.221	0.663	0.718	0.755	0.840	0.704	0.544	0.050	0.583	0.847	0.931	0.963	1.082	0.040	0.729	0.047	0.624	1.017	1.033	1.208	1.675	1.198	1.142	0.046	0.051	0.987	1.018	1.010	0.926	0.970	0.821	0.047	0.816	0.936	0.941	0.047	0.937	0.984	0.817	0.048	0.533	0.768	0.737	0.047	0.037	0.041	0.050	0.039
47:07:50	25.1	0.213	0.657	0.714	0.752	0.890	0.708	0.538	0.049	0.581	0.848	0.930	0.961	0.966	0.040	0.827	0.047	0.621	1.015	1.031	1.264	1.399	1.135	0.920	0.046	0.050	0.986	1.018	1.009	0.925	0.970	0.819	0.047	0.811	0.938	0.938	0.047	0.917	0.901	0.812	0.048	0.524	0.760	0.732	0.047	0.037	0.037	0.050	0.039
47:23:33	25.1	0.205	0.645	0.705	0.750	0.784	0.712	0.531	0.050	0.576	0.842	0.927	0.961	1.116	0.041	0.797	0.047	0.618	1.015	1.032	1.180	1.411	1.387	0.880	0.046	0.051	0.985	1.016	1.008	0.924	0.970	0.817	0.047	0.807	0.936	0.938	0.047	0.917	0.914	0.810	0.048	0.592	0.764	0.731	0.047	0.037	0.037	0.050	0.038
47:39:15	25.0	0.197	0.646	0.705	0.745	0.794	0.693	0.532	0.050	0.574	0.840	0.927	0.958	0.973	0.040	0.907	0.047	0.616	1.011	1.030	1.171	1.155	1.508	0.926	0.046	0.050	0.984	1.016	1.006	0.922	0.967	0.814	0.047	0.803	0.931	0.934	0.047	0.899	0.923	0.805	0.048	0.640	0.754	0.725	0.047	0.037	0.037	0.050	0.039
47:54:58	25.1	0.188	0.639	0.700	0.739	0.750	0.689	0.525	0.050	0.571	0.840	0.926	0.956	1.118	0.040	0.723	0.047	0.614	1.010	1.030	1.122	1.325	1.150	0.951	0.046	0.050	0.983	1.015	1.006	0.922	0.967	0.812	0.047	0.800	0.927	0.931	0.047	0.914	0.927	0.803	0.048	0.497	0.754	0.720	0.047	0.037	0.037	0.050	0.038
48:10:40	25.0	0.178	0.632	0.694	0.734	0.828	0.699	0.508	0.050	0.567	0.836	0.924	0.955	1.073	0.042	0.732	0.047	0.611	1.009	1.028	1.218	1.687	1.115	0.940	0.046	0.050	0.982	1.015	1.005	0.920	0.966	0.809	0.047	0.794	0.925	0.930	0.047	0.928	0.938	0.797	0.047	0.489	0.741	0.714	0.047	0.037	0.037	0.050	0.038
48:26:23	25.1	0.169	0.626	0.690	0.731	0.754	1.145	0.508	0.049	0.565	0.835	0.921	0.957	1.091	0.040	0.722	0.047	0.608	1.008	1.027	1.190	1.080	1.093	1.001	0.046	0.050	0.981	1.014	1.003	0.920	0.965	0.807	0.047	0.788	0.920	0.926	0.047	0.911	0.930	0.792	0.048	0.480	0.735	0.711	0.047	0.037	0.037	0.050	0.038
48:42:06	25.1	0.160	0.618	0.684	0.726	0.840	0.682	0.502	0.050	0.561	0.830	0.920	0.951	0.965	0.043	0.724	0.047	0.605	1.007	1.027	1.218	1.492	1.279	1.177	0.046	0.051	0.980	1.013	1.003	0.920	0.966	0.805	0.047	0.791	0.920	0.924	0.047	0.912	0.896	0.789	0.048	0.472	0.734	0.706	0.047	0.037	0.037	0.050	0.038
48:57:48	25.1	0.150	0.611	0.679	0.722	0.916	0.675	0.494	0.050	0.558	0.828	0.918	0.952	0.964	0.040	0.713	0.047	0.603	1.006	1.027	1.149	1.470	1.337	0.896	0.046	0.051	0.979	1.012	1.002	0.918	0.964	0.803	0.047	0.782	0.916	0.922	0.047	0.919	0.889	0.785	0.048	0.465	0.727	0.701	0.047	0.037	0.037	0.050	0.038
49:13:31	25.1	0.140	0.604	0.675	0.719	0.841	0.882	0.485	0.050	0.555	0.824	0.916	0.948	1.070	0.040	0.712	0.047	0.600	1.006	1.026	1.179	1.521	1.265	0.863	0.046	0.051	0.978	1.011	1.001	0.917	0.963	0.800	0.047	0.777	0.915	0.917	0.047	0.923	0.879	0.782	0.048	0.457	0.732	0.699	0.047	0.037	0.037	0.050	0.038
49:29:14	25.0	0.130	0.597	0.669	0.713	0.764	0.681	0.482	0.050	0.551	0.820	0.911	0.945	1.079	0.040	0.710	0.047	0.597	1.003	1.023	1.275	1.523	1.344	1.121	0.046	0.050	0.975	1.010	0.999	0.917	0.963	0.799	0.047	0.773	0.912	0.921	0.047	0.897	0.869	0.780	0.047	0.516	0.727	0.696	0.047	0.037	0.037	0.050	0.038
49:44:56	25.1	0.119	0.591	0.664	0.709	0.889	0.676	0.513	0.050	0.548	0.813	0.907	0.941	1.090	0.043	0.707	0.047	0.594	1.002	1.024	1.268	1.553	1.288	1.052	0.046	0.050	0.975	1.008	0.998	0.915	0.962	0.796	0.047	0.769	0.908	0.916	0.047	0.884	0.890	0.773	0.048	0.439	0.721	0.691	0.047	0.037	0.037	0.050	0.038
50:00:39	25.0	0.109	0.585	0.660	0.706	0.758	0.667	0.467	0.050	0.545	0.814	0.908	0.939	1.105	0.042	0.753	0.047	0.592	1.003	1.025	1.290	1.470	1.039	0.929	0.046	0.050	0.975	1.009	0.999	0.913	0.960	0.793	0.047	0.762	0.905	0.911	0.047	0.876	0.875	0.770	0.047	0.527	0.715	0.686	0.047	0.037	0.037	0.050	0.038
50:16:22	25.1	0.099	0.578	0.655	0.702	0.849	0.654	0.479	0.050	0.541	0.811	0.908	0.946	0.962	0.040	1.085	0.047	0.589	1.002	1.024	1.392	1.576	1.391	1.428	0.046	0.050	0.975	1.009	0.999	0.912	0.959	0.792	0.047	0.758	0.904	0.911	0.047	0.895	0.871	0.767	0.048	0.423	0.712	0.683	0.047	0.037	0.037	0.050	0.038
50:32:04	25.1	0.091	0.571	0.651	0.699	0.742	0.651	0.455	0.050	0.538	0.811	0.907	0.940	1.039	0.040	0.718	0.047	0.586	1.001	1.023	1.359	1.427	1.256	1.151	0.046	0.050	0.974	1.008	0.997	0.910	0.957	0.790	0.047	0.757	0.900	0.908	0.047	0.924	0.857	0.765	0.048	0.425	0.702	0.681	0.047	0.037	0.037	0.050	0.038
