Time	Temp_C	L0P1-100_1	L0P1-100_2	L0P1-100_3	L0J1-100_1	L0J1-100_2	L0J1-100_3	L1B1-100_1	L1B1-100_2	L0P2-100_1	L0P2-100_2	L0P2-100_3	L0J2-100_1	L0J2-100_2	L0J2-100_3	L1B2-100_1	L1B2-100_2	L0P3-100_1	L0P3-100_2	L0P3-100_3	L0J3-100_1	L0J3-100_2	L0J3-100_3	L1B3-100_1	L1B3-100_2	L0P4-100_1	L0P4-100_2	L0P4-100_3	L0J4-100_1	L0J4-100_2	L0J4-100_3	L1B4-100_1	L1B4-100_2	L0P5-100_1	L0P5-100_2	L0P5-100_3	L0J5-100_1	L0J5-100_2	L0J5-100_3	L1B5-100_1	L1B5-100_2	L1B1-100_3	L1B2-100_3	L1B3-100_3	L1B4-100_3	L1B5-100_3	blank_media_1	blank_media_2	blank_media_3
0:00:00	25.0	0.039	0.039	0.048	0.039	0.043	0.039	0.039	0.039	0.042	0.047	0.048	0.042	0.044	0.041	0.040	0.040	0.043	0.041	0.040	0.040	0.040	0.038	0.066	0.041	0.038	0.040	0.043	0.042	0.041	0.041	0.041	0.041	0.039	0.042	0.039	0.042	0.046	0.041	0.044	0.043	0.049	0.044	0.041	0.045	0.044	0.040	0.042	0.037
0:15:43	25.0	0.039	0.045	0.046	0.045	0.050	0.046	0.042	0.041	0.042	0.045	0.045	0.046	0.050	0.046	0.041	0.041	0.045	0.044	0.044	0.045	0.044	0.042	0.043	0.043	0.043	0.044	0.045	0.044	0.044	0.044	0.042	0.042	0.044	0.044	0.044	0.046	0.049	0.045	0.045	0.045	0.065	0.043	0.042	0.042	0.045	0.040	0.042	0.037
0:31:25	25.0	0.039	0.045	0.047	0.045	0.050	0.047	0.041	0.041	0.041	0.045	0.045	0.046	0.049	0.047	0.041	0.041	0.046	0.045	0.044	0.046	0.045	0.046	0.046	0.043	0.044	0.045	0.045	0.045	0.045	0.045	0.043	0.042	0.045	0.046	0.045	0.047	0.050	0.046	0.045	0.045	0.042	0.043	0.042	0.043	0.045	0.040	0.042	0.037
0:47:08	25.0	0.039	0.046	0.047	0.046	0.051	0.048	0.041	0.042	0.041	0.045	0.045	0.047	0.050	0.048	0.042	0.041	0.047	0.045	0.045	0.047	0.046	0.044	0.043	0.043	0.045	0.046	0.046	0.046	0.046	0.045	0.042	0.042	0.045	0.047	0.049	0.048	0.052	0.047	0.045	0.045	0.042	0.044	0.043	0.042	0.045	0.040	0.042	0.037
1:02:51	25.0	0.039	0.047	0.049	0.047	0.052	0.049	0.042	0.041	0.041	0.045	0.045	0.048	0.051	0.051	0.041	0.041	0.048	0.046	0.046	0.048	0.048	0.044	0.043	0.043	0.045	0.047	0.047	0.047	0.047	0.047	0.042	0.043	0.047	0.048	0.047	0.049	0.053	0.049	0.045	0.045	0.042	0.043	0.042	0.042	0.045	0.040	0.042	0.037
1:18:33	25.0	0.039	0.049	0.050	0.049	0.054	0.050	0.042	0.042	0.041	0.046	0.046	0.049	0.053	0.051	0.041	0.041	0.049	0.048	0.047	0.049	0.049	0.046	0.043	0.043	0.047	0.048	0.049	0.049	0.048	0.048	0.043	0.042	0.048	0.050	0.048	0.050	0.054	0.050	0.045	0.045	0.042	0.044	0.042	0.043	0.045	0.040	0.042	0.037
1:34:16	25.0	0.039	0.052	0.051	0.050	0.055	0.051	0.042	0.042	0.040	0.046	0.047	0.051	0.055	0.053	0.042	0.041	0.050	0.049	0.048	0.050	0.050	0.046	0.043	0.043	0.048	0.050	0.051	0.050	0.049	0.049	0.042	0.043	0.049	0.052	0.050	0.051	0.055	0.052	0.045	0.045	0.042	0.044	0.042	0.042	0.045	0.040	0.042	0.037
1:49:59	25.0	0.039	0.054	0.054	0.051	0.056	0.053	0.042	0.042	0.041	0.047	0.047	0.052	0.057	0.055	0.041	0.041	0.052	0.051	0.054	0.051	0.052	0.048	0.043	0.043	0.050	0.052	0.054	0.051	0.050	0.050	0.042	0.043	0.052	0.054	0.052	0.053	0.057	0.054	0.045	0.045	0.067	0.043	0.042	0.042	0.045	0.040	0.042	0.037
2:05:41	25.0	0.039	0.058	0.057	0.053	0.058	0.055	0.042	0.042	0.042	0.049	0.049	0.054	0.059	0.057	0.041	0.041	0.054	0.053	0.053	0.053	0.053	0.049	0.044	0.043	0.053	0.055	0.057	0.052	0.052	0.051	0.042	0.044	0.054	0.057	0.055	0.057	0.059	0.056	0.045	0.045	0.042	0.043	0.042	0.042	0.045	0.040	0.042	0.037
2:21:23	25.0	0.038	0.062	0.061	0.055	0.060	0.057	0.042	0.042	0.044	0.052	0.052	0.056	0.060	0.059	0.066	0.040	0.057	0.057	0.056	0.054	0.056	0.050	0.044	0.045	0.061	0.059	0.062	0.054	0.053	0.053	0.043	0.042	0.058	0.061	0.059	0.057	0.061	0.058	0.045	0.045	0.042	0.044	0.043	0.047	0.045	0.039	0.041	0.037
2:37:06	25.0	0.039	0.068	0.066	0.057	0.063	0.060	0.042	0.042	0.047	0.057	0.057	0.058	0.063	0.062	0.041	0.040	0.061	0.061	0.061	0.057	0.058	0.052	0.044	0.044	0.064	0.064	0.069	0.056	0.055	0.055	0.042	0.043	0.063	0.066	0.065	0.059	0.064	0.060	0.045	0.045	0.045	0.044	0.042	0.043	0.045	0.040	0.042	0.037
2:52:49	25.1	0.039	0.076	0.072	0.060	0.066	0.063	0.042	0.042	0.051	0.063	0.062	0.060	0.066	0.065	0.041	0.042	0.067	0.067	0.066	0.059	0.061	0.060	0.071	0.044	0.066	0.071	0.076	0.058	0.057	0.057	0.043	0.043	0.069	0.072	0.071	0.062	0.067	0.063	0.045	0.045	0.043	0.045	0.043	0.043	0.045	0.040	0.042	0.037
3:08:31	25.1	0.039	0.085	0.080	0.063	0.069	0.066	0.042	0.043	0.057	0.071	0.070	0.064	0.069	0.068	0.041	0.043	0.073	0.073	0.072	0.062	0.064	0.057	0.059	0.044	0.074	0.078	0.086	0.061	0.061	0.059	0.044	0.044	0.076	0.081	0.079	0.065	0.069	0.067	0.045	0.046	0.043	0.044	0.043	0.044	0.045	0.040	0.042	0.037
3:24:14	25.1	0.039	0.095	0.089	0.066	0.072	0.070	0.043	0.042	0.064	0.082	0.080	0.066	0.072	0.073	0.042	0.041	0.080	0.081	0.079	0.066	0.068	0.060	0.046	0.044	0.083	0.088	0.097	0.065	0.063	0.062	0.043	0.043	0.085	0.089	0.088	0.069	0.073	0.070	0.046	0.046	0.043	0.044	0.043	0.043	0.046	0.039	0.041	0.037
3:39:56	25.1	0.039	0.109	0.101	0.071	0.077	0.074	0.043	0.043	0.075	0.095	0.094	0.070	0.078	0.077	0.078	0.041	0.089	0.091	0.089	0.070	0.072	0.063	0.047	0.046	0.092	0.100	0.111	0.067	0.066	0.065	0.044	0.043	0.096	0.102	0.101	0.073	0.082	0.077	0.046	0.046	0.044	0.043	0.043	0.044	0.046	0.040	0.042	0.037
3:55:39	25.1	0.039	0.124	0.114	0.076	0.083	0.080	0.043	0.043	0.089	0.113	0.113	0.075	0.082	0.083	0.041	0.041	0.101	0.103	0.100	0.074	0.077	0.067	0.047	0.045	0.105	0.115	0.129	0.071	0.070	0.069	0.044	0.044	0.109	0.116	0.113	0.077	0.083	0.080	0.046	0.046	0.043	0.045	0.043	0.045	0.046	0.039	0.042	0.037
4:11:22	25.1	0.039	0.143	0.130	0.081	0.089	0.086	0.043	0.043	0.097	0.133	0.133	0.080	0.089	0.089	0.042	0.041	0.113	0.117	0.115	0.080	0.084	0.071	0.048	0.045	0.121	0.132	0.149	0.077	0.075	0.074	0.045	0.044	0.124	0.132	0.130	0.083	0.088	0.085	0.047	0.047	0.066	0.045	0.044	0.047	0.047	0.040	0.042	0.037
4:27:04	25.1	0.039	0.163	0.147	0.088	0.094	0.091	0.043	0.044	0.111	0.157	0.156	0.086	0.096	0.097	0.042	0.041	0.129	0.135	0.131	0.086	0.091	0.076	0.049	0.047	0.138	0.151	0.174	0.082	0.080	0.078	0.045	0.046	0.141	0.152	0.150	0.089	0.095	0.091	0.047	0.047	0.045	0.044	0.044	0.047	0.047	0.040	0.042	0.037
4:42:47	25.1	0.039	0.189	0.167	0.094	0.102	0.100	0.044	0.044	0.129	0.183	0.182	0.093	0.102	0.104	0.042	0.043	0.151	0.157	0.150	0.092	0.097	0.082	0.050	0.047	0.161	0.179	0.203	0.088	0.086	0.084	0.047	0.046	0.165	0.177	0.173	0.096	0.102	0.099	0.048	0.050	0.058	0.046	0.045	0.049	0.048	0.039	0.041	0.037
4:58:30	25.1	0.039	0.225	0.198	0.103	0.111	0.109	0.043	0.044	0.152	0.218	0.216	0.101	0.113	0.115	0.043	0.041	0.176	0.186	0.179	0.101	0.108	0.089	0.051	0.048	0.188	0.212	0.244	0.094	0.092	0.090	0.049	0.048	0.193	0.211	0.207	0.103	0.110	0.108	0.048	0.048	0.045	0.046	0.045	0.049	0.049	0.040	0.042	0.038
5:14:12	25.0	0.039	0.260	0.228	0.113	0.123	0.121	0.045	0.045	0.175	0.257	0.257	0.110	0.123	0.125	0.128	0.042	0.216	0.219	0.210	0.111	0.119	0.097	0.054	0.048	0.223	0.249	0.287	0.102	0.101	0.098	0.048	0.049	0.226	0.245	0.241	0.113	0.118	0.118	0.049	0.048	0.052	0.046	0.047	0.052	0.050	0.040	0.042	0.037
5:29:55	25.1	0.039	0.300	0.263	0.126	0.137	0.135	0.045	0.045	0.206	0.300	0.300	0.121	0.139	0.142	0.049	0.042	0.239	0.254	0.245	0.123	0.134	0.107	0.056	0.050	0.262	0.290	0.335	0.113	0.109	0.107	0.051	0.050	0.262	0.284	0.279	0.125	0.131	0.131	0.050	0.050	0.052	0.045	0.047	0.052	0.051	0.040	0.042	0.037
5:45:38	25.1	0.039	0.348	0.303	0.141	0.152	0.151	0.046	0.048	0.236	0.347	0.347	0.134	0.153	0.159	0.043	0.043	0.279	0.296	0.285	0.139	0.152	0.119	0.073	0.051	0.302	0.337	0.389	0.124	0.122	0.117	0.053	0.052	0.304	0.333	0.327	0.139	0.146	0.146	0.052	0.050	0.083	0.046	0.048	0.055	0.051	0.039	0.041	0.037
6:01:20	25.1	0.039	0.405	0.352	0.160	0.174	0.177	0.047	0.047	0.284	0.403	0.403	0.151	0.174	0.181	0.062	0.042	0.328	0.348	0.335	0.159	0.173	0.134	0.070	0.058	0.354	0.397	0.456	0.137	0.136	0.131	0.059	0.055	0.355	0.390	0.382	0.156	0.165	0.164	0.052	0.052	0.049	0.048	0.050	0.059	0.054	0.040	0.042	0.037
6:17:03	25.1	0.039	0.465	0.406	0.199	0.202	0.197	0.047	0.049	0.316	0.468	0.468	0.170	0.201	0.205	0.054	0.044	0.382	0.406	0.392	0.180	0.199	0.152	0.069	0.059	0.414	0.462	0.528	0.154	0.153	0.146	0.062	0.059	0.415	0.452	0.444	0.177	0.187	0.187	0.055	0.053	0.069	0.047	0.051	0.063	0.055	0.040	0.042	0.037
6:32:46	25.1	0.039	0.525	0.459	0.207	0.224	0.225	0.048	0.051	0.368	0.534	0.535	0.195	0.224	0.234	0.050	0.043	0.440	0.468	0.448	0.207	0.229	0.173	0.078	0.058	0.478	0.524	0.587	0.174	0.174	0.166	0.065	0.064	0.471	0.515	0.503	0.203	0.213	0.213	0.056	0.055	0.052	0.049	0.053	0.069	0.058	0.040	0.042	0.037
6:48:28	25.1	0.039	0.576	0.516	0.238	0.256	0.257	0.049	0.051	0.422	0.591	0.591	0.220	0.256	0.270	0.072	0.050	0.499	0.529	0.512	0.237	0.264	0.200	0.081	0.061	0.540	0.579	0.638	0.198	0.197	0.189	0.072	0.068	0.531	0.572	0.560	0.232	0.244	0.247	0.059	0.056	0.055	0.050	0.055	0.076	0.060	0.040	0.042	0.037
7:04:11	25.1	0.039	0.637	0.571	0.271	0.294	0.295	0.050	0.051	0.486	0.642	0.642	0.252	0.295	0.310	0.085	0.044	0.555	0.586	0.571	0.274	0.303	0.228	0.090	0.064	0.589	0.639	0.680	0.227	0.228	0.216	0.080	0.073	0.581	0.628	0.618	0.268	0.279	0.283	0.061	0.059	0.058	0.051	0.057	0.086	0.062	0.040	0.042	0.037
7:19:53	25.1	0.039	0.674	0.629	0.312	0.338	0.338	0.052	0.053	0.547	0.700	0.699	0.290	0.339	0.357	0.050	0.045	0.612	0.648	0.632	0.315	0.349	0.261	0.100	0.067	0.652	0.680	0.686	0.261	0.263	0.251	0.087	0.082	0.640	0.672	0.657	0.307	0.323	0.326	0.063	0.061	0.059	0.052	0.060	0.096	0.066	0.039	0.042	0.037
7:35:35	25.1	0.039	0.679	0.643	0.358	0.383	0.387	0.055	0.056	0.596	0.705	0.704	0.334	0.386	0.407	0.052	0.045	0.645	0.666	0.660	0.362	0.398	0.302	0.110	0.073	0.671	0.677	0.686	0.301	0.303	0.288	0.098	0.088	0.651	0.671	0.659	0.355	0.368	0.372	0.065	0.064	0.065	0.055	0.063	0.109	0.071	0.040	0.042	0.037
7:51:18	25.1	0.038	0.685	0.653	0.411	0.437	0.441	0.069	0.058	0.648	0.704	0.703	0.384	0.438	0.460	0.054	0.046	0.649	0.665	0.660	0.411	0.453	0.345	0.120	0.078	0.668	0.678	0.690	0.347	0.350	0.333	0.109	0.099	0.652	0.673	0.663	0.401	0.419	0.424	0.070	0.068	0.063	0.056	0.068	0.121	0.075	0.040	0.042	0.037
8:07:00	25.1	0.039	0.696	0.666	0.464	0.496	0.497	0.057	0.061	0.658	0.709	0.709	0.436	0.500	0.515	0.058	0.047	0.657	0.672	0.669	0.466	0.509	0.397	0.130	0.086	0.674	0.687	0.692	0.397	0.400	0.382	0.121	0.109	0.661	0.683	0.673	0.455	0.473	0.479	0.075	0.072	0.077	0.060	0.073	0.133	0.082	0.040	0.042	0.037
8:22:43	25.1	0.039	0.700	0.676	0.521	0.554	0.558	0.059	0.063	0.666	0.713	0.712	0.491	0.552	0.582	0.063	0.049	0.668	0.679	0.678	0.522	0.575	0.448	0.145	0.094	0.683	0.691	0.694	0.450	0.454	0.436	0.131	0.123	0.668	0.687	0.677	0.512	0.527	0.543	0.081	0.079	0.070	0.065	0.080	0.150	0.089	0.040	0.042	0.037
8:38:26	25.1	0.039	0.700	0.680	0.589	0.614	0.613	0.061	0.066	0.680	0.718	0.718	0.549	0.611	0.630	0.066	0.050	0.669	0.680	0.677	0.585	0.627	0.505	0.159	0.103	0.687	0.695	0.695	0.505	0.509	0.500	0.144	0.132	0.673	0.689	0.679	0.580	0.593	0.600	0.087	0.083	0.075	0.067	0.088	0.167	0.096	0.040	0.042	0.037
8:54:08	25.1	0.039	0.696	0.679	0.636	0.662	0.661	0.065	0.069	0.680	0.721	0.720	0.611	0.659	0.680	0.073	0.052	0.672	0.679	0.676	0.632	0.678	0.566	0.174	0.114	0.689	0.694	0.696	0.572	0.578	0.552	0.161	0.144	0.673	0.688	0.679	0.626	0.636	0.642	0.096	0.090	0.084	0.071	0.099	0.191	0.108	0.039	0.042	0.037
9:09:51	25.1	0.039	0.693	0.681	0.687	0.715	0.714	0.078	0.075	0.685	0.722	0.719	0.657	0.714	0.736	0.076	0.056	0.672	0.679	0.678	0.687	0.732	0.612	0.189	0.122	0.688	0.695	0.698	0.620	0.626	0.612	0.178	0.158	0.674	0.688	0.680	0.673	0.687	0.691	0.107	0.099	0.085	0.076	0.111	0.212	0.121	0.039	0.042	0.037
9:25:33	25.1	0.039	0.693	0.684	0.742	0.769	0.768	0.073	0.080	0.690	0.724	0.722	0.712	0.768	0.792	0.084	0.057	0.677	0.683	0.681	0.738	0.785	0.664	0.209	0.135	0.691	0.699	0.703	0.668	0.677	0.663	0.192	0.174	0.679	0.693	0.686	0.725	0.744	0.755	0.115	0.107	0.092	0.082	0.125	0.232	0.132	0.040	0.042	0.038
9:41:16	25.1	0.038	0.699	0.688	0.785	0.813	0.811	0.079	0.084	0.694	0.728	0.727	0.768	0.820	0.838	0.090	0.060	0.686	0.689	0.688	0.788	0.829	0.715	0.223	0.146	0.696	0.705	0.712	0.722	0.734	0.720	0.205	0.185	0.687	0.700	0.693	0.785	0.801	0.812	0.124	0.113	0.103	0.088	0.138	0.250	0.143	0.039	0.041	0.037
9:56:59	25.1	0.038	0.706	0.696	0.828	0.856	0.852	0.084	0.091	0.700	0.737	0.736	0.819	0.866	0.886	0.097	0.064	0.692	0.697	0.694	0.830	0.871	0.763	0.240	0.160	0.704	0.714	0.722	0.776	0.788	0.776	0.220	0.198	0.694	0.709	0.704	0.828	0.846	0.855	0.136	0.123	0.110	0.094	0.157	0.264	0.160	0.040	0.041	0.037
10:12:42	25.1	0.038	0.714	0.704	0.871	0.898	0.895	0.090	0.099	0.702	0.745	0.744	0.865	0.913	0.932	0.107	0.068	0.701	0.707	0.704	0.873	0.915	0.805	0.264	0.173	0.713	0.724	0.734	0.824	0.837	0.827	0.233	0.211	0.703	0.718	0.712	0.875	0.894	0.905	0.151	0.136	0.121	0.102	0.179	0.283	0.179	0.039	0.041	0.037
10:28:25	25.0	0.038	0.723	0.714	0.912	0.941	0.939	0.097	0.107	0.710	0.756	0.755	0.913	0.959	0.980	0.118	0.071	0.709	0.716	0.713	0.917	0.960	0.847	0.284	0.190	0.724	0.736	0.751	0.872	0.878	0.872	0.248	0.221	0.715	0.731	0.726	0.920	0.941	0.955	0.165	0.150	0.129	0.109	0.207	0.298	0.200	0.039	0.042	0.037
10:44:07	25.1	0.038	0.738	0.728	0.954	0.988	0.985	0.112	0.115	0.718	0.769	0.770	0.958	1.007	1.025	0.655	0.076	0.722	0.729	0.727	0.961	1.006	0.891	0.305	0.206	0.739	0.753	0.777	0.919	0.924	0.922	0.267	0.236	0.730	0.748	0.743	0.975	0.991	1.002	0.181	0.162	0.139	0.120	0.229	0.324	0.222	0.039	0.041	0.037
10:59:50	25.1	0.038	0.762	0.750	0.999	1.029	1.029	0.115	0.122	0.723	0.788	0.790	1.004	1.054	1.073	0.139	0.081	0.739	0.748	0.746	1.006	1.051	0.936	0.328	0.223	0.756	0.777	0.812	0.966	0.971	0.968	0.292	0.253	0.752	0.773	0.769	1.015	1.038	1.050	0.199	0.178	0.155	0.130	0.257	0.346	0.248	0.040	0.041	0.037
11:15:33	25.1	0.039	0.796	0.780	1.046	1.079	1.077	0.122	0.132	0.733	0.812	0.816	1.051	1.100	1.121	0.153	0.088	0.763	0.775	0.772	1.053	1.098	0.981	0.353	0.246	0.785	0.811	0.849	1.016	1.018	1.018	0.312	0.276	0.784	0.809	0.806	1.063	1.089	1.101	0.217	0.194	0.174	0.137	0.286	0.350	0.271	0.040	0.042	0.037
11:31:16	25.1	0.038	0.832	0.817	1.093	1.120	1.121	0.131	0.145	0.752	0.843	0.850	1.101	1.148	1.170	0.496	0.094	0.798	0.810	0.808	1.100	1.145	1.027	0.372	0.262	0.823	0.849	0.870	1.064	1.071	1.067	0.328	0.290	0.823	0.845	0.841	1.113	1.135	1.149	0.232	0.208	0.199	0.151	0.310	0.361	0.291	0.039	0.041	0.041
11:46:59	25.1	0.038	0.855	0.846	1.136	1.167	1.168	0.144	0.162	0.778	0.878	0.884	1.149	1.198	1.216	0.190	0.102	0.835	0.847	0.844	1.145	1.191	1.074	0.395	0.282	0.855	0.872	0.888	1.119	1.119	1.117	0.340	0.304	0.850	0.872	0.866	1.162	1.183	1.197	0.254	0.229	0.219	0.165	0.338	0.371	0.316	0.040	0.042	0.037
12:02:42	25.1	0.039	0.870	0.864	1.180	1.212	1.208	0.160	0.179	0.811	0.908	0.913	1.192	1.242	1.261	0.209	0.112	0.860	0.870	0.868	1.190	1.236	1.119	0.418	0.305	0.872	0.887	0.905	1.161	1.165	1.165	0.352	0.320	0.869	0.887	0.881	1.204	1.228	1.245	0.274	0.247	0.234	0.181	0.356	0.384	0.340	0.040	0.041	0.037
12:18:25	25.1	0.039	0.886	0.879	1.226	1.257	1.253	0.176	0.197	0.846	0.931	0.934	1.236	1.289	1.300	0.233	0.120	0.879	0.889	0.886	1.235	1.282	1.164	0.442	0.324	0.888	0.907	0.921	1.204	1.219	1.214	0.362	0.331	0.882	0.904	0.896	1.251	1.303	1.296	0.293	0.263	0.259	0.201	0.374	0.402	0.366	0.040	0.041	0.037
12:34:07	25.1	0.038	0.899	0.893	1.263	1.302	1.290	0.196	0.218	0.878	0.946	0.948	1.283	1.313	1.323	0.255	0.128	0.895	0.904	0.903	1.275	1.318	1.210	0.471	0.342	0.906	0.923	0.936	1.252	1.264	1.259	0.382	0.340	0.899	0.918	0.912	1.289	1.318	1.326	0.320	0.287	0.292	0.226	0.397	0.427	0.396	0.040	0.042	0.037
12:49:50	25.1	0.038	0.911	0.906	1.287	1.313	1.307	0.219	0.243	0.901	0.960	0.961	1.313	1.329	1.339	0.291	0.144	0.917	0.923	0.917	1.302	1.331	1.254	0.500	0.361	0.920	0.936	0.950	1.295	1.302	1.305	0.404	0.351	0.913	0.935	0.927	1.312	1.335	1.350	0.345	0.309	0.324	0.243	0.418	0.448	0.424	0.040	0.041	0.037
13:05:33	25.1	0.038	0.922	0.918	1.296	1.320	1.313	0.244	0.272	0.919	0.972	0.973	1.331	1.345	1.345	0.309	0.159	0.935	0.939	0.934	1.312	1.338	1.284	0.532	0.380	0.934	0.950	0.963	1.321	1.335	1.343	0.431	0.369	0.925	0.946	0.939	1.330	1.338	1.353	0.376	0.334	0.362	0.269	0.442	0.473	0.458	0.040	0.041	0.037
13:21:15	25.1	0.038	0.934	0.930	1.298	1.317	1.305	0.269	0.297	0.932	0.984	0.985	1.347	1.329	1.334	0.333	0.177	0.950	0.956	0.950	1.317	1.332	1.295	0.555	0.398	0.947	0.963	0.974	1.338	1.340	1.361	0.456	0.395	0.938	0.957	0.950	1.326	1.335	1.341	0.405	0.362	0.396	0.295	0.464	0.495	0.494	0.040	0.042	0.037
13:36:58	25.1	0.038	0.947	0.943	1.286	1.307	1.296	0.305	0.331	0.945	0.994	0.995	1.343	1.330	1.328	0.372	0.194	0.966	0.969	0.964	1.308	1.327	1.301	0.569	0.419	0.959	0.974	0.973	1.338	1.338	1.367	0.479	0.421	0.948	0.969	0.961	1.317	1.327	1.334	0.438	0.391	0.425	0.327	0.487	0.510	0.530	0.040	0.041	0.037
13:52:41	25.0	0.038	0.957	0.955	1.283	1.298	1.288	0.332	0.360	0.957	1.004	1.005	1.328	1.313	1.323	0.396	0.218	0.979	0.983	0.977	1.302	1.319	1.294	0.586	0.446	0.968	0.974	0.970	1.335	1.342	1.365	0.493	0.442	0.960	0.976	0.968	1.315	1.324	1.328	0.473	0.423	0.451	0.356	0.513	0.523	0.571	0.040	0.042	0.037
14:08:23	25.1	0.038	0.957	0.963	1.271	1.291	1.282	0.367	0.379	0.969	1.014	1.014	1.327	1.313	1.314	0.473	0.244	0.991	0.995	0.990	1.292	1.313	1.288	0.604	0.475	0.964	0.971	0.966	1.326	1.332	1.358	0.512	0.468	0.960	0.975	0.966	1.308	1.313	1.325	0.510	0.457	0.480	0.387	0.541	0.544	0.610	0.040	0.042	0.037
14:24:06	25.1	0.038	0.952	0.960	1.264	1.288	1.272	0.388	0.401	0.980	1.023	1.023	1.312	1.313	1.312	0.444	0.270	0.994	0.995	0.992	1.285	1.303	1.278	0.622	0.503	0.960	0.968	0.962	1.328	1.361	1.354	0.537	0.478	0.957	0.968	0.961	1.299	1.309	1.319	0.544	0.490	0.518	0.412	0.571	0.563	0.640	0.040	0.041	0.037
14:39:49	25.1	0.038	0.947	0.956	1.254	1.279	1.263	0.414	0.426	0.990	1.031	1.031	1.313	1.303	1.305	0.457	0.299	0.990	0.992	0.989	1.273	1.295	1.274	0.633	0.523	0.956	0.964	0.957	1.321	1.320	1.348	0.547	0.498	0.952	0.963	0.956	1.294	1.304	1.311	0.566	0.519	0.558	0.439	0.602	0.569	0.650	0.040	0.041	0.037
14:55:31	25.1	0.038	0.941	0.950	1.247	1.268	1.259	0.434	0.456	1.000	1.039	1.038	1.311	1.301	1.310	0.485	0.326	0.984	0.987	0.985	1.272	1.290	1.265	0.645	0.535	0.951	0.959	0.954	1.319	1.319	1.349	0.563	0.520	0.947	0.960	0.952	1.293	1.304	1.313	0.576	0.531	0.592	0.466	0.628	0.578	0.652	0.040	0.041	0.037
15:11:14	25.1	0.038	0.935	0.944	1.241	1.265	1.252	0.475	0.491	1.009	1.045	1.044	1.305	1.295	1.305	0.508	0.355	0.979	0.982	0.980	1.266	1.287	1.259	0.660	0.554	0.947	0.955	0.949	1.312	1.311	1.340	0.570	0.535	0.942	0.955	0.947	1.284	1.292	1.298	0.588	0.540	0.620	0.492	0.637	0.579	0.660	0.040	0.041	0.037
15:26:57	25.1	0.038	0.929	0.939	1.236	1.258	1.242	0.508	0.521	1.018	1.048	1.047	1.295	1.286	1.290	0.524	0.386	0.972	0.977	0.976	1.261	1.277	1.255	0.681	0.572	0.943	0.951	0.945	1.307	1.304	1.336	0.573	0.545	0.938	0.951	0.944	1.283	1.291	1.296	0.593	0.549	0.644	0.517	0.654	0.591	0.667	0.040	0.041	0.037
15:42:39	25.1	0.038	0.924	0.933	1.229	1.253	1.245	0.536	0.546	1.024	1.044	1.043	1.298	1.295	1.292	0.560	0.415	0.966	0.973	0.972	1.259	1.273	1.250	0.706	0.589	0.938	0.947	0.942	1.310	1.311	1.339	0.584	0.551	0.934	0.947	0.940	1.279	1.287	1.294	0.598	0.555	0.666	0.532	0.670	0.607	0.672	0.041	0.041	0.037
15:58:22	25.1	0.038	0.918	0.927	1.223	1.242	1.229	0.572	0.564	1.029	1.038	1.037	1.293	1.279	1.289	0.638	0.437	0.960	0.968	0.968	1.246	1.273	1.245	0.736	0.601	0.934	0.944	0.938	1.298	1.297	1.327	0.596	0.554	0.929	0.943	0.936	1.271	1.284	1.286	0.610	0.563	0.687	0.554	0.687	0.622	0.688	0.041	0.041	0.037
16:14:05	25.1	0.038	0.913	0.923	1.221	1.242	1.229	0.591	0.582	1.027	1.032	1.031	1.288	1.279	1.292	0.586	0.457	0.955	0.964	0.963	1.246	1.262	1.238	0.751	0.611	0.930	0.940	0.935	1.300	1.301	1.329	0.608	0.566	0.925	0.940	0.933	1.269	1.281	1.283	0.618	0.571	0.710	0.579	0.696	0.631	0.704	0.041	0.041	0.037
16:29:47	25.1	0.038	0.909	0.917	1.212	1.230	1.219	0.623	0.609	1.022	1.026	1.024	1.284	1.282	1.292	0.604	0.480	0.949	0.958	0.956	1.237	1.255	1.228	0.775	0.629	0.927	0.936	0.931	1.294	1.292	1.327	0.621	0.578	0.921	0.936	0.929	1.262	1.273	1.280	0.633	0.585	0.721	0.589	0.710	0.641	0.725	0.041	0.041	0.037
16:45:30	25.1	0.038	0.904	0.913	1.205	1.232	1.216	0.635	0.628	1.016	1.020	1.018	1.285	1.270	1.280	0.637	0.497	0.945	0.953	0.952	1.230	1.248	1.227	0.785	0.639	0.923	0.933	0.928	1.297	1.296	1.321	0.628	0.591	0.917	0.934	0.926	1.261	1.267	1.274	0.646	0.594	0.739	0.617	0.726	0.645	0.747	0.042	0.041	0.037
17:01:12	25.1	0.038	0.899	0.909	1.201	1.219	1.211	0.662	0.644	1.009	1.013	1.011	1.281	1.270	1.282	0.626	0.517	0.940	0.950	0.948	1.222	1.245	1.222	0.801	0.662	0.919	0.930	0.925	1.288	1.289	1.317	0.623	0.602	0.913	0.931	0.923	1.261	1.263	1.272	0.666	0.611	0.750	0.622	0.749	0.645	0.767	0.042	0.041	0.038
17:16:55	25.1	0.038	0.894	0.904	1.192	1.216	1.201	0.683	0.657	1.002	1.008	1.005	1.279	1.270	1.274	0.634	0.532	0.935	0.946	0.944	1.219	1.235	1.216	0.816	0.690	0.917	0.927	0.922	1.286	1.291	1.316	0.631	0.608	0.910	0.927	0.920	1.254	1.258	1.266	0.681	0.623	0.760	0.644	0.781	0.644	0.788	0.042	0.041	0.037
17:32:38	25.1	0.038	0.890	0.899	1.186	1.206	1.196	0.705	0.671	0.995	1.002	1.000	1.269	1.260	1.273	0.634	0.552	0.930	0.943	0.940	1.210	1.230	1.204	0.831	0.721	0.913	0.924	0.918	1.280	1.281	1.310	0.634	0.611	0.907	0.924	0.917	1.246	1.251	1.257	0.702	0.642	0.769	0.651	0.800	0.656	0.809	0.043	0.041	0.037
17:48:20	25.1	0.038	0.886	0.896	1.179	1.204	1.190	0.715	0.679	0.989	0.997	0.995	1.270	1.265	1.270	0.665	0.588	0.927	0.939	0.937	1.211	1.226	1.206	0.833	0.731	0.910	0.921	0.916	1.282	1.279	1.312	0.638	0.601	0.903	0.921	0.914	1.246	1.249	1.256	0.713	0.655	0.774	0.651	0.830	0.650	0.826	0.043	0.041	0.037
18:04:03	25.1	0.038	0.883	0.891	1.175	1.196	1.181	0.731	0.689	0.983	0.992	0.989	1.269	1.252	1.269	0.877	0.598	0.922	0.936	0.934	1.198	1.219	1.196	0.850	0.738	0.907	0.918	0.913	1.279	1.273	1.306	0.628	0.605	0.900	0.918	0.911	1.234	1.239	1.245	0.730	0.665	0.784	0.666	0.852	0.644	0.831	0.044	0.041	0.037
18:19:46	25.1	0.038	0.879	0.888	1.167	1.188	1.177	0.740	0.695	0.977	0.987	0.984	1.264	1.245	1.269	0.698	0.601	0.919	0.933	0.931	1.199	1.216	1.191	0.860	0.749	0.904	0.915	0.910	1.272	1.269	1.299	0.630	0.610	0.897	0.915	0.909	1.229	1.237	1.240	0.746	0.679	0.793	0.667	0.866	0.653	0.861	0.048	0.041	0.037
18:35:29	25.1	0.038	0.875	0.884	1.165	1.181	1.171	0.753	0.700	0.972	0.982	0.980	1.264	1.246	1.261	0.652	0.615	0.917	0.930	0.928	1.188	1.206	1.183	0.867	0.765	0.901	0.913	0.908	1.269	1.267	1.297	0.630	0.607	0.894	0.913	0.907	1.227	1.237	1.243	0.756	0.686	0.804	0.667	0.878	0.659	0.870	0.045	0.041	0.037
18:51:12	25.1	0.038	0.871	0.880	1.158	1.177	1.165	0.762	0.705	0.967	0.978	0.975	1.250	1.240	1.253	0.709	0.629	0.914	0.927	0.925	1.185	1.200	1.178	0.884	0.780	0.899	0.910	0.906	1.263	1.262	1.295	0.630	0.608	0.891	0.911	0.904	1.225	1.228	1.232	0.766	0.693	0.811	0.667	0.890	0.658	0.889	0.047	0.041	0.037
19:06:54	25.1	0.038	0.868	0.877	1.154	1.172	1.161	0.764	0.711	0.961	0.974	0.971	1.253	1.240	1.255	0.669	0.648	0.910	0.925	0.923	1.183	1.197	1.177	0.888	0.792	0.897	0.908	0.904	1.263	1.261	1.298	0.630	0.599	0.888	0.908	0.902	1.222	1.236	1.233	0.782	0.700	0.820	0.661	0.903	0.666	0.889	0.048	0.041	0.037
19:22:37	25.1	0.038	0.865	0.874	1.145	1.165	1.152	0.780	0.719	0.957	0.969	0.967	1.250	1.235	1.243	0.659	0.635	0.906	0.922	0.920	1.174	1.193	1.169	0.899	0.791	0.895	0.906	0.901	1.262	1.269	1.291	0.637	0.602	0.886	0.905	0.900	1.216	1.221	1.228	0.791	0.726	0.819	0.656	0.902	0.669	0.900	0.049	0.042	0.037
19:38:19	25.1	0.038	0.862	0.871	1.141	1.158	1.149	0.790	0.732	0.952	0.966	0.962	1.242	1.230	1.244	0.656	0.654	0.904	0.920	0.918	1.173	1.186	1.167	0.919	0.816	0.892	0.904	0.898	1.255	1.253	1.288	0.640	0.603	0.884	0.905	0.898	1.214	1.220	1.238	0.803	0.728	0.839	0.648	0.914	0.677	0.915	0.050	0.041	0.037
19:54:02	25.1	0.038	0.858	0.867	1.133	1.152	1.141	0.804	0.734	0.947	0.962	0.959	1.242	1.230	1.240	0.744	0.660	0.900	0.916	0.915	1.169	1.183	1.163	0.931	0.824	0.889	0.902	0.896	1.254	1.252	1.283	0.636	0.600	0.881	0.902	0.896	1.208	1.214	1.223	0.810	0.730	0.837	0.655	0.921	0.686	0.922	0.052	0.041	0.037
20:09:45	25.1	0.038	0.854	0.864	1.132	1.149	1.140	0.811	0.737	0.943	0.959	0.955	1.243	1.227	1.246	0.693	0.668	0.898	0.914	0.913	1.164	1.179	1.162	0.933	0.833	0.887	0.901	0.894	1.255	1.251	1.286	0.639	0.605	0.879	0.900	0.894	1.208	1.211	1.220	0.820	0.739	0.834	0.680	0.937	0.681	0.935	0.054	0.041	0.037
20:25:27	25.1	0.038	0.851	0.860	1.126	1.142	1.133	0.824	0.745	0.939	0.955	0.952	1.233	1.216	1.234	0.676	0.665	0.894	0.912	0.911	1.160	1.175	1.155	0.942	0.833	0.885	0.898	0.893	1.250	1.245	1.282	0.645	0.603	0.876	0.899	0.892	1.205	1.204	1.216	0.832	0.766	0.855	0.640	0.942	0.688	0.948	0.056	0.041	0.037
20:41:10	25.1	0.038	0.847	0.856	1.121	1.137	1.125	0.837	0.753	0.935	0.952	0.948	1.227	1.212	1.230	0.682	0.658	0.891	0.910	0.909	1.156	1.170	1.153	0.955	0.848	0.882	0.896	0.890	1.240	1.236	1.276	0.649	0.602	0.873	0.896	0.890	1.195	1.195	1.208	0.841	0.763	0.860	0.630	0.954	0.695	0.950	0.059	0.041	0.037
20:56:52	25.0	0.038	0.843	0.852	1.115	1.129	1.119	0.846	0.754	0.931	0.949	0.945	1.230	1.213	1.225	0.650	0.663	0.890	0.908	0.908	1.153	1.168	1.149	0.964	0.852	0.879	0.893	0.888	1.238	1.233	1.273	0.647	0.606	0.870	0.894	0.887	1.190	1.194	1.201	0.849	0.767	0.859	0.642	0.964	0.696	0.948	0.062	0.041	0.037
21:12:35	25.1	0.038	0.840	0.849	1.105	1.123	1.112	0.855	0.765	0.928	0.946	0.942	1.220	1.199	1.220	0.658	0.651	0.886	0.906	0.905	1.151	1.163	1.143	0.973	0.850	0.876	0.892	0.885	1.233	1.230	1.268	0.653	0.613	0.868	0.891	0.885	1.186	1.185	1.196	0.857	0.786	0.858	0.634	0.968	0.700	0.957	0.065	0.041	0.037
21:28:18	25.1	0.038	0.836	0.845	1.099	1.116	1.104	0.865	0.755	0.925	0.943	0.939	1.215	1.195	1.218	0.698	0.698	0.883	0.903	0.902	1.144	1.158	1.139	0.990	0.866	0.874	0.890	0.882	1.226	1.224	1.260	0.657	0.610	0.864	0.888	0.882	1.181	1.182	1.191	0.858	0.782	0.855	0.644	0.979	0.697	0.964	0.069	0.041	0.037
21:44:01	25.1	0.038	0.832	0.842	1.091	1.107	1.097	0.871	0.757	0.921	0.939	0.935	1.209	1.192	1.211	0.811	0.647	0.878	0.901	0.900	1.139	1.152	1.133	0.989	0.887	0.871	0.887	0.879	1.225	1.220	1.258	0.652	0.610	0.862	0.885	0.880	1.179	1.179	1.186	0.868	0.796	0.862	0.629	0.998	0.707	0.971	0.075	0.041	0.037
21:59:44	25.0	0.038	0.828	0.837	1.083	1.101	1.088	0.881	0.767	0.917	0.936	0.932	1.203	1.183	1.202	0.638	0.648	0.875	0.899	0.897	1.134	1.146	1.125	0.991	0.880	0.868	0.885	0.877	1.216	1.210	1.249	0.658	0.605	0.859	0.883	0.877	1.171	1.170	1.178	0.877	0.809	0.864	0.623	0.998	0.710	0.981	0.083	0.041	0.037
22:15:26	25.1	0.038	0.824	0.833	1.077	1.094	1.084	0.887	0.761	0.913	0.933	0.929	1.197	1.182	1.202	0.882	0.648	0.871	0.896	0.895	1.129	1.143	1.119	1.014	0.889	0.865	0.882	0.874	1.211	1.210	1.244	0.654	0.602	0.856	0.881	0.875	1.168	1.162	1.175	0.892	0.816	0.848	0.733	1.002	0.718	0.998	0.088	0.041	0.037
22:31:09	25.1	0.038	0.820	0.829	1.070	1.086	1.075	0.898	0.761	0.910	0.930	0.926	1.194	1.177	1.196	0.815	0.638	0.868	0.893	0.892	1.126	1.136	1.114	1.017	0.908	0.863	0.880	0.871	1.209	1.200	1.240	0.657	0.609	0.853	0.878	0.872	1.161	1.157	1.172	0.898	0.816	0.864	0.606	1.016	0.713	0.993	0.093	0.041	0.037
22:46:52	25.1	0.039	0.817	0.826	1.064	1.079	1.069	0.900	0.760	0.906	0.927	0.923	1.198	1.169	1.191	0.843	0.638	0.864	0.891	0.889	1.118	1.132	1.108	1.015	0.928	0.860	0.878	0.869	1.203	1.198	1.237	0.658	0.612	0.850	0.875	0.869	1.154	1.156	1.164	0.901	0.831	0.859	0.616	1.018	0.712	1.003	0.101	0.041	0.037
23:02:34	25.0	0.038	0.813	0.822	1.056	1.074	1.063	0.908	0.758	0.903	0.925	0.920	1.184	1.167	1.186	0.689	0.657	0.861	0.888	0.887	1.114	1.130	1.104	1.024	0.922	0.857	0.875	0.866	1.200	1.191	1.231	0.659	0.604	0.847	0.874	0.867	1.150	1.149	1.159	0.905	0.829	0.859	0.738	1.019	0.709	1.002	0.110	0.042	0.037
23:18:17	25.1	0.038	0.809	0.818	1.051	1.067	1.057	0.913	0.756	0.901	0.922	0.917	1.180	1.163	1.178	0.723	0.703	0.857	0.886	0.884	1.111	1.124	1.100	1.043	0.925	0.855	0.873	0.864	1.196	1.189	1.226	0.662	0.605	0.844	0.871	0.865	1.146	1.145	1.155	0.905	0.830	0.856	0.716	1.021	0.728	1.011	0.121	0.041	0.037
23:33:59	25.1	0.038	0.805	0.815	1.046	1.061	1.051	0.915	0.758	0.898	0.919	0.915	1.177	1.157	1.180	0.989	0.627	0.853	0.883	0.882	1.107	1.121	1.094	1.038	0.934	0.853	0.871	0.861	1.191	1.183	1.222	0.660	0.604	0.842	0.869	0.863	1.144	1.139	1.148	0.912	0.850	0.857	0.678	1.033	0.724	1.010	0.134	0.042	0.037
23:49:42	25.1	0.039	0.802	0.812	1.041	1.056	1.044	0.920	0.755	0.894	0.917	0.912	1.173	1.154	1.177	0.653	0.633	0.850	0.882	0.880	1.103	1.117	1.093	1.050	0.943	0.851	0.869	0.859	1.188	1.180	1.222	0.657	0.608	0.839	0.867	0.860	1.137	1.135	1.145	0.919	0.860	0.858	0.652	1.027	0.724	1.020	0.149	0.041	0.037
24:05:25	25.0	0.039	0.798	0.808	1.034	1.050	1.038	0.926	0.754	0.892	0.914	0.910	1.166	1.149	1.169	0.684	0.629	0.846	0.879	0.877	1.101	1.115	1.087	1.049	0.949	0.848	0.867	0.857	1.185	1.180	1.213	0.664	0.595	0.836	0.865	0.859	1.133	1.130	1.143	0.927	0.849	0.857	0.616	1.037	0.720	1.013	0.166	0.042	0.037
24:21:08	25.1	0.039	0.795	0.805	1.029	1.044	1.032	0.926	0.748	0.889	0.913	0.908	1.164	1.147	1.169	0.663	0.629	0.844	0.877	0.875	1.099	1.111	1.084	1.047	0.948	0.846	0.865	0.856	1.184	1.175	1.212	0.664	0.600	0.834	0.863	0.857	1.132	1.129	1.141	0.928	0.873	0.852	0.636	1.050	0.727	1.022	0.192	0.041	0.037
24:36:50	25.1	0.039	0.792	0.802	1.023	1.039	1.026	0.930	0.748	0.887	0.910	0.906	1.160	1.142	1.164	0.681	0.625	0.842	0.875	0.873	1.095	1.109	1.081	1.050	0.958	0.844	0.864	0.854	1.181	1.173	1.209	0.660	0.607	0.832	0.861	0.854	1.129	1.128	1.137	0.931	0.861	0.853	0.691	1.054	0.725	1.011	0.207	0.042	0.037
25:06:28	25.1	0.039	0.825	0.832	1.139	1.104	1.151	1.010	0.879	0.944	0.943	0.929	1.218	1.226	1.230	0.877	1.105	0.906	0.908	0.892	1.155	1.144	1.121	1.073	0.981	0.894	0.882	0.856	1.302	1.268	1.292	0.758	0.707	0.900	0.898	0.873	1.334	1.255	1.306	0.956	0.905	1.001	1.073	1.164	1.151	1.082	0.304	0.042	0.037
25:32:26	25.2	0.039	0.786	0.795	1.054	1.065	1.067	1.004	0.850	0.915	0.919	0.914	1.214	1.177	1.217	0.820	1.099	0.877	0.889	0.880	1.129	1.129	1.109	1.076	1.002	0.862	0.861	0.845	1.241	1.222	1.263	0.761	0.726	0.865	0.874	0.858	1.221	1.190	1.207	0.946	0.890	0.968	0.817	1.136	1.036	1.068	0.339	0.042	0.037
26:00:35	25.1	0.039	0.803	0.811	1.054	1.061	1.069	1.010	0.899	0.919	0.925	0.916	1.225	1.182	1.240	0.753	0.914	0.884	0.892	0.880	1.123	1.120	1.096	1.035	0.958	0.869	0.863	0.844	1.256	1.225	1.283	0.734	0.686	0.875	0.875	0.858	1.306	1.242	1.254	0.948	0.906	0.996	0.836	1.151	1.141	1.090	0.409	0.042	0.037
26:16:17	25.1	0.039	0.776	0.786	1.001	1.018	1.002	0.948	0.752	0.874	0.900	0.895	1.148	1.127	1.151	0.721	0.619	0.838	0.866	0.862	1.081	1.095	1.064	1.051	0.994	0.832	0.855	0.843	1.168	1.157	1.197	0.658	0.582	0.819	0.850	0.843	1.116	1.109	1.122	0.955	0.892	0.853	0.650	1.044	0.710	1.036	0.401	0.042	0.037
26:32:00	25.1	0.039	0.772	0.783	0.997	1.014	0.998	0.947	0.747	0.872	0.899	0.893	1.144	1.123	1.147	0.653	0.688	0.834	0.863	0.861	1.083	1.095	1.061	1.043	0.992	0.830	0.853	0.842	1.165	1.154	1.202	0.654	0.581	0.816	0.848	0.842	1.114	1.106	1.119	0.962	0.889	0.849	0.594	1.051	0.704	1.040	0.441	0.044	0.037
27:02:00	25.1	0.040	0.795	0.805	1.042	1.045	1.055	1.049	0.903	0.928	0.931	0.917	1.203	1.173	1.210	0.797	1.176	0.892	0.892	0.879	1.118	1.113	1.091	1.027	0.975	0.880	0.867	0.844	1.235	1.201	1.266	0.773	0.763	0.882	0.882	0.860	1.238	1.200	1.231	0.980	0.914	1.010	0.924	1.162	1.084	1.108	0.622	0.042	0.037
27:17:44	25.1	0.040	0.764	0.775	0.986	1.006	0.986	0.945	0.740	0.867	0.895	0.888	1.137	1.113	1.138	0.643	0.622	0.828	0.858	0.856	1.076	1.090	1.055	1.031	0.999	0.824	0.848	0.837	1.162	1.157	1.186	0.644	0.576	0.809	0.843	0.836	1.105	1.106	1.109	0.979	0.917	0.845	0.599	1.057	0.712	1.046	0.548	0.042	0.037
27:33:27	25.1	0.040	0.761	0.771	0.983	1.004	0.985	0.943	0.744	0.864	0.893	0.887	1.134	1.111	1.136	0.704	0.617	0.822	0.854	0.853	1.074	1.089	1.054	1.024	0.983	0.822	0.846	0.835	1.156	1.148	1.185	0.647	0.575	0.806	0.840	0.834	1.102	1.104	1.106	0.979	0.907	0.843	0.607	1.054	0.703	1.051	0.587	0.042	0.037
27:49:10	25.1	0.041	0.757	0.768	0.980	1.000	0.981	0.943	0.741	0.862	0.892	0.885	1.131	1.109	1.133	0.642	0.664	0.817	0.850	0.851	1.073	1.087	1.053	1.018	1.000	0.820	0.844	0.834	1.156	1.144	1.181	0.637	0.574	0.804	0.838	0.832	1.101	1.102	1.104	0.980	0.903	0.842	0.629	1.050	0.709	1.049	0.631	0.043	0.036
28:04:52	25.1	0.041	0.753	0.765	0.976	0.996	0.977	0.941	0.739	0.860	0.891	0.884	1.129	1.107	1.130	0.704	0.619	0.813	0.848	0.849	1.071	1.087	1.050	1.009	0.996	0.817	0.843	0.832	1.151	1.143	1.177	0.646	0.577	0.801	0.837	0.831	1.098	1.100	1.100	0.989	0.907	0.836	0.607	1.038	0.709	1.051	0.668	0.043	0.037
28:20:35	25.1	0.042	0.750	0.762	0.973	0.993	0.973	0.938	0.735	0.858	0.889	0.881	1.126	1.105	1.126	0.747	0.603	0.809	0.844	0.847	1.069	1.085	1.048	1.004	1.005	0.815	0.841	0.830	1.148	1.139	1.174	0.653	0.582	0.799	0.834	0.829	1.095	1.095	1.097	0.987	0.921	0.837	0.622	1.036	0.706	1.049	0.702	0.043	0.037
28:36:18	25.1	0.043	0.746	0.758	0.969	0.989	0.968	0.937	0.733	0.855	0.888	0.880	1.122	1.100	1.123	0.684	0.620	0.804	0.843	0.845	1.068	1.083	1.046	1.003	0.983	0.813	0.840	0.829	1.146	1.136	1.172	0.640	0.566	0.796	0.833	0.827	1.092	1.095	1.094	0.996	0.925	0.836	0.607	1.023	0.705	1.055	0.746	0.045	0.037
28:52:00	25.1	0.044	0.743	0.755	0.967	0.985	0.964	0.940	0.728	0.853	0.886	0.878	1.120	1.097	1.120	0.639	0.607	0.801	0.840	0.843	1.067	1.081	1.043	0.991	0.981	0.811	0.838	0.827	1.144	1.134	1.169	0.647	0.561	0.794	0.830	0.825	1.090	1.091	1.090	0.999	0.925	0.835	0.614	1.017	0.701	1.057	0.790	0.044	0.037
29:07:43	25.1	0.045	0.740	0.752	0.963	0.982	0.960	0.944	0.724	0.851	0.885	0.877	1.117	1.094	1.116	0.894	0.614	0.798	0.838	0.841	1.067	1.080	1.042	0.986	0.979	0.809	0.836	0.826	1.141	1.132	1.166	0.644	0.561	0.791	0.828	0.823	1.088	1.088	1.086	1.004	0.924	0.834	0.645	1.012	0.708	1.054	0.839	0.044	0.037
29:23:25	25.1	0.049	0.736	0.748	0.960	0.978	0.955	0.932	0.720	0.849	0.883	0.875	1.115	1.091	1.113	0.669	0.652	0.793	0.836	0.840	1.063	1.079	1.040	0.983	0.965	0.807	0.834	0.824	1.139	1.129	1.163	0.649	0.557	0.789	0.827	0.821	1.084	1.085	1.084	1.006	0.926	0.838	0.645	0.998	0.695	1.052	0.872	0.045	0.037
29:39:08	25.0	0.048	0.733	0.745	0.955	0.974	0.951	0.935	0.717	0.847	0.881	0.873	1.113	1.089	1.110	0.692	0.609	0.790	0.835	0.838	1.062	1.077	1.039	0.976	0.957	0.804	0.833	0.822	1.137	1.127	1.159	0.646	0.559	0.786	0.825	0.820	1.082	1.083	1.079	1.014	0.926	0.836	0.595	0.994	0.701	1.052	0.920	0.045	0.036
29:54:51	25.1	0.054	0.729	0.743	0.952	0.972	0.948	0.927	0.713	0.845	0.880	0.872	1.110	1.087	1.107	0.812	0.623	0.788	0.833	0.836	1.064	1.076	1.039	0.973	0.959	0.803	0.832	0.821	1.136	1.124	1.158	0.643	0.555	0.785	0.824	0.819	1.080	1.081	1.078	1.007	0.925	0.830	0.623	0.988	0.691	1.051	0.953	0.046	0.036
30:10:33	25.1	0.056	0.726	0.739	0.951	0.968	0.943	0.924	0.708	0.843	0.879	0.870	1.107	1.084	1.104	0.794	0.600	0.784	0.831	0.834	1.061	1.074	1.036	0.969	0.962	0.801	0.830	0.820	1.133	1.123	1.156	0.644	0.562	0.782	0.821	0.817	1.077	1.078	1.075	1.007	0.925	0.833	0.610	0.972	0.698	1.047	0.992	0.047	0.037
30:26:16	25.1	0.056	0.723	0.736	0.948	0.965	0.940	0.923	0.707	0.841	0.877	0.869	1.105	1.081	1.102	0.793	0.652	0.781	0.829	0.831	1.058	1.074	1.034	0.957	0.957	0.799	0.829	0.818	1.131	1.120	1.154	0.650	0.556	0.780	0.820	0.815	1.075	1.075	1.072	1.008	0.924	0.831	0.614	0.977	0.707	1.048	1.028	0.048	0.036
30:41:59	25.1	0.058	0.720	0.733	0.944	0.961	0.936	0.919	0.703	0.839	0.876	0.867	1.103	1.080	1.100	0.659	0.610	0.779	0.827	0.830	1.060	1.072	1.034	0.951	0.954	0.796	0.828	0.817	1.129	1.123	1.151	0.649	0.554	0.778	0.818	0.814	1.072	1.074	1.069	1.015	0.928	0.827	0.622	0.959	0.705	1.048	1.052	0.050	0.037
30:57:41	25.1	0.060	0.716	0.731	0.941	0.958	0.932	0.920	0.701	0.837	0.875	0.866	1.101	1.077	1.098	0.665	0.615	0.776	0.825	0.829	1.056	1.070	1.031	0.951	0.946	0.795	0.826	0.816	1.127	1.117	1.148	0.646	0.550	0.775	0.817	0.813	1.075	1.072	1.067	1.013	0.927	0.826	0.612	0.944	0.682	1.042	1.074	0.051	0.036
31:13:24	25.1	0.064	0.713	0.727	0.937	0.955	0.928	0.916	0.700	0.835	0.873	0.865	1.099	1.075	1.095	0.705	0.612	0.773	0.822	0.828	1.055	1.068	1.029	0.941	0.936	0.793	0.826	0.815	1.125	1.114	1.147	0.650	0.553	0.773	0.815	0.811	1.068	1.070	1.064	1.010	0.929	0.830	0.626	0.946	0.693	1.042	1.127	0.053	0.036
31:29:07	25.1	0.070	0.709	0.724	0.934	0.951	0.924	0.911	0.694	0.833	0.872	0.863	1.097	1.073	1.093	1.043	0.655	0.770	0.821	0.826	1.053	1.069	1.030	0.936	0.935	0.791	0.823	0.812	1.123	1.113	1.144	0.646	0.556	0.771	0.814	0.809	1.066	1.066	1.060	1.016	0.908	0.825	0.620	0.934	0.690	1.045	1.143	0.056	0.036
31:44:49	25.1	0.076	0.706	0.721	0.931	0.948	0.921	0.909	0.693	0.831	0.870	0.862	1.096	1.072	1.090	0.685	0.588	0.768	0.818	0.823	1.053	1.067	1.027	0.926	0.926	0.788	0.823	0.812	1.121	1.109	1.142	0.643	0.545	0.769	0.813	0.808	1.063	1.065	1.059	1.013	0.917	0.821	0.613	0.910	0.702	1.044	1.149	0.060	0.036
32:00:32	25.1	0.084	0.704	0.718	0.928	0.945	0.918	0.902	0.692	0.829	0.869	0.860	1.093	1.069	1.088	0.788	0.607	0.765	0.817	0.822	1.051	1.065	1.025	0.922	0.924	0.787	0.821	0.811	1.120	1.109	1.140	0.650	0.543	0.766	0.810	0.807	1.062	1.062	1.057	1.012	0.912	0.817	0.603	0.926	0.679	1.033	1.137	0.063	0.036
32:16:15	25.1	0.093	0.700	0.715	0.924	0.942	0.915	0.901	0.686	0.827	0.867	0.859	1.091	1.068	1.087	0.637	0.608	0.762	0.815	0.821	1.051	1.065	1.025	0.909	0.915	0.785	0.820	0.810	1.120	1.108	1.139	0.651	0.546	0.764	0.809	0.805	1.059	1.061	1.054	1.008	0.917	0.816	0.615	0.906	0.679	1.039	1.124	0.068	0.036
32:31:57	25.1	0.102	0.697	0.713	0.921	0.939	0.911	0.896	0.685	0.824	0.866	0.857	1.089	1.065	1.085	0.788	0.585	0.760	0.813	0.820	1.051	1.063	1.023	0.902	0.909	0.783	0.819	0.809	1.117	1.107	1.136	0.645	0.544	0.762	0.808	0.804	1.058	1.060	1.052	1.015	0.908	0.813	0.638	0.900	0.684	1.028	1.120	0.072	0.036
32:47:40	25.1	0.115	0.694	0.710	0.919	0.936	0.907	0.893	0.681	0.822	0.865	0.856	1.087	1.064	1.083	0.919	0.581	0.758	0.811	0.818	1.051	1.063	1.024	0.893	0.888	0.781	0.817	0.807	1.116	1.104	1.135	0.642	0.533	0.760	0.806	0.803	1.056	1.057	1.049	1.015	0.904	0.813	0.612	0.891	0.672	1.031	1.105	0.078	0.036
33:03:23	25.0	0.131	0.691	0.707	0.915	0.933	0.904	0.887	0.680	0.820	0.864	0.855	1.085	1.063	1.083	0.653	0.604	0.755	0.809	0.817	1.049	1.061	1.021	0.887	0.893	0.780	0.816	0.806	1.114	1.103	1.133	0.653	0.527	0.758	0.805	0.801	1.054	1.056	1.047	1.014	0.900	0.810	0.610	0.874	0.676	1.033	1.093	0.087	0.036
33:19:05	25.1	0.151	0.687	0.704	0.912	0.930	0.900	0.884	0.677	0.818	0.862	0.854	1.083	1.061	1.080	0.666	0.595	0.753	0.808	0.815	1.048	1.060	1.019	0.877	0.888	0.778	0.815	0.805	1.113	1.100	1.131	0.646	0.532	0.756	0.803	0.800	1.054	1.054	1.046	1.021	0.893	0.808	0.610	0.870	0.674	1.029	1.086	0.096	0.036
33:34:48	25.1	0.172	0.684	0.701	0.908	0.927	0.897	0.880	0.674	0.816	0.861	0.852	1.081	1.059	1.079	0.978	0.590	0.751	0.806	0.814	1.048	1.060	1.018	0.868	0.870	0.776	0.813	0.804	1.114	1.098	1.130	0.643	0.529	0.754	0.801	0.799	1.051	1.052	1.043	1.023	0.891	0.805	0.602	0.862	0.672	1.019	1.085	0.104	0.036
33:50:31	25.1	0.199	0.681	0.698	0.905	0.924	0.894	0.877	0.672	0.814	0.859	0.851	1.080	1.057	1.078	0.725	0.562	0.749	0.804	0.813	1.046	1.059	1.018	0.854	0.877	0.774	0.812	0.802	1.125	1.098	1.128	0.654	0.528	0.751	0.800	0.797	1.050	1.050	1.040	1.023	0.893	0.806	0.616	0.852	0.673	1.026	1.052	0.112	0.036
34:06:13	25.1	0.229	0.678	0.695	0.903	0.920	0.890	0.874	0.669	0.812	0.858	0.849	1.079	1.056	1.074	0.642	0.605	0.747	0.803	0.811	1.045	1.058	1.016	0.853	0.872	0.772	0.811	0.802	1.108	1.096	1.126	0.640	0.527	0.750	0.799	0.796	1.048	1.049	1.038	1.021	0.891	0.802	0.616	0.849	0.670	1.029	1.068	0.128	0.036
34:21:56	25.1	0.262	0.675	0.692	0.900	0.918	0.887	0.870	0.667	0.810	0.857	0.848	1.077	1.055	1.073	0.638	0.590	0.744	0.800	0.810	1.044	1.057	1.015	0.834	0.862	0.770	0.810	0.800	1.107	1.095	1.125	0.644	0.520	0.747	0.797	0.795	1.046	1.054	1.036	1.022	0.889	0.800	0.596	0.833	0.667	1.018	1.041	0.147	0.036
34:37:39	25.1	0.302	0.672	0.689	0.897	0.915	0.884	0.865	0.666	0.808	0.855	0.847	1.076	1.061	1.072	0.673	0.591	0.741	0.798	0.808	1.044	1.057	1.013	0.829	0.856	0.768	0.809	0.799	1.106	1.094	1.125	0.643	0.519	0.745	0.796	0.794	1.045	1.045	1.034	1.027	0.885	0.807	0.616	0.822	0.666	1.009	1.042	0.157	0.036
34:53:21	25.1	0.319	0.668	0.686	0.894	0.912	0.881	0.860	0.660	0.806	0.854	0.846	1.074	1.052	1.070	0.730	0.602	0.740	0.797	0.807	1.041	1.055	1.014	0.813	0.851	0.766	0.807	0.798	1.105	1.092	1.121	0.646	0.520	0.743	0.794	0.792	1.044	1.045	1.032	1.019	0.879	0.798	0.606	0.813	0.667	1.017	1.031	0.175	0.036
35:09:04	25.1	0.333	0.665	0.683	0.891	0.910	0.877	0.856	0.660	0.804	0.852	0.845	1.073	1.050	1.067	0.798	0.588	0.737	0.795	0.806	1.042	1.054	1.014	0.807	0.843	0.765	0.806	0.798	1.104	1.092	1.120	0.648	0.520	0.741	0.793	0.791	1.042	1.043	1.030	1.025	0.875	0.798	0.598	0.796	0.668	0.998	1.021	0.197	0.036
35:24:47	25.1	0.347	0.662	0.680	0.888	0.907	0.874	0.853	0.653	0.802	0.851	0.843	1.074	1.048	1.066	0.772	0.590	0.735	0.794	0.805	1.039	1.053	1.011	0.797	0.844	0.762	0.806	0.796	1.101	1.091	1.119	0.645	0.511	0.738	0.792	0.790	1.041	1.043	1.028	1.025	0.875	0.797	0.606	0.788	0.667	1.009	1.016	0.228	0.036
35:40:29	25.0	0.359	0.658	0.677	0.885	0.904	0.871	0.854	0.652	0.800	0.850	0.842	1.070	1.047	1.063	0.728	0.603	0.734	0.793	0.803	1.039	1.053	1.009	0.789	0.829	0.761	0.804	0.796	1.102	1.089	1.118	0.644	0.518	0.737	0.790	0.789	1.039	1.040	1.027	1.028	0.869	0.794	0.608	0.783	0.664	1.004	0.997	0.253	0.036
35:56:12	25.1	0.369	0.655	0.674	0.882	0.901	0.868	0.847	0.652	0.798	0.849	0.841	1.069	1.051	1.062	0.840	0.574	0.732	0.791	0.800	1.039	1.052	1.010	0.780	0.824	0.759	0.803	0.795	1.100	1.088	1.115	0.647	0.510	0.734	0.788	0.787	1.038	1.038	1.024	1.028	0.868	0.791	0.598	0.768	0.665	1.000	0.997	0.281	0.036
36:11:54	25.1	0.377	0.651	0.671	0.879	0.898	0.865	0.846	0.650	0.795	0.848	0.840	1.069	1.046	1.060	0.722	0.565	0.730	0.790	0.800	1.039	1.052	1.007	0.772	0.818	0.758	0.802	0.793	1.099	1.087	1.115	0.643	0.521	0.732	0.787	0.786	1.036	1.039	1.023	1.028	0.863	0.793	0.638	0.763	0.663	1.003	0.998	0.300	0.036
36:27:37	25.1	0.382	0.648	0.668	0.877	0.895	0.862	0.838	0.646	0.793	0.846	0.839	1.066	1.043	1.059	0.854	0.569	0.728	0.788	0.797	1.037	1.050	1.008	0.762	0.809	0.755	0.801	0.792	1.098	1.086	1.113	0.644	0.504	0.730	0.786	0.785	1.036	1.035	1.021	1.025	0.862	0.789	0.605	0.749	0.661	0.991	0.991	0.320	0.036
36:43:20	25.1	0.389	0.644	0.665	0.873	0.892	0.859	0.838	0.645	0.792	0.845	0.837	1.065	1.042	1.056	0.654	0.576	0.727	0.787	0.796	1.036	1.049	1.005	0.760	0.804	0.753	0.799	0.791	1.097	1.086	1.111	0.643	0.509	0.727	0.785	0.784	1.034	1.033	1.019	1.026	0.859	0.788	0.596	0.734	0.668	0.976	0.987	0.339	0.036
36:59:02	25.1	0.397	0.641	0.661	0.871	0.890	0.855	0.832	0.643	0.789	0.844	0.836	1.063	1.041	1.055	0.913	0.562	0.725	0.785	0.795	1.035	1.049	1.004	0.754	0.794	0.752	0.798	0.790	1.095	1.084	1.109	0.641	0.503	0.725	0.783	0.783	1.032	1.032	1.017	1.025	0.856	0.789	0.601	0.729	0.662	0.980	0.994	0.348	0.036
37:14:45	25.1	0.403	0.637	0.658	0.868	0.887	0.853	0.828	0.638	0.787	0.842	0.835	1.062	1.042	1.053	0.629	0.574	0.723	0.783	0.794	1.034	1.049	1.006	0.738	0.781	0.750	0.797	0.789	1.096	1.083	1.108	0.644	0.502	0.723	0.782	0.782	1.031	1.031	1.016	1.028	0.853	0.786	0.603	0.722	0.672	0.990	0.990	0.363	0.036
37:30:28	25.1	0.412	0.634	0.655	0.866	0.884	0.849	0.825	0.637	0.785	0.841	0.834	1.060	1.039	1.050	0.683	0.566	0.720	0.781	0.792	1.034	1.047	1.002	0.732	0.775	0.748	0.796	0.789	1.093	1.081	1.107	0.643	0.499	0.720	0.781	0.780	1.030	1.030	1.013	1.029	0.847	0.787	0.614	0.718	0.652	0.972	0.972	0.382	0.036
37:46:10	25.1	0.421	0.630	0.652	0.862	0.882	0.847	0.820	0.635	0.782	0.840	0.833	1.060	1.039	1.048	0.640	0.568	0.718	0.780	0.791	1.033	1.046	1.001	0.727	0.769	0.746	0.795	0.787	1.093	1.081	1.105	0.645	0.507	0.718	0.779	0.779	1.027	1.028	1.012	1.031	0.846	0.785	0.591	0.699	0.664	0.979	0.983	0.385	0.036
38:01:53	25.1	0.430	0.627	0.648	0.860	0.878	0.843	0.817	0.631	0.780	0.839	0.832	1.060	1.039	1.047	1.133	0.569	0.716	0.778	0.791	1.032	1.047	1.002	0.720	0.760	0.744	0.794	0.786	1.091	1.081	1.104	0.640	0.493	0.716	0.778	0.778	1.027	1.027	1.011	1.029	0.841	0.786	0.603	0.694	0.660	0.975	0.985	0.394	0.036
38:17:36	25.1	0.441	0.623	0.645	0.857	0.876	0.839	0.815	0.630	0.778	0.837	0.830	1.057	1.038	1.046	0.901	0.562	0.714	0.776	0.789	1.032	1.046	0.999	0.713	0.747	0.743	0.793	0.785	1.091	1.078	1.102	0.645	0.497	0.713	0.776	0.777	1.026	1.025	1.009	1.028	0.836	0.783	0.612	0.686	0.665	0.968	0.974	0.408	0.036
38:33:19	25.1	0.456	0.620	0.642	0.854	0.873	0.836	0.810	0.628	0.776	0.836	0.829	1.054	1.034	1.045	0.979	0.558	0.713	0.775	0.789	1.031	1.046	0.998	0.706	0.743	0.741	0.792	0.785	1.089	1.077	1.101	0.639	0.489	0.711	0.775	0.776	1.024	1.024	1.006	1.032	0.837	0.782	0.590	0.681	0.656	0.981	0.972	0.426	0.036
38:49:01	25.1	0.489	0.616	0.638	0.851	0.870	0.833	0.807	0.628	0.774	0.835	0.828	1.055	1.032	1.044	0.642	0.571	0.710	0.774	0.787	1.031	1.044	0.998	0.702	0.737	0.739	0.791	0.784	1.089	1.079	1.100	0.642	0.499	0.709	0.774	0.774	1.023	1.023	1.005	1.031	0.832	0.780	0.588	0.670	0.661	0.961	0.971	0.449	0.036
39:04:44	25.1	0.517	0.613	0.635	0.849	0.867	0.831	0.805	0.627	0.771	0.834	0.827	1.053	1.031	1.040	0.676	0.556	0.709	0.773	0.787	1.029	1.044	0.997	0.699	0.728	0.737	0.790	0.783	1.087	1.076	1.098	0.635	0.495	0.706	0.773	0.773	1.021	1.022	1.003	1.036	0.829	0.781	0.587	0.668	0.653	0.957	0.974	0.446	0.036
39:20:27	25.1	0.545	0.609	0.632	0.845	0.865	0.827	0.800	0.623	0.769	0.832	0.826	1.051	1.030	1.038	1.356	0.556	0.706	0.771	0.785	1.027	1.043	0.995	0.691	0.720	0.735	0.788	0.782	1.087	1.075	1.097	0.641	0.479	0.704	0.771	0.772	1.020	1.020	1.002	1.030	0.826	0.778	0.598	0.659	0.662	0.949	0.966	0.450	0.036
39:36:09	25.1	0.573	0.605	0.629	0.843	0.862	0.824	0.798	0.623	0.767	0.831	0.825	1.051	1.030	1.039	0.634	0.546	0.703	0.770	0.784	1.028	1.043	0.995	0.684	0.710	0.733	0.787	0.781	1.086	1.075	1.096	0.637	0.476	0.702	0.770	0.771	1.019	1.020	1.001	1.032	0.826	0.775	0.590	0.650	0.649	0.948	0.963	0.449	0.036
39:51:52	25.1	0.596	0.601	0.625	0.840	0.859	0.820	0.795	0.621	0.765	0.830	0.823	1.050	1.028	1.037	0.749	0.546	0.702	0.769	0.784	1.027	1.041	0.993	0.682	0.702	0.731	0.787	0.781	1.085	1.073	1.094	0.640	0.493	0.699	0.769	0.770	1.019	1.018	0.999	1.035	0.817	0.774	0.582	0.648	0.658	0.946	0.959	0.445	0.036
40:07:35	25.1	0.615	0.598	0.622	0.838	0.857	0.818	0.793	0.620	0.763	0.828	0.822	1.049	1.026	1.036	0.622	0.544	0.701	0.767	0.783	1.026	1.042	0.994	0.674	0.694	0.729	0.785	0.780	1.085	1.072	1.093	0.644	0.479	0.698	0.767	0.769	1.017	1.017	0.996	1.031	0.815	0.777	0.592	0.639	0.639	0.941	0.955	0.447	0.036
40:23:17	25.1	0.631	0.595	0.618	0.834	0.853	0.814	0.789	0.618	0.760	0.827	0.821	1.048	1.025	1.034	1.377	0.548	0.699	0.765	0.781	1.026	1.040	0.992	0.670	0.688	0.728	0.785	0.779	1.084	1.078	1.093	0.639	0.474	0.695	0.766	0.768	1.015	1.016	0.995	1.030	0.810	0.771	0.593	0.632	0.645	0.938	0.943	0.436	0.036
40:39:00	25.0	0.646	0.591	0.616	0.832	0.851	0.810	0.785	0.616	0.758	0.826	0.820	1.046	1.024	1.033	0.640	0.551	0.696	0.764	0.781	1.026	1.039	0.992	0.657	0.678	0.726	0.783	0.778	1.083	1.071	1.092	0.639	0.480	0.693	0.764	0.767	1.014	1.014	0.993	1.032	0.807	0.772	0.595	0.628	0.641	0.937	0.947	0.453	0.036
40:54:43	25.0	0.660	0.587	0.613	0.829	0.848	0.807	0.784	0.613	0.756	0.824	0.819	1.046	1.022	1.031	0.629	0.547	0.694	0.762	0.781	1.024	1.039	0.993	0.660	0.672	0.724	0.782	0.777	1.082	1.071	1.090	0.640	0.477	0.690	0.763	0.765	1.013	1.013	0.992	1.028	0.805	0.768	0.584	0.619	0.648	0.937	0.939	0.455	0.036
41:10:25	25.1	0.674	0.583	0.609	0.827	0.846	0.804	0.780	0.613	0.753	0.823	0.818	1.045	1.020	1.029	0.855	0.539	0.692	0.760	0.779	1.023	1.040	0.989	0.654	0.662	0.722	0.781	0.776	1.081	1.070	1.089	0.642	0.464	0.688	0.761	0.764	1.012	1.013	0.991	1.026	0.802	0.769	0.583	0.615	0.644	0.932	0.934	0.448	0.036
41:26:08	25.1	0.686	0.580	0.606	0.824	0.843	0.801	0.778	0.610	0.751	0.822	0.817	1.044	1.020	1.027	0.630	0.538	0.691	0.759	0.778	1.022	1.039	0.990	0.650	0.658	0.720	0.780	0.775	1.080	1.069	1.088	0.646	0.467	0.686	0.760	0.763	1.011	1.013	0.989	1.024	0.799	0.767	0.582	0.610	0.642	0.925	0.931	0.460	0.036
41:41:51	25.1	0.697	0.576	0.603	0.821	0.840	0.797	0.776	0.606	0.749	0.821	0.816	1.044	1.021	1.025	0.722	0.545	0.689	0.757	0.777	1.023	1.038	0.989	0.645	0.648	0.718	0.780	0.775	1.079	1.069	1.087	0.637	0.450	0.684	0.759	0.762	1.011	1.010	0.988	1.028	0.794	0.766	0.592	0.604	0.637	0.922	0.925	0.464	0.036
41:57:34	25.1	0.705	0.573	0.600	0.818	0.837	0.794	0.773	0.604	0.746	0.819	0.814	1.042	1.019	1.025	0.734	0.533	0.687	0.756	0.777	1.021	1.037	0.989	0.641	0.639	0.716	0.778	0.774	1.079	1.067	1.086	0.635	0.475	0.681	0.758	0.761	1.009	1.009	0.986	1.033	0.791	0.767	0.588	0.597	0.636	0.921	0.918	0.470	0.036
42:13:16	25.1	0.712	0.569	0.596	0.814	0.834	0.789	0.771	0.600	0.744	0.818	0.814	1.042	1.019	1.023	0.623	0.538	0.685	0.755	0.776	1.021	1.037	0.988	0.633	0.636	0.714	0.777	0.773	1.080	1.068	1.086	0.646	0.471	0.679	0.757	0.760	1.007	1.009	0.985	1.026	0.791	0.763	0.580	0.595	0.638	0.920	0.918	0.457	0.036
42:28:59	25.1	0.717	0.566	0.593	0.810	0.830	0.785	0.769	0.597	0.742	0.817	0.812	1.040	1.017	1.022	0.635	0.535	0.683	0.753	0.775	1.018	1.036	0.985	0.634	0.625	0.713	0.776	0.773	1.079	1.067	1.085	0.639	0.462	0.677	0.756	0.760	1.002	1.004	0.981	1.027	0.788	0.762	0.598	0.588	0.634	0.920	0.912	0.479	0.036
42:44:42	25.1	0.717	0.562	0.590	0.807	0.826	0.780	0.765	0.594	0.740	0.815	0.812	1.038	1.018	1.021	0.921	0.540	0.682	0.752	0.775	1.014	1.032	0.980	0.629	0.622	0.710	0.775	0.772	1.077	1.067	1.085	0.638	0.466	0.675	0.754	0.758	0.996	0.999	0.979	1.026	0.782	0.762	0.575	0.582	0.641	0.915	0.909	0.483	0.036
43:00:24	25.1	0.712	0.559	0.586	0.803	0.823	0.775	0.763	0.590	0.737	0.814	0.810	1.037	1.018	1.020	0.653	0.525	0.680	0.750	0.774	1.009	1.030	0.977	0.624	0.613	0.709	0.774	0.771	1.077	1.066	1.084	0.636	0.465	0.673	0.753	0.757	0.994	0.999	0.979	1.029	0.780	0.761	0.593	0.577	0.635	0.909	0.906	0.473	0.036
43:16:07	25.1	0.703	0.554	0.583	0.802	0.822	0.774	0.763	0.584	0.735	0.813	0.809	1.038	1.017	1.022	0.672	0.528	0.678	0.749	0.772	1.013	1.033	0.980	0.624	0.609	0.707	0.773	0.771	1.078	1.068	1.085	0.637	0.466	0.671	0.752	0.756	1.000	1.003	0.983	1.026	0.777	0.758	0.581	0.572	0.628	0.904	0.904	0.477	0.036
43:31:50	25.1	0.695	0.551	0.580	0.801	0.820	0.771	0.758	0.581	0.733	0.812	0.808	1.039	1.019	1.022	0.629	0.535	0.676	0.747	0.771	1.015	1.034	0.983	0.621	0.599	0.705	0.772	0.769	1.079	1.068	1.085	0.640	0.462	0.668	0.750	0.755	1.005	1.007	0.985	1.028	0.776	0.758	0.581	0.569	0.626	0.896	0.903	0.485	0.036
43:47:32	25.0	0.685	0.547	0.576	0.800	0.820	0.769	0.756	0.574	0.730	0.810	0.807	1.039	1.020	1.023	0.631	0.524	0.674	0.746	0.770	1.018	1.037	0.987	0.611	0.596	0.703	0.771	0.768	1.085	1.070	1.086	0.632	0.465	0.665	0.749	0.754	1.006	1.008	0.985	1.026	0.773	0.755	0.587	0.563	0.621	0.890	0.900	0.494	0.036
44:03:15	25.1	0.676	0.543	0.572	0.798	0.817	0.766	0.753	0.570	0.727	0.809	0.806	1.038	1.020	1.022	0.614	0.531	0.673	0.744	0.770	1.020	1.038	0.987	0.615	0.592	0.701	0.770	0.768	1.080	1.070	1.087	0.637	0.457	0.663	0.748	0.753	1.006	1.008	0.986	1.023	0.769	0.754	0.583	0.562	0.620	0.888	0.902	0.476	0.036
44:18:58	25.0	0.665	0.539	0.568	0.795	0.815	0.763	0.752	0.564	0.726	0.808	0.804	1.039	1.018	1.021	0.691	0.529	0.671	0.743	0.769	1.017	1.035	0.984	0.604	0.584	0.698	0.769	0.767	1.079	1.069	1.086	0.643	0.467	0.660	0.746	0.752	1.000	1.003	0.982	1.028	0.768	0.753	0.568	0.555	0.612	0.883	0.897	0.487	0.036
44:34:40	25.0	0.654	0.535	0.565	0.793	0.812	0.760	0.751	0.558	0.723	0.806	0.803	1.039	1.019	1.020	0.645	0.527	0.668	0.741	0.767	1.016	1.036	0.984	0.602	0.576	0.696	0.768	0.766	1.079	1.069	1.086	0.635	0.462	0.658	0.745	0.751	1.002	1.004	0.982	1.021	0.765	0.752	0.565	0.552	0.610	0.885	0.896	0.483	0.036
44:50:23	25.1	0.645	0.531	0.561	0.791	0.811	0.756	0.749	0.553	0.721	0.805	0.802	1.039	1.018	1.020	0.714	0.531	0.666	0.740	0.767	1.016	1.036	0.983	0.600	0.571	0.694	0.767	0.765	1.079	1.069	1.084	0.632	0.465	0.655	0.744	0.750	1.001	1.005	0.982	1.023	0.760	0.751	0.579	0.546	0.594	0.882	0.895	0.479	0.036
45:06:06	25.1	0.634	0.527	0.557	0.789	0.807	0.753	0.747	0.548	0.718	0.804	0.801	1.038	1.018	1.019	0.624	0.528	0.664	0.738	0.766	1.017	1.035	0.984	0.592	0.566	0.692	0.766	0.765	1.079	1.069	1.084	0.635	0.460	0.653	0.742	0.749	1.002	1.004	0.981	1.019	0.760	0.746	0.581	0.542	0.595	0.876	0.892	0.490	0.036
45:21:48	25.1	0.624	0.523	0.554	0.787	0.805	0.750	0.746	0.540	0.715	0.802	0.800	1.038	1.017	1.018	0.645	0.530	0.661	0.737	0.764	1.018	1.036	0.988	0.593	0.562	0.690	0.766	0.764	1.080	1.071	1.085	0.638	0.461	0.650	0.740	0.747	1.006	1.007	0.984	1.013	0.755	0.744	0.575	0.540	0.586	0.871	0.891	0.493	0.036
45:37:31	25.1	0.614	0.519	0.550	0.785	0.803	0.747	0.744	0.534	0.713	0.801	0.799	1.039	1.018	1.018	0.657	0.526	0.659	0.735	0.764	1.020	1.037	0.987	0.591	0.555	0.688	0.765	0.763	1.079	1.070	1.084	0.632	0.458	0.648	0.739	0.747	1.005	1.008	0.984	1.009	0.748	0.742	0.575	0.537	0.589	0.863	0.888	0.489	0.036
45:53:14	25.1	0.604	0.516	0.546	0.782	0.800	0.742	0.740	0.526	0.710	0.799	0.797	1.041	1.018	1.019	0.618	0.518	0.657	0.734	0.762	1.020	1.037	0.986	0.589	0.549	0.686	0.764	0.761	1.081	1.071	1.085	0.637	0.459	0.645	0.738	0.745	1.006	1.007	0.983	1.013	0.752	0.741	0.573	0.533	0.589	0.858	0.887	0.484	0.036
46:08:57	25.1	0.595	0.511	0.543	0.780	0.798	0.738	0.739	0.518	0.707	0.798	0.796	1.042	1.021	1.018	0.613	0.525	0.655	0.732	0.761	1.020	1.037	0.986	0.581	0.542	0.684	0.762	0.761	1.088	1.072	1.085	0.635	0.454	0.642	0.737	0.744	1.007	1.007	0.983	1.009	0.746	0.740	0.575	0.529	0.579	0.853	0.887	0.489	0.036
46:24:39	25.1	0.589	0.507	0.540	0.777	0.795	0.736	0.738	0.512	0.705	0.796	0.796	1.040	1.018	1.016	0.614	0.523	0.653	0.731	0.761	1.018	1.035	0.985	0.578	0.538	0.682	0.759	0.761	1.079	1.070	1.084	0.628	0.458	0.640	0.735	0.743	0.999	1.002	0.979	1.006	0.746	0.738	0.565	0.525	0.581	0.846	0.881	0.494	0.036
46:40:22	25.1	0.581	0.503	0.536	0.773	0.790	0.730	0.734	0.504	0.702	0.795	0.794	1.037	1.015	1.015	0.608	0.513	0.650	0.730	0.760	1.018	1.035	0.982	0.579	0.534	0.679	0.760	0.759	1.081	1.071	1.084	0.630	0.454	0.637	0.735	0.742	1.003	1.005	0.981	1.008	0.745	0.736	0.568	0.521	0.577	0.842	0.881	0.483	0.036
46:56:05	25.1	0.573	0.499	0.533	0.770	0.787	0.726	0.731	0.495	0.700	0.794	0.793	1.040	1.018	1.016	0.602	0.507	0.648	0.728	0.758	1.019	1.035	0.985	0.576	0.528	0.677	0.758	0.758	1.082	1.071	1.083	0.635	0.465	0.635	0.733	0.740	1.004	1.004	0.981	1.000	0.740	0.735	0.572	0.518	0.577	0.833	0.879	0.477	0.036
47:11:47	25.1	0.566	0.495	0.529	0.769	0.787	0.724	0.731	0.492	0.698	0.793	0.792	1.040	1.018	1.015	0.712	0.509	0.646	0.726	0.758	1.019	1.036	0.987	0.571	0.523	0.675	0.757	0.759	1.081	1.071	1.083	0.633	0.460	0.632	0.731	0.740	1.004	1.004	0.980	1.004	0.735	0.729	0.572	0.515	0.579	0.835	0.876	0.484	0.036
47:27:30	25.1	0.556	0.491	0.526	0.766	0.784	0.720	0.728	0.481	0.695	0.791	0.791	1.037	1.014	1.014	0.614	0.507	0.645	0.725	0.758	1.018	1.035	0.986	0.568	0.518	0.673	0.756	0.757	1.086	1.070	1.083	0.629	0.455	0.630	0.730	0.739	1.003	1.004	0.979	0.998	0.729	0.729	0.569	0.510	0.576	0.828	0.875	0.485	0.036
47:43:13	25.1	0.547	0.487	0.521	0.762	0.779	0.714	0.728	0.474	0.692	0.790	0.789	1.039	1.014	1.013	0.623	0.504	0.642	0.724	0.756	1.020	1.035	0.984	0.573	0.515	0.671	0.755	0.756	1.082	1.071	1.083	0.632	0.459	0.627	0.729	0.738	1.004	1.003	0.980	0.991	0.727	0.722	0.570	0.508	0.568	0.825	0.871	0.477	0.036
47:58:56	25.1	0.540	0.483	0.518	0.760	0.778	0.712	0.728	0.469	0.690	0.788	0.789	1.036	1.012	1.012	0.602	0.507	0.640	0.722	0.756	1.019	1.035	0.985	0.567	0.510	0.669	0.754	0.756	1.080	1.069	1.083	0.630	0.453	0.625	0.727	0.737	1.001	1.002	0.979	0.985	0.726	0.717	0.560	0.503	0.574	0.819	0.868	0.482	0.036
48:14:38	25.1	0.531	0.479	0.515	0.757	0.774	0.707	0.728	0.462	0.687	0.787	0.788	1.036	1.011	1.011	0.659	0.498	0.638	0.721	0.755	1.016	1.032	0.983	0.556	0.506	0.667	0.754	0.756	1.081	1.070	1.083	0.633	0.460	0.622	0.726	0.736	0.997	0.998	0.975	0.982	0.726	0.713	0.566	0.500	0.573	0.813	0.867	0.478	0.036
48:30:21	25.1	0.521	0.474	0.511	0.752	0.769	0.703	0.721	0.453	0.684	0.785	0.786	1.034	1.010	1.009	0.622	0.489	0.636	0.720	0.754	1.012	1.030	0.979	0.558	0.503	0.665	0.753	0.755	1.089	1.069	1.082	0.629	0.448	0.620	0.724	0.735	0.994	0.996	0.975	0.977	0.719	0.711	0.565	0.497	0.567	0.810	0.863	0.474	0.036
48:46:03	25.1	0.513	0.470	0.507	0.750	0.767	0.698	0.722	0.447	0.682	0.784	0.786	1.034	1.010	1.010	0.619	0.481	0.633	0.718	0.753	1.014	1.032	0.980	0.559	0.498	0.663	0.751	0.754	1.080	1.070	1.083	0.631	0.448	0.617	0.723	0.734	0.999	0.999	0.977	0.971	0.717	0.704	0.570	0.496	0.563	0.804	0.861	0.468	0.036
49:01:46	25.1	0.504	0.466	0.503	0.747	0.763	0.694	0.718	0.440	0.679	0.782	0.785	1.035	1.011	1.011	0.623	0.486	0.630	0.717	0.752	1.015	1.033	0.982	0.548	0.493	0.661	0.750	0.754	1.081	1.071	1.085	0.629	0.449	0.614	0.721	0.733	0.999	1.001	0.978	0.968	0.716	0.698	0.565	0.490	0.558	0.796	0.860	0.472	0.036
49:17:29	25.1	0.496	0.462	0.499	0.744	0.760	0.690	0.720	0.431	0.677	0.781	0.783	1.034	1.010	1.010	0.624	0.473	0.628	0.714	0.751	1.016	1.034	0.984	0.551	0.489	0.658	0.749	0.753	1.081	1.071	1.083	0.631	0.464	0.612	0.720	0.732	1.001	1.001	0.978	0.960	0.714	0.695	0.569	0.485	0.555	0.794	0.857	0.462	0.036
49:33:11	25.1	0.488	0.458	0.495	0.741	0.758	0.685	0.717	0.425	0.676	0.780	0.782	1.035	1.010	1.010	0.639	0.478	0.626	0.713	0.750	1.017	1.035	0.983	0.553	0.485	0.656	0.749	0.752	1.080	1.072	1.083	0.627	0.463	0.609	0.718	0.731	1.002	1.001	0.977	0.957	0.707	0.689	0.571	0.484	0.551	0.789	0.856	0.464	0.036
49:48:54	25.1	0.479	0.453	0.492	0.737	0.754	0.680	0.714	0.417	0.673	0.778	0.781	1.034	1.010	1.009	0.633	0.468	0.624	0.712	0.749	1.018	1.034	0.984	0.543	0.480	0.654	0.747	0.751	1.081	1.072	1.083	0.618	0.464	0.606	0.716	0.730	1.001	1.000	0.978	0.954	0.702	0.686	0.557	0.482	0.546	0.785	0.851	0.470	0.036
50:04:37	25.1	0.470	0.449	0.488	0.734	0.749	0.673	0.710	0.410	0.670	0.777	0.779	1.035	1.010	1.008	0.598	0.463	0.621	0.710	0.747	1.018	1.033	0.984	0.546	0.476	0.652	0.747	0.750	1.082	1.072	1.084	0.629	0.452	0.603	0.715	0.728	1.003	1.000	0.976	0.946	0.696	0.685	0.569	0.480	0.539	0.779	0.851	0.458	0.036
50:20:20	25.0	0.461	0.444	0.485	0.731	0.746	0.671	0.711	0.406	0.667	0.775	0.779	1.033	1.008	1.006	0.596	0.451	0.619	0.709	0.747	1.019	1.033	0.984	0.541	0.474	0.649	0.746	0.750	1.081	1.071	1.081	0.627	0.444	0.601	0.714	0.728	1.001	0.999	0.976	0.945	0.691	0.678	0.560	0.476	0.537	0.776	0.843	0.453	0.036
50:36:02	25.1	0.453	0.440	0.482	0.728	0.742	0.665	0.712	0.397	0.665	0.774	0.777	1.032	1.007	1.005	0.623	0.446	0.617	0.707	0.746	1.018	1.033	0.982	0.539	0.469	0.647	0.744	0.749	1.080	1.070	1.081	0.624	0.459	0.598	0.712	0.727	1.001	0.998	0.974	0.938	0.685	0.671	0.563	0.474	0.535	0.771	0.842	0.442	0.036
50:51:45	25.1	0.444	0.436	0.478	0.724	0.738	0.659	0.710	0.391	0.662	0.773	0.776	1.030	1.005	1.004	0.598	0.453	0.615	0.706	0.745	1.018	1.032	0.982	0.535	0.468	0.645	0.743	0.749	1.089	1.070	1.080	0.621	0.451	0.596	0.710	0.726	1.001	0.998	0.972	0.936	0.681	0.669	0.567	0.470	0.531	0.765	0.836	0.447	0.036
51:07:28	25.1	0.435	0.432	0.474	0.719	0.734	0.654	0.710	0.383	0.659	0.771	0.775	1.030	1.004	1.003	0.601	0.437	0.613	0.705	0.745	1.017	1.032	0.981	0.533	0.461	0.643	0.742	0.748	1.080	1.070	1.080	0.614	0.456	0.593	0.709	0.725	1.000	0.996	0.972	0.929	0.675	0.665	0.558	0.467	0.532	0.761	0.836	0.445	0.036
51:23:10	25.1	0.425	0.427	0.469	0.715	0.729	0.649	0.706	0.375	0.657	0.769	0.773	1.029	1.003	1.001	0.593	0.437	0.610	0.704	0.744	1.017	1.031	0.980	0.533	0.460	0.641	0.740	0.747	1.080	1.071	1.079	0.617	0.456	0.591	0.707	0.724	0.998	0.994	0.969	0.924	0.671	0.661	0.567	0.465	0.525	0.756	0.832	0.440	0.036
