Time	Temp_C	L0S1-100_1	L0S1-100_2	L0S1-100_3	L1S1-100_1	L1S1-100_2	L1S1-100_3	L2S1-100_1	L2S1-100_2	L0S2-100_1	L0S2-100_2	L0S2-100_3	L1S2-100_1	L1S2-100_2	L1S2-100_3	L2S2-100_1	L2S2-100_2	L0S3-100_1	L0S3-100_2	L0S3-100_3	L1S3-100_1	L1S3-100_2	L1S3-100_3	L2S3-100_1	L2S3-100_2	L0S4-100_1	L0S4-100_2	L0S4-100_3	L1S4-100_1	L1S4-100_2	L1S4-100_3	L2S4-100_1	L2S4-100_2	L0S5-100_1	L0S5-100_2	L0S5-100_3	L1S5-100_1	L1S5-100_2	L1S5-100_3	L2S5-100_1	L2S5-100_2	L2S1-100_3	L2S2-100_3	L2S3-100_3	L2S4-100_3	L2S5-100_3	blank_media_1	blank_media_2	blank_media_3
0:00:00	25.0	0.056	0.039	0.039	0.044	0.044	0.041	0.045	0.046	0.054	0.047	0.048	0.040	0.057	0.068	0.044	0.050	0.052	0.048	0.052	0.049	0.044	0.045	0.042	0.045	0.051	0.054	0.057	0.046	0.046	0.055	0.046	0.046	0.054	0.049	0.056	0.272	0.040	0.049	0.042	0.046	0.055	0.050	0.044	0.043	0.043	0.039	0.039	0.039
0:15:43	25.1	0.056	0.055	0.055	0.045	0.046	0.046	0.047	0.047	0.055	0.056	0.056	0.048	0.050	0.051	0.045	0.047	0.059	0.058	0.058	0.053	0.050	0.048	0.043	0.043	0.058	0.060	0.057	0.048	0.050	0.050	0.045	0.045	0.057	0.059	0.058	0.055	0.059	0.071	0.045	0.045	0.047	0.048	0.044	0.044	0.046	0.039	0.039	0.039
0:31:25	25.0	0.056	0.055	0.056	0.046	0.046	0.047	0.047	0.047	0.055	0.056	0.057	0.048	0.050	0.050	0.046	0.048	0.059	0.058	0.058	0.050	0.049	0.048	0.044	0.043	0.058	0.061	0.058	0.049	0.050	0.051	0.045	0.046	0.058	0.059	0.059	0.061	0.061	0.070	0.045	0.048	0.048	0.048	0.044	0.044	0.046	0.039	0.039	0.039
0:47:08	25.0	0.057	0.055	0.056	0.046	0.047	0.047	0.047	0.047	0.056	0.057	0.057	0.048	0.050	0.050	0.046	0.047	0.059	0.059	0.058	0.051	0.049	0.048	0.044	0.044	0.059	0.062	0.059	0.049	0.051	0.051	0.046	0.046	0.058	0.059	0.059	0.065	0.062	0.068	0.046	0.046	0.047	0.049	0.044	0.045	0.045	0.039	0.039	0.039
1:02:50	25.0	0.058	0.056	0.057	0.047	0.047	0.048	0.048	0.048	0.057	0.057	0.058	0.048	0.051	0.051	0.047	0.048	0.060	0.059	0.059	0.049	0.049	0.049	0.045	0.044	0.061	0.064	0.060	0.050	0.052	0.052	0.046	0.047	0.059	0.060	0.060	0.057	0.067	0.074	0.046	0.048	0.048	0.049	0.045	0.045	0.046	0.039	0.039	0.039
1:18:33	25.0	0.059	0.057	0.058	0.047	0.048	0.048	0.049	0.049	0.057	0.058	0.059	0.049	0.050	0.051	0.047	0.051	0.061	0.060	0.060	0.051	0.049	0.051	0.045	0.044	0.062	0.065	0.061	0.051	0.053	0.053	0.047	0.047	0.059	0.061	0.061	0.062	0.063	0.073	0.046	0.047	0.049	0.050	0.045	0.046	0.046	0.039	0.039	0.039
1:34:16	25.0	0.059	0.058	0.058	0.048	0.049	0.049	0.050	0.050	0.058	0.059	0.060	0.049	0.050	0.051	0.047	0.049	0.062	0.061	0.061	0.051	0.050	0.049	0.045	0.045	0.063	0.067	0.062	0.051	0.054	0.054	0.048	0.048	0.060	0.062	0.062	0.063	0.067	0.082	0.047	0.047	0.050	0.050	0.046	0.047	0.047	0.039	0.039	0.039
1:49:58	25.0	0.060	0.059	0.059	0.049	0.049	0.050	0.051	0.051	0.059	0.060	0.060	0.049	0.050	0.051	0.048	0.050	0.063	0.061	0.061	0.052	0.052	0.049	0.046	0.046	0.065	0.069	0.064	0.052	0.055	0.055	0.049	0.049	0.062	0.063	0.063	0.067	0.063	0.077	0.047	0.048	0.051	0.050	0.047	0.048	0.047	0.039	0.039	0.039
2:05:41	25.0	0.062	0.060	0.061	0.049	0.050	0.051	0.052	0.053	0.060	0.061	0.061	0.049	0.051	0.057	0.049	0.051	0.063	0.063	0.063	0.051	0.050	0.049	0.047	0.047	0.066	0.070	0.065	0.053	0.056	0.057	0.050	0.050	0.063	0.065	0.065	0.063	0.064	0.085	0.048	0.049	0.052	0.051	0.048	0.048	0.048	0.039	0.039	0.039
2:21:23	25.0	0.064	0.062	0.062	0.050	0.051	0.052	0.053	0.054	0.061	0.062	0.063	0.050	0.051	0.052	0.049	0.052	0.064	0.063	0.063	0.051	0.051	0.050	0.048	0.048	0.068	0.072	0.067	0.055	0.058	0.059	0.051	0.052	0.065	0.067	0.067	0.059	0.068	0.082	0.048	0.049	0.053	0.053	0.049	0.049	0.049	0.039	0.039	0.039
2:37:06	25.0	0.066	0.064	0.064	0.051	0.053	0.053	0.054	0.056	0.062	0.064	0.064	0.051	0.052	0.055	0.052	0.053	0.066	0.065	0.065	0.052	0.051	0.050	0.050	0.049	0.070	0.075	0.069	0.057	0.060	0.060	0.052	0.054	0.068	0.070	0.069	0.073	0.070	0.075	0.049	0.050	0.055	0.054	0.049	0.051	0.050	0.039	0.039	0.039
2:52:48	25.1	0.069	0.066	0.067	0.053	0.054	0.055	0.056	0.059	0.064	0.065	0.066	0.051	0.053	0.054	0.052	0.055	0.067	0.066	0.066	0.052	0.051	0.050	0.051	0.050	0.073	0.079	0.073	0.058	0.062	0.063	0.054	0.055	0.071	0.073	0.072	0.071	0.071	0.094	0.050	0.052	0.057	0.055	0.051	0.052	0.051	0.039	0.039	0.039
3:08:31	25.1	0.073	0.070	0.070	0.054	0.056	0.057	0.059	0.061	0.066	0.067	0.068	0.052	0.054	0.055	0.053	0.057	0.069	0.067	0.068	0.052	0.052	0.051	0.052	0.052	0.077	0.085	0.077	0.061	0.065	0.066	0.056	0.058	0.074	0.076	0.076	0.068	0.079	0.084	0.052	0.053	0.059	0.057	0.053	0.055	0.052	0.039	0.039	0.039
3:24:13	25.1	0.077	0.074	0.074	0.056	0.058	0.059	0.061	0.064	0.068	0.070	0.071	0.053	0.055	0.056	0.055	0.061	0.071	0.070	0.070	0.053	0.052	0.051	0.054	0.054	0.083	0.091	0.083	0.064	0.070	0.070	0.059	0.061	0.078	0.081	0.080	0.118	0.079	0.094	0.053	0.055	0.067	0.059	0.055	0.057	0.054	0.039	0.039	0.039
3:39:56	25.1	0.083	0.079	0.079	0.059	0.061	0.061	0.064	0.068	0.072	0.074	0.074	0.055	0.057	0.058	0.057	0.062	0.073	0.072	0.072	0.054	0.053	0.052	0.057	0.056	0.090	0.100	0.089	0.069	0.074	0.074	0.062	0.065	0.084	0.087	0.086	0.078	0.074	0.088	0.055	0.057	0.066	0.062	0.057	0.060	0.056	0.039	0.039	0.039
3:55:39	25.1	0.090	0.086	0.086	0.061	0.065	0.065	0.068	0.085	0.076	0.079	0.079	0.057	0.059	0.061	0.059	0.065	0.076	0.075	0.075	0.055	0.054	0.053	0.059	0.059	0.098	0.110	0.099	0.073	0.080	0.081	0.066	0.069	0.091	0.095	0.094	0.081	0.097	0.100	0.057	0.059	0.070	0.065	0.060	0.063	0.059	0.039	0.039	0.039
4:11:21	25.1	0.097	0.093	0.092	0.064	0.068	0.068	0.073	0.078	0.080	0.084	0.084	0.059	0.061	0.074	0.063	0.069	0.079	0.078	0.078	0.056	0.055	0.053	0.063	0.062	0.107	0.120	0.107	0.078	0.085	0.086	0.071	0.074	0.100	0.104	0.102	0.076	0.090	0.118	0.059	0.062	0.279	0.069	0.063	0.067	0.062	0.039	0.039	0.039
4:27:04	25.1	0.107	0.102	0.101	0.068	0.074	0.074	0.078	0.084	0.088	0.091	0.090	0.063	0.065	0.081	0.066	0.073	0.083	0.082	0.082	0.058	0.056	0.055	0.067	0.067	0.119	0.136	0.119	0.083	0.093	0.095	0.077	0.080	0.110	0.116	0.114	0.120	0.095	0.117	0.062	0.066	0.082	0.073	0.067	0.072	0.065	0.039	0.039	0.039
4:42:46	25.1	0.115	0.110	0.109	0.073	0.079	0.077	0.085	0.112	0.093	0.098	0.097	0.066	0.069	0.076	0.069	0.078	0.087	0.086	0.087	0.058	0.057	0.055	0.071	0.071	0.130	0.148	0.130	0.090	0.100	0.100	0.083	0.087	0.121	0.129	0.126	0.094	0.115	0.132	0.066	0.069	0.090	0.080	0.072	0.078	0.069	0.039	0.039	0.039
4:58:29	25.1	0.126	0.121	0.119	0.077	0.084	0.086	0.092	0.101	0.104	0.107	0.106	0.071	0.073	0.078	0.074	0.083	0.092	0.091	0.091	0.062	0.059	0.057	0.077	0.076	0.142	0.162	0.144	0.101	0.109	0.107	0.094	0.097	0.136	0.143	0.140	0.102	0.126	0.150	0.069	0.074	0.103	0.083	0.077	0.085	0.074	0.039	0.039	0.039
5:14:12	25.1	0.138	0.134	0.131	0.084	0.091	0.090	0.101	0.112	0.114	0.116	0.115	0.076	0.079	0.083	0.079	0.091	0.098	0.097	0.097	0.062	0.061	0.058	0.084	0.083	0.159	0.179	0.159	0.108	0.118	0.118	0.100	0.106	0.151	0.157	0.153	0.119	0.131	0.164	0.074	0.079	0.120	0.089	0.084	0.092	0.079	0.039	0.039	0.039
5:29:54	25.1	0.153	0.147	0.145	0.091	0.099	0.098	0.112	0.129	0.125	0.128	0.126	0.082	0.085	0.090	0.083	0.097	0.105	0.103	0.105	0.063	0.063	0.059	0.091	0.091	0.173	0.190	0.172	0.116	0.128	0.128	0.111	0.117	0.164	0.172	0.168	0.148	0.150	0.175	0.079	0.086	0.121	0.097	0.091	0.102	0.086	0.039	0.039	0.039
5:45:37	25.1	0.166	0.163	0.160	0.100	0.110	0.108	0.124	0.136	0.135	0.140	0.139	0.090	0.092	0.098	0.090	0.106	0.113	0.112	0.113	0.066	0.065	0.061	0.100	0.100	0.188	0.207	0.183	0.126	0.140	0.139	0.123	0.128	0.183	0.187	0.179	0.155	0.167	0.192	0.086	0.093	0.134	0.106	0.100	0.114	0.093	0.039	0.039	0.039
6:01:19	25.1	0.183	0.175	0.172	0.111	0.121	0.119	0.135	0.192	0.148	0.155	0.157	0.099	0.103	0.112	0.099	0.118	0.126	0.123	0.123	0.070	0.068	0.063	0.110	0.111	0.207	0.229	0.203	0.137	0.152	0.151	0.135	0.141	0.195	0.201	0.195	0.174	0.181	0.207	0.093	0.101	0.148	0.117	0.111	0.124	0.102	0.039	0.039	0.039
6:17:02	25.1	0.207	0.195	0.189	0.123	0.133	0.130	0.148	0.241	0.164	0.169	0.174	0.110	0.114	0.120	0.110	0.130	0.139	0.136	0.136	0.073	0.072	0.066	0.122	0.122	0.228	0.252	0.225	0.149	0.168	0.163	0.149	0.153	0.213	0.220	0.212	0.179	0.197	0.220	0.102	0.111	0.222	0.129	0.122	0.137	0.112	0.039	0.039	0.039
6:32:45	25.1	0.227	0.213	0.209	0.133	0.148	0.143	0.158	0.175	0.178	0.184	0.184	0.124	0.128	0.136	0.120	0.142	0.149	0.149	0.150	0.076	0.074	0.068	0.131	0.133	0.249	0.270	0.246	0.164	0.184	0.179	0.160	0.163	0.231	0.239	0.230	0.203	0.212	0.238	0.111	0.122	0.193	0.139	0.133	0.150	0.122	0.039	0.039	0.039
6:48:27	25.1	0.245	0.235	0.231	0.149	0.163	0.157	0.170	0.191	0.195	0.204	0.202	0.139	0.144	0.153	0.134	0.156	0.164	0.162	0.162	0.081	0.078	0.072	0.144	0.147	0.265	0.282	0.261	0.183	0.206	0.202	0.172	0.176	0.249	0.258	0.250	0.213	0.227	0.249	0.122	0.133	0.189	0.156	0.147	0.160	0.134	0.039	0.039	0.039
7:04:10	25.1	0.262	0.252	0.249	0.163	0.174	0.169	0.183	0.202	0.216	0.223	0.225	0.157	0.162	0.171	0.147	0.168	0.176	0.175	0.174	0.086	0.083	0.075	0.156	0.158	0.279	0.295	0.275	0.204	0.232	0.224	0.184	0.190	0.273	0.282	0.274	0.231	0.243	0.264	0.134	0.146	0.211	0.171	0.158	0.172	0.147	0.039	0.039	0.039
7:19:52	25.1	0.280	0.270	0.270	0.175	0.185	0.180	0.194	0.220	0.237	0.241	0.250	0.175	0.180	0.188	0.160	0.186	0.188	0.187	0.189	0.094	0.087	0.079	0.167	0.169	0.293	0.306	0.285	0.229	0.260	0.250	0.199	0.201	0.298	0.310	0.293	0.247	0.260	0.271	0.146	0.157	0.214	0.187	0.170	0.185	0.159	0.039	0.039	0.039
7:35:35	25.0	0.299	0.290	0.286	0.186	0.196	0.191	0.202	0.222	0.254	0.259	0.263	0.189	0.195	0.204	0.173	0.200	0.202	0.201	0.202	0.097	0.094	0.083	0.180	0.181	0.303	0.314	0.295	0.256	0.286	0.274	0.210	0.210	0.322	0.328	0.314	0.261	0.270	0.278	0.157	0.168	0.228	0.205	0.183	0.199	0.169	0.039	0.039	0.039
7:51:17	25.1	0.308	0.304	0.298	0.198	0.206	0.201	0.210	0.230	0.273	0.281	0.282	0.208	0.215	0.231	0.189	0.214	0.218	0.216	0.216	0.104	0.100	0.087	0.193	0.195	0.309	0.322	0.300	0.286	0.310	0.297	0.219	0.216	0.347	0.352	0.335	0.266	0.275	0.281	0.168	0.180	0.239	0.222	0.197	0.207	0.185	0.039	0.039	0.039
8:07:00	25.1	0.314	0.312	0.307	0.208	0.216	0.211	0.217	0.231	0.293	0.296	0.300	0.233	0.238	0.251	0.205	0.229	0.234	0.232	0.233	0.112	0.107	0.092	0.204	0.206	0.316	0.329	0.308	0.312	0.334	0.319	0.224	0.215	0.368	0.375	0.357	0.274	0.280	0.285	0.180	0.196	0.236	0.238	0.208	0.216	0.197	0.039	0.039	0.039
8:22:43	25.1	0.321	0.320	0.314	0.217	0.225	0.220	0.214	0.228	0.310	0.308	0.314	0.256	0.263	0.274	0.222	0.242	0.252	0.250	0.251	0.117	0.115	0.098	0.213	0.213	0.326	0.341	0.318	0.335	0.358	0.334	0.220	0.211	0.393	0.398	0.379	0.277	0.283	0.290	0.195	0.206	0.233	0.252	0.218	0.222	0.207	0.039	0.039	0.039
8:38:25	25.1	0.331	0.327	0.322	0.226	0.233	0.228	0.210	0.223	0.322	0.318	0.327	0.280	0.285	0.294	0.237	0.248	0.270	0.268	0.269	0.128	0.122	0.104	0.217	0.219	0.337	0.352	0.329	0.351	0.360	0.344	0.216	0.208	0.413	0.422	0.396	0.279	0.287	0.294	0.206	0.215	0.227	0.259	0.226	0.219	0.218	0.039	0.039	0.039
8:54:08	25.1	0.341	0.338	0.333	0.233	0.236	0.232	0.205	0.218	0.331	0.327	0.337	0.300	0.305	0.314	0.251	0.246	0.284	0.283	0.283	0.138	0.132	0.111	0.215	0.217	0.348	0.365	0.341	0.361	0.366	0.349	0.214	0.206	0.435	0.441	0.417	0.285	0.291	0.301	0.214	0.222	0.221	0.260	0.223	0.214	0.225	0.039	0.039	0.039
9:09:50	25.1	0.353	0.349	0.344	0.235	0.234	0.231	0.200	0.215	0.342	0.337	0.348	0.320	0.325	0.329	0.254	0.246	0.295	0.294	0.294	0.152	0.143	0.118	0.212	0.214	0.360	0.377	0.353	0.369	0.372	0.354	0.211	0.205	0.452	0.461	0.435	0.294	0.292	0.306	0.220	0.223	0.217	0.261	0.220	0.212	0.225	0.039	0.039	0.039
9:25:33	25.1	0.367	0.361	0.356	0.233	0.232	0.229	0.196	0.212	0.354	0.350	0.363	0.335	0.341	0.337	0.257	0.247	0.306	0.304	0.304	0.167	0.157	0.130	0.209	0.211	0.373	0.390	0.365	0.376	0.377	0.362	0.209	0.203	0.473	0.482	0.458	0.292	0.298	0.307	0.221	0.221	0.212	0.261	0.217	0.210	0.222	0.039	0.039	0.039
9:41:16	25.1	0.384	0.377	0.372	0.230	0.231	0.227	0.191	0.207	0.367	0.363	0.377	0.343	0.345	0.343	0.256	0.248	0.315	0.313	0.314	0.181	0.172	0.141	0.208	0.208	0.384	0.402	0.377	0.381	0.383	0.365	0.207	0.201	0.491	0.504	0.476	0.310	0.301	0.318	0.217	0.217	0.207	0.260	0.215	0.209	0.219	0.039	0.039	0.039
9:56:58	25.1	0.401	0.395	0.391	0.229	0.231	0.228	0.188	0.205	0.383	0.380	0.395	0.348	0.350	0.348	0.257	0.248	0.326	0.323	0.325	0.201	0.187	0.155	0.206	0.208	0.398	0.416	0.391	0.387	0.387	0.372	0.205	0.199	0.513	0.526	0.498	0.301	0.310	0.320	0.214	0.216	0.204	0.263	0.213	0.207	0.217	0.039	0.039	0.039
10:12:41	25.1	0.415	0.412	0.408	0.229	0.232	0.229	0.185	0.203	0.401	0.396	0.413	0.354	0.354	0.352	0.257	0.248	0.338	0.335	0.338	0.220	0.209	0.169	0.205	0.206	0.414	0.433	0.407	0.392	0.394	0.378	0.202	0.196	0.536	0.544	0.521	0.341	0.313	0.331	0.213	0.215	0.201	0.263	0.211	0.205	0.216	0.039	0.039	0.039
10:28:23	25.1	0.431	0.428	0.425	0.229	0.232	0.230	0.182	0.201	0.419	0.413	0.431	0.358	0.360	0.362	0.258	0.253	0.349	0.347	0.349	0.253	0.230	0.186	0.205	0.205	0.431	0.449	0.423	0.398	0.400	0.384	0.199	0.193	0.561	0.572	0.548	0.313	0.320	0.334	0.211	0.214	0.200	0.264	0.210	0.202	0.215	0.039	0.039	0.039
10:44:06	25.1	0.449	0.447	0.444	0.230	0.234	0.231	0.181	0.199	0.436	0.430	0.449	0.364	0.366	0.364	0.260	0.251	0.361	0.360	0.363	0.268	0.255	0.206	0.203	0.204	0.446	0.465	0.438	0.403	0.407	0.392	0.195	0.191	0.585	0.600	0.574	0.320	0.326	0.339	0.212	0.214	0.198	0.265	0.210	0.200	0.215	0.039	0.039	0.039
10:59:49	25.0	0.469	0.466	0.462	0.231	0.234	0.232	0.180	0.199	0.454	0.449	0.469	0.371	0.375	0.370	0.261	0.253	0.373	0.375	0.378	0.296	0.276	0.229	0.203	0.204	0.463	0.480	0.455	0.414	0.417	0.403	0.192	0.188	0.611	0.624	0.600	0.324	0.334	0.341	0.211	0.213	0.197	0.265	0.208	0.196	0.213	0.039	0.039	0.039
11:15:31	25.1	0.488	0.486	0.483	0.231	0.236	0.233	0.178	0.198	0.472	0.465	0.487	0.377	0.377	0.377	0.264	0.252	0.389	0.390	0.393	0.324	0.299	0.250	0.201	0.203	0.481	0.500	0.473	0.425	0.428	0.412	0.189	0.185	0.635	0.651	0.623	0.327	0.336	0.345	0.210	0.212	0.197	0.266	0.207	0.192	0.212	0.039	0.039	0.039
11:31:14	25.1	0.505	0.506	0.502	0.231	0.235	0.233	0.178	0.199	0.487	0.483	0.505	0.382	0.382	0.381	0.264	0.255	0.405	0.406	0.410	0.348	0.325	0.271	0.201	0.201	0.505	0.524	0.494	0.438	0.437	0.423	0.186	0.182	0.658	0.677	0.650	0.332	0.342	0.359	0.209	0.212	0.197	0.266	0.207	0.190	0.211	0.039	0.039	0.039
11:46:56	25.1	0.522	0.523	0.520	0.232	0.236	0.234	0.178	0.198	0.506	0.504	0.527	0.386	0.387	0.386	0.264	0.255	0.421	0.422	0.426	0.369	0.365	0.292	0.200	0.201	0.528	0.546	0.516	0.447	0.448	0.432	0.182	0.180	0.681	0.701	0.675	0.330	0.341	0.351	0.210	0.211	0.197	0.266	0.205	0.187	0.212	0.039	0.039	0.039
12:02:39	25.0	0.546	0.545	0.541	0.232	0.236	0.233	0.178	0.199	0.528	0.526	0.549	0.389	0.392	0.393	0.265	0.255	0.437	0.438	0.443	0.431	0.375	0.320	0.199	0.199	0.550	0.569	0.539	0.457	0.457	0.443	0.180	0.177	0.704	0.727	0.701	0.339	0.343	0.356	0.209	0.211	0.197	0.266	0.203	0.184	0.212	0.039	0.039	0.039
12:18:22	25.1	0.567	0.563	0.565	0.232	0.236	0.234	0.178	0.199	0.550	0.547	0.572	0.395	0.397	0.397	0.266	0.254	0.457	0.457	0.463	0.418	0.398	0.340	0.198	0.198	0.577	0.595	0.564	0.467	0.468	0.453	0.178	0.175	0.728	0.749	0.720	0.336	0.346	0.358	0.208	0.210	0.198	0.266	0.203	0.183	0.211	0.039	0.039	0.039
12:34:04	25.1	0.587	0.584	0.586	0.232	0.236	0.234	0.178	0.200	0.572	0.569	0.593	0.401	0.403	0.404	0.267	0.255	0.479	0.481	0.486	0.441	0.421	0.413	0.197	0.197	0.602	0.620	0.588	0.480	0.478	0.465	0.176	0.173	0.745	0.768	0.738	0.342	0.349	0.368	0.206	0.209	0.200	0.265	0.200	0.181	0.210	0.039	0.039	0.039
12:49:47	25.1	0.603	0.603	0.602	0.231	0.236	0.234	0.178	0.201	0.597	0.593	0.620	0.405	0.409	0.409	0.264	0.253	0.502	0.502	0.509	0.468	0.442	0.386	0.195	0.196	0.625	0.644	0.612	0.492	0.489	0.477	0.175	0.172	0.763	0.785	0.755	0.342	0.351	0.364	0.207	0.208	0.200	0.263	0.200	0.179	0.208	0.039	0.039	0.039
13:05:29	25.1	0.622	0.622	0.621	0.230	0.236	0.234	0.179	0.202	0.624	0.618	0.645	0.411	0.415	0.417	0.265	0.254	0.525	0.525	0.532	0.489	0.467	0.412	0.194	0.195	0.647	0.661	0.633	0.506	0.500	0.491	0.172	0.170	0.778	0.802	0.770	0.351	0.353	0.369	0.207	0.207	0.202	0.263	0.198	0.177	0.208	0.039	0.039	0.039
13:21:12	25.0	0.640	0.640	0.641	0.231	0.237	0.235	0.180	0.205	0.649	0.638	0.667	0.420	0.421	0.426	0.266	0.254	0.551	0.551	0.557	0.517	0.487	0.432	0.193	0.194	0.660	0.675	0.647	0.523	0.515	0.504	0.172	0.170	0.791	0.815	0.783	0.344	0.356	0.379	0.206	0.207	0.203	0.263	0.197	0.176	0.207	0.039	0.039	0.039
13:36:55	25.1	0.655	0.658	0.659	0.231	0.237	0.233	0.182	0.206	0.668	0.657	0.690	0.424	0.428	0.430	0.265	0.252	0.577	0.578	0.585	0.526	0.505	0.457	0.192	0.192	0.679	0.692	0.662	0.538	0.529	0.516	0.170	0.167	0.799	0.823	0.793	0.344	0.357	0.373	0.206	0.207	0.205	0.261	0.195	0.174	0.208	0.039	0.039	0.039
13:52:37	25.1	0.667	0.671	0.675	0.231	0.238	0.234	0.185	0.208	0.690	0.678	0.711	0.430	0.435	0.437	0.265	0.252	0.604	0.604	0.610	0.547	0.527	0.485	0.191	0.190	0.700	0.718	0.686	0.551	0.545	0.528	0.169	0.165	0.811	0.836	0.806	0.350	0.357	0.374	0.204	0.206	0.207	0.261	0.194	0.173	0.206	0.039	0.039	0.039
14:08:20	25.1	0.676	0.682	0.686	0.231	0.238	0.233	0.183	0.209	0.708	0.696	0.730	0.438	0.441	0.442	0.269	0.251	0.627	0.627	0.633	0.563	0.547	0.498	0.189	0.189	0.724	0.741	0.708	0.562	0.548	0.535	0.167	0.164	0.823	0.848	0.819	0.351	0.361	0.380	0.203	0.205	0.208	0.260	0.192	0.172	0.205	0.039	0.039	0.039
14:24:02	25.1	0.688	0.698	0.698	0.231	0.238	0.234	0.182	0.210	0.727	0.714	0.751	0.444	0.447	0.449	0.263	0.261	0.649	0.650	0.656	0.576	0.555	0.516	0.189	0.189	0.747	0.763	0.731	0.568	0.560	0.542	0.167	0.163	0.835	0.860	0.832	0.349	0.365	0.401	0.204	0.205	0.211	0.258	0.191	0.171	0.204	0.039	0.039	0.039
14:39:45	25.0	0.702	0.709	0.711	0.231	0.238	0.233	0.182	0.211	0.745	0.730	0.768	0.450	0.454	0.456	0.262	0.265	0.671	0.672	0.677	0.597	0.574	0.526	0.186	0.187	0.768	0.782	0.752	0.573	0.567	0.544	0.165	0.162	0.844	0.872	0.842	0.349	0.366	0.382	0.204	0.204	0.212	0.258	0.189	0.169	0.204	0.039	0.039	0.039
14:55:28	25.1	0.714	0.724	0.723	0.231	0.239	0.234	0.181	0.212	0.763	0.750	0.789	0.459	0.461	0.464	0.263	0.267	0.689	0.690	0.694	0.605	0.587	0.553	0.185	0.186	0.790	0.802	0.773	0.570	0.571	0.544	0.164	0.160	0.856	0.882	0.854	0.355	0.368	0.387	0.203	0.202	0.214	0.257	0.189	0.168	0.203	0.039	0.039	0.039
15:11:10	25.1	0.728	0.736	0.736	0.232	0.239	0.233	0.182	0.213	0.781	0.766	0.806	0.464	0.468	0.470	0.262	0.250	0.707	0.706	0.712	0.623	0.603	0.563	0.184	0.184	0.811	0.822	0.794	0.569	0.565	0.541	0.163	0.159	0.867	0.893	0.867	0.358	0.372	0.390	0.201	0.202	0.217	0.255	0.186	0.167	0.202	0.039	0.039	0.039
15:26:53	25.1	0.739	0.748	0.750	0.232	0.240	0.234	0.183	0.217	0.801	0.785	0.826	0.473	0.475	0.477	0.263	0.249	0.731	0.730	0.734	0.628	0.615	0.586	0.183	0.184	0.833	0.842	0.815	0.571	0.567	0.545	0.163	0.159	0.881	0.907	0.881	0.376	0.377	0.391	0.201	0.202	0.220	0.256	0.185	0.166	0.203	0.039	0.039	0.039
15:42:35	25.1	0.751	0.762	0.764	0.231	0.239	0.234	0.185	0.219	0.816	0.798	0.841	0.477	0.481	0.482	0.264	0.249	0.751	0.748	0.752	0.643	0.624	0.602	0.182	0.183	0.851	0.858	0.832	0.562	0.562	0.546	0.162	0.157	0.892	0.919	0.894	0.360	0.376	0.394	0.201	0.202	0.223	0.254	0.185	0.165	0.201	0.039	0.039	0.039
15:58:18	25.1	0.764	0.775	0.776	0.233	0.239	0.235	0.187	0.222	0.831	0.813	0.857	0.483	0.486	0.488	0.260	0.270	0.768	0.766	0.771	0.664	0.632	0.601	0.180	0.182	0.869	0.874	0.850	0.558	0.558	0.536	0.162	0.157	0.906	0.933	0.907	0.365	0.375	0.397	0.201	0.200	0.227	0.255	0.184	0.164	0.201	0.039	0.039	0.039
16:14:01	25.1	0.775	0.788	0.789	0.233	0.239	0.235	0.191	0.225	0.849	0.829	0.873	0.491	0.493	0.495	0.261	0.248	0.785	0.784	0.788	0.659	0.639	0.610	0.179	0.180	0.884	0.888	0.866	0.553	0.551	0.531	0.162	0.156	0.920	0.948	0.920	0.365	0.377	0.396	0.200	0.199	0.231	0.253	0.182	0.165	0.199	0.039	0.039	0.039
16:29:43	25.1	0.785	0.800	0.801	0.233	0.241	0.237	0.194	0.229	0.863	0.843	0.888	0.496	0.499	0.500	0.259	0.247	0.803	0.802	0.806	0.663	0.647	0.616	0.178	0.179	0.898	0.902	0.880	0.546	0.551	0.527	0.161	0.155	0.932	0.960	0.933	0.367	0.380	0.399	0.199	0.199	0.237	0.252	0.181	0.164	0.200	0.039	0.039	0.039
16:45:26	25.1	0.796	0.813	0.815	0.234	0.241	0.237	0.197	0.233	0.878	0.856	0.902	0.502	0.505	0.506	0.260	0.268	0.819	0.818	0.824	0.661	0.648	0.630	0.177	0.178	0.911	0.914	0.892	0.544	0.551	0.526	0.161	0.155	0.946	0.972	0.947	0.364	0.385	0.401	0.198	0.198	0.242	0.253	0.180	0.163	0.199	0.039	0.039	0.039
17:01:08	25.1	0.805	0.823	0.825	0.234	0.243	0.238	0.200	0.236	0.889	0.867	0.914	0.507	0.511	0.513	0.260	0.248	0.836	0.835	0.842	0.659	0.652	0.629	0.176	0.177	0.923	0.925	0.904	0.536	0.543	0.520	0.162	0.154	0.957	0.985	0.957	0.371	0.380	0.406	0.197	0.197	0.248	0.252	0.178	0.162	0.198	0.039	0.039	0.039
17:16:51	25.1	0.813	0.832	0.836	0.235	0.244	0.240	0.205	0.242	0.903	0.880	0.928	0.512	0.516	0.518	0.259	0.248	0.855	0.852	0.857	0.659	0.654	0.642	0.175	0.176	0.935	0.938	0.916	0.536	0.540	0.514	0.161	0.154	0.968	0.995	0.970	0.376	0.385	0.409	0.197	0.196	0.255	0.251	0.177	0.163	0.197	0.039	0.039	0.039
17:32:34	25.0	0.822	0.842	0.846	0.237	0.245	0.240	0.210	0.246	0.914	0.891	0.939	0.519	0.521	0.522	0.267	0.247	0.871	0.868	0.872	0.661	0.653	0.663	0.173	0.175	0.945	0.950	0.929	0.533	0.539	0.516	0.162	0.154	0.979	1.006	0.980	0.379	0.391	0.414	0.197	0.195	0.261	0.251	0.176	0.162	0.195	0.039	0.039	0.039
17:48:16	25.1	0.827	0.851	0.854	0.238	0.247	0.242	0.216	0.251	0.925	0.902	0.950	0.523	0.528	0.528	0.260	0.248	0.883	0.880	0.885	0.661	0.666	0.657	0.173	0.174	0.957	0.959	0.939	0.532	0.542	0.517	0.162	0.154	0.989	1.017	0.989	0.384	0.389	0.421	0.196	0.195	0.269	0.249	0.175	0.163	0.196	0.039	0.039	0.039
18:03:59	25.0	0.832	0.858	0.861	0.239	0.248	0.243	0.221	0.258	0.936	0.912	0.962	0.528	0.532	0.532	0.259	0.247	0.896	0.894	0.899	0.663	0.655	0.634	0.172	0.173	0.963	0.964	0.949	0.532	0.542	0.519	0.163	0.153	0.998	1.027	1.000	0.384	0.391	0.426	0.196	0.194	0.276	0.250	0.174	0.163	0.196	0.039	0.039	0.039
18:19:42	25.1	0.836	0.866	0.869	0.241	0.249	0.244	0.227	0.264	0.946	0.921	0.974	0.533	0.537	0.537	0.260	0.271	0.908	0.905	0.910	0.655	0.648	0.640	0.170	0.227	0.959	0.960	0.948	0.532	0.540	0.519	0.163	0.153	1.000	1.031	1.002	0.391	0.398	0.433	0.195	0.194	0.284	0.249	0.173	0.162	0.195	0.039	0.039	0.039
18:35:24	25.1	0.840	0.872	0.875	0.243	0.251	0.245	0.235	0.268	0.955	0.930	0.983	0.537	0.540	0.543	0.261	0.246	0.921	0.919	0.922	0.649	0.646	0.640	0.169	0.171	0.955	0.955	0.943	0.528	0.540	0.515	0.164	0.154	0.994	1.027	0.997	0.396	0.405	0.441	0.194	0.193	0.292	0.250	0.172	0.163	0.194	0.039	0.039	0.039
18:51:07	25.1	0.846	0.879	0.883	0.245	0.253	0.247	0.242	0.276	0.964	0.940	0.992	0.540	0.544	0.545	0.264	0.246	0.933	0.930	0.935	0.649	0.643	0.633	0.169	0.171	0.951	0.953	0.940	0.531	0.547	0.519	0.165	0.154	0.990	1.022	0.993	0.401	0.412	0.440	0.194	0.191	0.300	0.249	0.172	0.163	0.193	0.039	0.039	0.039
19:06:49	25.1	0.850	0.883	0.888	0.247	0.255	0.250	0.254	0.282	0.975	0.951	1.001	0.544	0.546	0.550	0.270	0.246	0.944	0.941	0.944	0.648	0.647	0.638	0.168	0.170	0.946	0.949	0.937	0.533	0.552	0.521	0.168	0.154	0.983	1.018	0.989	0.419	0.415	0.442	0.193	0.191	0.309	0.251	0.171	0.163	0.192	0.039	0.039	0.039
19:22:32	25.0	0.851	0.889	0.895	0.250	0.258	0.252	0.259	0.288	0.981	0.958	1.011	0.547	0.550	0.552	0.277	0.247	0.954	0.952	0.955	0.646	0.642	0.636	0.167	0.169	0.942	0.944	0.932	0.534	0.553	0.525	0.168	0.154	0.978	1.013	0.984	0.442	0.423	0.448	0.192	0.191	0.318	0.250	0.170	0.163	0.192	0.039	0.039	0.039
19:38:15	25.1	0.843	0.894	0.901	0.253	0.261	0.255	0.268	0.295	0.989	0.966	1.020	0.550	0.555	0.559	0.262	0.246	0.962	0.960	0.963	0.645	0.636	0.631	0.166	0.168	0.939	0.941	0.928	0.538	0.557	0.530	0.168	0.155	0.973	1.009	0.981	0.413	0.428	0.450	0.193	0.190	0.327	0.249	0.169	0.163	0.192	0.039	0.039	0.039
19:53:57	25.1	0.835	0.891	0.897	0.256	0.265	0.257	0.281	0.303	0.998	0.976	1.031	0.555	0.559	0.561	0.286	0.246	0.970	0.969	0.973	0.646	0.636	0.628	0.166	0.168	0.935	0.938	0.926	0.540	0.560	0.534	0.170	0.155	0.968	1.004	0.976	0.413	0.426	0.449	0.192	0.191	0.337	0.250	0.168	0.164	0.191	0.039	0.039	0.039
20:09:40	25.1	0.825	0.887	0.891	0.259	0.267	0.260	0.287	0.311	1.005	0.982	1.038	0.558	0.562	0.564	0.260	0.246	0.978	0.977	0.981	0.646	0.636	0.625	0.165	0.165	0.931	0.935	0.922	0.540	0.564	0.536	0.171	0.157	0.965	0.999	0.974	0.413	0.425	0.448	0.190	0.189	0.346	0.249	0.167	0.163	0.191	0.039	0.039	0.039
20:25:23	25.1	0.817	0.880	0.887	0.263	0.271	0.264	0.298	0.317	1.010	0.988	1.042	0.562	0.567	0.569	0.283	0.246	0.984	0.985	0.985	0.640	0.631	0.637	0.165	0.165	0.929	0.933	0.919	0.548	0.570	0.539	0.172	0.157	0.961	0.995	0.971	0.412	0.431	0.453	0.190	0.190	0.356	0.248	0.166	0.165	0.190	0.039	0.039	0.039
20:41:05	25.1	0.809	0.873	0.880	0.267	0.275	0.266	0.308	0.324	1.018	0.995	1.051	0.567	0.571	0.574	0.260	0.247	0.984	0.986	0.986	0.638	0.632	0.624	0.164	0.164	0.926	0.931	0.917	0.550	0.578	0.542	0.173	0.157	0.959	0.995	0.970	0.416	0.428	0.451	0.191	0.189	0.367	0.247	0.166	0.165	0.188	0.039	0.039	0.039
20:56:48	25.1	0.801	0.868	0.873	0.271	0.279	0.269	0.320	0.332	1.021	1.000	1.057	0.568	0.573	0.577	0.261	0.246	0.980	0.982	0.983	0.635	0.631	0.625	0.163	0.163	0.925	0.929	0.916	0.557	0.581	0.550	0.176	0.158	0.957	0.993	0.969	0.445	0.435	0.452	0.190	0.188	0.378	0.248	0.165	0.167	0.189	0.039	0.039	0.039
21:12:30	25.0	0.794	0.863	0.868	0.275	0.282	0.273	0.332	0.339	1.027	1.005	1.063	0.573	0.576	0.579	0.261	0.246	0.979	0.980	0.979	0.633	0.634	0.624	0.162	0.163	0.923	0.927	0.914	0.560	0.591	0.554	0.178	0.158	0.956	0.993	0.968	0.419	0.431	0.455	0.190	0.188	0.389	0.249	0.165	0.166	0.188	0.039	0.039	0.039
21:28:13	25.1	0.787	0.858	0.864	0.279	0.286	0.277	0.343	0.348	1.028	1.006	1.066	0.574	0.577	0.581	0.279	0.247	0.973	0.976	0.976	0.632	0.629	0.622	0.163	0.163	0.921	0.927	0.912	0.567	0.593	0.558	0.179	0.159	0.954	0.992	0.967	0.420	0.436	0.452	0.189	0.187	0.398	0.249	0.164	0.167	0.188	0.039	0.039	0.039
21:43:56	25.1	0.782	0.855	0.861	0.284	0.290	0.280	0.357	0.357	1.026	1.003	1.064	0.578	0.581	0.585	0.262	0.246	0.971	0.973	0.973	0.632	0.627	0.623	0.161	0.161	0.919	0.924	0.911	0.570	0.596	0.563	0.181	0.161	0.954	0.991	0.968	0.417	0.436	0.462	0.188	0.186	0.410	0.249	0.163	0.167	0.188	0.039	0.039	0.039
21:59:38	25.1	0.779	0.851	0.858	0.287	0.293	0.283	0.370	0.363	1.020	1.000	1.060	0.580	0.584	0.591	0.265	0.247	0.966	0.968	0.970	0.633	0.628	0.630	0.160	0.161	0.918	0.924	0.910	0.578	0.599	0.567	0.182	0.162	0.953	0.991	0.967	0.418	0.435	0.453	0.188	0.186	0.421	0.248	0.162	0.168	0.186	0.039	0.039	0.040
22:15:21	25.1	0.772	0.849	0.856	0.290	0.296	0.286	0.385	0.371	1.018	0.998	1.058	0.582	0.588	0.591	0.265	0.247	0.963	0.967	0.966	0.628	0.623	0.623	0.160	0.161	0.916	0.924	0.910	0.579	0.605	0.570	0.183	0.163	0.953	0.991	0.967	0.418	0.438	0.451	0.187	0.186	0.432	0.248	0.161	0.170	0.186	0.039	0.039	0.039
22:31:03	25.1	0.769	0.845	0.855	0.293	0.299	0.289	0.400	0.396	1.013	0.994	1.055	0.587	0.591	0.594	0.263	0.248	0.961	0.964	0.965	0.627	0.627	0.621	0.160	0.160	0.915	0.922	0.908	0.583	0.606	0.573	0.185	0.164	0.951	0.990	0.966	0.414	0.435	0.451	0.188	0.186	0.442	0.248	0.162	0.171	0.185	0.039	0.039	0.039
22:46:46	25.1	0.764	0.845	0.853	0.297	0.302	0.293	0.414	0.385	1.010	0.990	1.051	0.590	0.594	0.598	0.263	0.246	0.959	0.962	0.963	0.641	0.625	0.620	0.159	0.159	0.915	0.922	0.907	0.589	0.618	0.581	0.187	0.166	0.951	0.990	0.967	0.418	0.439	0.450	0.187	0.184	0.454	0.249	0.161	0.172	0.185	0.039	0.039	0.039
23:02:28	25.1	0.759	0.844	0.853	0.301	0.304	0.295	0.430	0.391	1.006	0.988	1.049	0.593	0.597	0.601	0.263	0.248	0.958	0.962	0.963	0.628	0.632	0.622	0.159	0.158	0.913	0.921	0.907	0.590	0.620	0.586	0.188	0.166	0.949	0.990	0.968	0.414	0.435	0.453	0.186	0.184	0.462	0.249	0.160	0.173	0.185	0.039	0.039	0.039
23:18:11	25.1	0.754	0.841	0.850	0.303	0.306	0.297	0.444	0.395	1.003	0.985	1.047	0.596	0.600	0.603	0.263	0.248	0.956	0.960	0.962	0.633	0.620	0.621	0.158	0.157	0.911	0.920	0.906	0.599	0.624	0.585	0.189	0.167	0.948	0.989	0.967	0.445	0.438	0.447	0.185	0.184	0.470	0.249	0.159	0.174	0.184	0.039	0.039	0.039
23:33:54	25.1	0.750	0.839	0.850	0.306	0.309	0.299	0.457	0.407	1.000	0.983	1.044	0.597	0.607	0.603	0.265	0.247	0.955	0.960	0.961	0.626	0.626	0.625	0.157	0.157	0.911	0.919	0.905	0.598	0.623	0.592	0.190	0.168	0.947	0.988	0.966	0.417	0.436	0.444	0.186	0.183	0.478	0.249	0.158	0.176	0.183	0.039	0.039	0.039
23:49:36	25.1	0.745	0.837	0.847	0.307	0.310	0.300	0.471	0.405	0.998	0.982	1.043	0.597	0.602	0.605	0.266	0.247	0.955	0.960	0.962	0.634	0.621	0.635	0.157	0.156	0.911	0.919	0.906	0.602	0.627	0.590	0.193	0.170	0.947	0.989	0.967	0.413	0.434	0.454	0.184	0.183	0.486	0.249	0.158	0.176	0.183	0.039	0.039	0.039
24:05:19	25.1	0.739	0.835	0.847	0.308	0.311	0.302	0.482	0.407	0.995	0.981	1.042	0.597	0.601	0.605	0.266	0.249	0.955	0.959	0.960	0.628	0.623	0.618	0.157	0.155	0.909	0.918	0.904	0.604	0.628	0.594	0.196	0.171	0.945	0.987	0.966	0.415	0.435	0.450	0.185	0.182	0.489	0.249	0.158	0.178	0.183	0.039	0.039	0.039
24:21:02	25.1	0.735	0.834	0.846	0.310	0.312	0.303	0.491	0.430	0.993	0.979	1.040	0.598	0.601	0.606	0.266	0.248	0.954	0.959	0.960	0.629	0.619	0.610	0.156	0.155	0.908	0.918	0.904	0.609	0.634	0.599	0.198	0.170	0.944	0.988	0.966	0.425	0.435	0.443	0.185	0.182	0.493	0.250	0.158	0.179	0.182	0.039	0.039	0.039
24:36:44	25.1	0.729	0.832	0.844	0.311	0.313	0.304	0.501	0.411	0.990	0.976	1.040	0.596	0.600	0.605	0.267	0.250	0.954	0.959	0.960	0.622	0.624	0.615	0.155	0.155	0.908	0.918	0.904	0.613	0.631	0.599	0.201	0.174	0.945	0.987	0.966	0.412	0.430	0.442	0.184	0.181	0.497	0.249	0.157	0.183	0.182	0.039	0.039	0.039
24:52:27	25.0	0.724	0.831	0.843	0.312	0.315	0.305	0.507	0.411	0.988	0.975	1.038	0.597	0.601	0.606	0.268	0.248	0.954	0.958	0.960	0.619	0.612	0.616	0.156	0.154	0.907	0.917	0.902	0.611	0.632	0.599	0.203	0.176	0.944	0.986	0.965	0.421	0.435	0.457	0.184	0.181	0.501	0.250	0.156	0.184	0.181	0.039	0.039	0.039
25:08:10	25.1	0.719	0.829	0.842	0.312	0.316	0.306	0.513	0.413	0.986	0.973	1.037	0.595	0.600	0.606	0.268	0.249	0.953	0.958	0.959	0.618	0.606	0.605	0.155	0.153	0.906	0.917	0.901	0.614	0.631	0.601	0.205	0.177	0.944	0.987	0.965	0.415	0.435	0.445	0.184	0.180	0.504	0.249	0.156	0.186	0.180	0.039	0.039	0.039
25:23:52	25.1	0.712	0.827	0.841	0.314	0.316	0.308	0.520	0.413	0.986	0.974	1.037	0.593	0.596	0.603	0.272	0.250	0.954	0.959	0.961	0.615	0.613	0.621	0.154	0.153	0.905	0.916	0.901	0.614	0.634	0.603	0.208	0.179	0.943	0.987	0.966	0.412	0.431	0.448	0.183	0.180	0.505	0.250	0.155	0.187	0.181	0.039	0.039	0.039
25:39:35	25.1	0.707	0.825	0.840	0.315	0.317	0.308	0.525	0.412	0.984	0.973	1.037	0.599	0.597	0.600	0.271	0.250	0.954	0.960	0.961	0.615	0.613	0.606	0.156	0.154	0.904	0.916	0.900	0.616	0.635	0.603	0.211	0.180	0.942	0.986	0.966	0.415	0.435	0.439	0.183	0.181	0.509	0.250	0.156	0.189	0.180	0.039	0.039	0.039
25:55:17	25.1	0.701	0.822	0.837	0.314	0.318	0.309	0.529	0.410	0.982	0.973	1.036	0.591	0.594	0.598	0.271	0.251	0.954	0.960	0.961	0.617	0.609	0.608	0.155	0.152	0.904	0.915	0.900	0.617	0.636	0.604	0.213	0.184	0.942	0.987	0.966	0.412	0.430	0.438	0.183	0.180	0.511	0.251	0.156	0.191	0.180	0.039	0.039	0.039
26:11:00	25.1	0.695	0.821	0.837	0.315	0.318	0.309	0.533	0.409	0.982	0.972	1.036	0.587	0.591	0.595	0.271	0.250	0.955	0.961	0.962	0.617	0.605	0.597	0.154	0.152	0.903	0.915	0.900	0.617	0.638	0.603	0.216	0.184	0.942	0.988	0.968	0.413	0.431	0.437	0.183	0.179	0.514	0.251	0.156	0.193	0.179	0.039	0.039	0.039
26:26:42	25.1	0.688	0.820	0.837	0.316	0.320	0.311	0.538	0.408	0.980	0.973	1.036	0.585	0.589	0.594	0.273	0.251	0.955	0.961	0.962	0.614	0.604	0.614	0.154	0.152	0.902	0.914	0.899	0.618	0.640	0.606	0.218	0.187	0.941	0.988	0.967	0.411	0.428	0.440	0.182	0.179	0.514	0.251	0.155	0.195	0.178	0.039	0.039	0.039
26:42:25	25.1	0.682	0.818	0.835	0.317	0.320	0.312	0.543	0.404	0.980	0.973	1.036	0.581	0.586	0.590	0.299	0.251	0.955	0.962	0.964	0.608	0.603	0.601	0.155	0.152	0.901	0.915	0.899	0.617	0.633	0.606	0.219	0.190	0.941	0.987	0.968	0.411	0.428	0.435	0.182	0.180	0.515	0.252	0.156	0.196	0.178	0.039	0.039	0.039
26:58:08	25.1	0.675	0.815	0.834	0.317	0.320	0.312	0.546	0.401	0.977	0.971	1.036	0.576	0.581	0.585	0.275	0.253	0.955	0.961	0.963	0.612	0.603	0.601	0.155	0.151	0.900	0.914	0.898	0.618	0.638	0.606	0.223	0.192	0.940	0.988	0.968	0.405	0.429	0.433	0.182	0.177	0.515	0.250	0.156	0.199	0.179	0.039	0.039	0.039
27:13:50	25.1	0.669	0.813	0.833	0.318	0.321	0.313	0.550	0.399	0.978	0.971	1.036	0.572	0.576	0.580	0.275	0.261	0.955	0.962	0.963	0.609	0.599	0.593	0.155	0.150	0.899	0.912	0.898	0.616	0.635	0.606	0.224	0.193	0.939	0.988	0.968	0.409	0.427	0.437	0.182	0.178	0.515	0.253	0.155	0.201	0.178	0.039	0.039	0.039
27:29:33	25.1	0.661	0.811	0.831	0.318	0.323	0.313	0.556	0.397	0.977	0.971	1.037	0.567	0.571	0.579	0.279	0.252	0.955	0.962	0.964	0.600	0.599	0.593	0.155	0.151	0.898	0.911	0.897	0.617	0.639	0.606	0.226	0.196	0.939	0.988	0.969	0.406	0.429	0.433	0.182	0.177	0.515	0.252	0.155	0.202	0.178	0.039	0.039	0.039
27:45:16	25.1	0.656	0.809	0.829	0.318	0.326	0.313	0.558	0.394	0.975	0.971	1.036	0.562	0.566	0.571	0.276	0.255	0.955	0.962	0.963	0.609	0.597	0.595	0.155	0.150	0.897	0.911	0.896	0.616	0.635	0.606	0.227	0.197	0.938	0.988	0.969	0.409	0.426	0.429	0.182	0.177	0.514	0.252	0.156	0.205	0.177	0.039	0.039	0.039
28:00:58	25.1	0.649	0.806	0.827	0.320	0.329	0.315	0.560	0.391	0.974	0.972	1.036	0.558	0.560	0.566	0.280	0.254	0.956	0.963	0.963	0.598	0.595	0.593	0.156	0.150	0.896	0.910	0.895	0.615	0.640	0.604	0.230	0.200	0.938	0.988	0.970	0.406	0.428	0.433	0.182	0.177	0.512	0.254	0.157	0.206	0.178	0.039	0.039	0.039
28:16:41	25.1	0.642	0.805	0.826	0.322	0.331	0.317	0.562	0.389	0.974	0.972	1.037	0.552	0.558	0.564	0.281	0.256	0.956	0.963	0.964	0.604	0.602	0.587	0.159	0.150	0.894	0.909	0.894	0.615	0.634	0.604	0.233	0.201	0.936	0.988	0.969	0.403	0.424	0.433	0.181	0.176	0.510	0.254	0.157	0.207	0.176	0.039	0.039	0.039
28:32:23	25.1	0.636	0.803	0.823	0.324	0.335	0.320	0.563	0.387	0.973	0.972	1.038	0.548	0.554	0.558	0.281	0.253	0.956	0.963	0.964	0.612	0.598	0.585	0.158	0.150	0.892	0.908	0.893	0.613	0.636	0.603	0.233	0.203	0.935	0.988	0.969	0.406	0.423	0.426	0.181	0.176	0.507	0.254	0.157	0.209	0.178	0.039	0.039	0.039
28:48:06	25.1	0.629	0.800	0.822	0.326	0.338	0.323	0.560	0.384	0.972	0.972	1.038	0.543	0.548	0.552	0.283	0.253	0.955	0.964	0.965	0.598	0.595	0.584	0.157	0.150	0.892	0.908	0.892	0.613	0.636	0.603	0.234	0.205	0.935	0.989	0.969	0.405	0.424	0.431	0.181	0.175	0.505	0.254	0.158	0.210	0.177	0.039	0.039	0.039
29:03:48	25.1	0.622	0.797	0.819	0.329	0.342	0.326	0.559	0.381	0.971	0.973	1.040	0.540	0.546	0.550	0.285	0.255	0.955	0.964	0.965	0.593	0.590	0.582	0.159	0.150	0.890	0.906	0.892	0.609	0.636	0.598	0.235	0.205	0.934	0.987	0.970	0.403	0.425	0.428	0.181	0.176	0.499	0.255	0.159	0.212	0.178	0.039	0.039	0.039
29:19:31	25.1	0.618	0.794	0.818	0.332	0.345	0.329	0.555	0.378	0.971	0.972	1.039	0.536	0.539	0.544	0.285	0.253	0.955	0.964	0.965	0.592	0.593	0.585	0.158	0.150	0.889	0.906	0.891	0.607	0.635	0.600	0.237	0.207	0.933	0.988	0.970	0.434	0.427	0.432	0.182	0.174	0.495	0.255	0.160	0.213	0.177	0.039	0.039	0.039
29:35:14	25.1	0.613	0.793	0.817	0.335	0.349	0.333	0.553	0.375	0.969	0.972	1.038	0.533	0.535	0.539	0.286	0.254	0.954	0.963	0.966	0.589	0.585	0.578	0.159	0.150	0.888	0.905	0.890	0.607	0.631	0.596	0.239	0.209	0.932	0.988	0.971	0.404	0.426	0.428	0.181	0.175	0.492	0.256	0.160	0.215	0.177	0.039	0.039	0.039
29:50:56	25.1	0.607	0.790	0.814	0.338	0.352	0.335	0.549	0.373	0.968	0.972	1.039	0.528	0.529	0.535	0.286	0.253	0.954	0.964	0.966	0.592	0.589	0.574	0.160	0.150	0.887	0.904	0.889	0.605	0.631	0.591	0.241	0.210	0.932	0.988	0.970	0.402	0.426	0.429	0.181	0.175	0.484	0.255	0.162	0.216	0.178	0.039	0.039	0.039
30:06:39	25.1	0.602	0.788	0.812	0.342	0.356	0.338	0.549	0.370	0.968	0.973	1.040	0.524	0.527	0.531	0.288	0.255	0.954	0.964	0.966	0.587	0.582	0.578	0.161	0.151	0.885	0.903	0.888	0.601	0.631	0.596	0.243	0.212	0.931	0.988	0.970	0.406	0.427	0.426	0.181	0.173	0.476	0.256	0.162	0.216	0.177	0.039	0.039	0.039
30:22:22	25.1	0.597	0.786	0.811	0.345	0.359	0.342	0.544	0.367	0.966	0.972	1.041	0.520	0.521	0.526	0.289	0.255	0.954	0.965	0.967	0.581	0.577	0.576	0.162	0.151	0.885	0.903	0.888	0.601	0.630	0.591	0.242	0.213	0.930	0.987	0.971	0.406	0.423	0.428	0.182	0.174	0.470	0.256	0.164	0.218	0.178	0.039	0.039	0.039
30:38:04	25.1	0.592	0.782	0.809	0.349	0.363	0.344	0.542	0.364	0.966	0.972	1.041	0.515	0.517	0.521	0.289	0.255	0.955	0.965	0.967	0.582	0.575	0.575	0.164	0.151	0.882	0.901	0.887	0.599	0.626	0.590	0.246	0.214	0.929	0.988	0.970	0.406	0.425	0.423	0.183	0.174	0.463	0.256	0.165	0.218	0.178	0.039	0.039	0.039
30:53:47	25.1	0.588	0.778	0.805	0.352	0.366	0.347	0.541	0.361	0.965	0.973	1.042	0.512	0.515	0.517	0.291	0.265	0.955	0.966	0.968	0.579	0.575	0.580	0.164	0.152	0.881	0.901	0.887	0.598	0.626	0.589	0.247	0.215	0.928	0.988	0.972	0.419	0.429	0.423	0.183	0.174	0.454	0.257	0.166	0.220	0.179	0.039	0.039	0.039
31:09:30	25.1	0.582	0.776	0.802	0.354	0.368	0.349	0.534	0.357	0.964	0.973	1.042	0.507	0.508	0.511	0.293	0.257	0.954	0.966	0.969	0.577	0.571	0.565	0.170	0.153	0.880	0.900	0.885	0.593	0.627	0.586	0.247	0.216	0.927	0.986	0.970	0.428	0.423	0.423	0.183	0.173	0.446	0.258	0.167	0.221	0.179	0.039	0.039	0.039
31:25:12	25.1	0.580	0.773	0.800	0.358	0.371	0.352	0.531	0.356	0.962	0.972	1.042	0.501	0.505	0.507	0.295	0.256	0.953	0.965	0.968	0.581	0.566	0.570	0.168	0.153	0.879	0.898	0.884	0.590	0.625	0.581	0.249	0.217	0.925	0.987	0.970	0.426	0.424	0.424	0.183	0.174	0.436	0.257	0.168	0.222	0.180	0.039	0.039	0.039
31:40:55	25.1	0.574	0.770	0.798	0.361	0.373	0.354	0.531	0.353	0.962	0.973	1.044	0.499	0.501	0.503	0.296	0.256	0.953	0.967	0.969	0.577	0.572	0.571	0.169	0.154	0.877	0.899	0.885	0.590	0.625	0.581	0.249	0.219	0.924	0.988	0.971	0.402	0.424	0.424	0.184	0.174	0.431	0.259	0.170	0.222	0.178	0.039	0.039	0.039
31:56:37	25.1	0.570	0.765	0.795	0.364	0.375	0.355	0.526	0.351	0.960	0.973	1.043	0.491	0.496	0.499	0.298	0.256	0.953	0.967	0.970	0.569	0.569	0.563	0.169	0.153	0.876	0.897	0.882	0.590	0.624	0.585	0.251	0.218	0.923	0.987	0.970	0.405	0.421	0.422	0.184	0.174	0.423	0.258	0.171	0.223	0.180	0.039	0.039	0.039
32:12:20	25.1	0.566	0.762	0.794	0.366	0.376	0.357	0.522	0.349	0.960	0.972	1.043	0.489	0.490	0.493	0.299	0.257	0.953	0.967	0.970	0.565	0.567	0.562	0.170	0.155	0.875	0.896	0.882	0.586	0.620	0.580	0.253	0.220	0.923	0.986	0.972	0.409	0.420	0.421	0.183	0.174	0.418	0.260	0.172	0.223	0.180	0.039	0.039	0.039
32:28:03	25.1	0.561	0.757	0.790	0.368	0.379	0.359	0.518	0.346	0.957	0.973	1.045	0.483	0.486	0.490	0.301	0.258	0.953	0.967	0.970	0.565	0.562	0.559	0.172	0.156	0.873	0.896	0.882	0.586	0.621	0.580	0.255	0.220	0.922	0.987	0.971	0.404	0.421	0.418	0.184	0.174	0.413	0.258	0.174	0.224	0.179	0.039	0.039	0.039
32:43:45	25.1	0.558	0.755	0.786	0.371	0.381	0.361	0.512	0.344	0.956	0.973	1.045	0.480	0.484	0.492	0.302	0.258	0.953	0.967	0.970	0.565	0.567	0.556	0.172	0.157	0.872	0.894	0.879	0.582	0.620	0.581	0.256	0.220	0.920	0.986	0.971	0.402	0.421	0.414	0.185	0.174	0.407	0.258	0.174	0.225	0.180	0.039	0.039	0.039
32:59:28	25.1	0.554	0.751	0.785	0.372	0.383	0.362	0.508	0.343	0.954	0.972	1.045	0.476	0.477	0.481	0.303	0.257	0.952	0.968	0.971	0.562	0.552	0.558	0.174	0.158	0.872	0.895	0.880	0.582	0.618	0.579	0.257	0.222	0.920	0.986	0.972	0.402	0.422	0.420	0.185	0.174	0.404	0.259	0.174	0.226	0.181	0.039	0.039	0.039
33:15:11	25.1	0.550	0.746	0.783	0.374	0.384	0.363	0.504	0.338	0.954	0.973	1.046	0.473	0.473	0.476	0.304	0.258	0.952	0.968	0.971	0.555	0.554	0.550	0.174	0.158	0.870	0.893	0.879	0.580	0.620	0.576	0.259	0.223	0.918	0.986	0.972	0.400	0.421	0.419	0.186	0.174	0.399	0.259	0.176	0.226	0.182	0.039	0.039	0.039
33:30:53	25.1	0.546	0.742	0.779	0.375	0.385	0.364	0.499	0.338	0.951	0.971	1.045	0.468	0.468	0.471	0.305	0.258	0.951	0.967	0.972	0.557	0.552	0.547	0.175	0.159	0.868	0.892	0.878	0.578	0.620	0.575	0.260	0.223	0.917	0.986	0.972	0.399	0.418	0.417	0.188	0.174	0.396	0.259	0.177	0.228	0.183	0.039	0.039	0.039
33:46:36	25.1	0.542	0.738	0.777	0.378	0.385	0.365	0.494	0.336	0.950	0.972	1.046	0.463	0.465	0.468	0.305	0.257	0.951	0.968	0.972	0.560	0.549	0.544	0.176	0.160	0.868	0.892	0.877	0.577	0.618	0.575	0.261	0.223	0.916	0.985	0.971	0.401	0.422	0.420	0.188	0.175	0.393	0.259	0.178	0.228	0.182	0.039	0.039	0.041
34:02:19	25.1	0.538	0.733	0.772	0.378	0.385	0.367	0.490	0.334	0.949	0.971	1.048	0.459	0.461	0.463	0.306	0.257	0.951	0.969	0.972	0.555	0.548	0.540	0.178	0.163	0.866	0.890	0.877	0.580	0.616	0.575	0.262	0.224	0.914	0.985	0.971	0.400	0.421	0.424	0.189	0.176	0.389	0.258	0.180	0.230	0.186	0.039	0.039	0.039
34:18:01	25.1	0.534	0.727	0.770	0.377	0.384	0.366	0.485	0.332	0.948	0.972	1.046	0.457	0.456	0.460	0.308	0.260	0.951	0.969	0.971	0.551	0.542	0.543	0.179	0.163	0.866	0.890	0.876	0.575	0.615	0.573	0.264	0.226	0.914	0.985	0.971	0.398	0.421	0.415	0.189	0.175	0.387	0.258	0.179	0.229	0.185	0.039	0.039	0.039
34:33:44	25.1	0.531	0.724	0.768	0.377	0.384	0.367	0.479	0.329	0.946	0.971	1.047	0.452	0.455	0.456	0.309	0.258	0.950	0.969	0.972	0.550	0.542	0.545	0.180	0.163	0.863	0.888	0.875	0.573	0.616	0.570	0.265	0.226	0.912	0.985	0.973	0.401	0.417	0.423	0.189	0.176	0.383	0.258	0.181	0.230	0.186	0.039	0.039	0.039
34:49:27	25.1	0.527	0.720	0.764	0.377	0.384	0.366	0.475	0.327	0.945	0.971	1.046	0.449	0.450	0.451	0.312	0.259	0.949	0.969	0.973	0.545	0.543	0.544	0.181	0.164	0.863	0.888	0.875	0.574	0.613	0.574	0.267	0.227	0.911	0.985	0.972	0.397	0.423	0.415	0.190	0.177	0.382	0.258	0.182	0.232	0.186	0.039	0.039	0.039
35:05:09	25.1	0.523	0.715	0.761	0.376	0.383	0.365	0.469	0.326	0.943	0.971	1.047	0.443	0.445	0.445	0.312	0.258	0.950	0.969	0.973	0.539	0.535	0.534	0.183	0.165	0.862	0.889	0.875	0.574	0.615	0.571	0.270	0.228	0.910	0.985	0.971	0.397	0.416	0.435	0.192	0.177	0.378	0.258	0.183	0.232	0.188	0.039	0.039	0.039
35:20:52	25.1	0.520	0.710	0.758	0.377	0.383	0.365	0.465	0.323	0.941	0.971	1.048	0.441	0.443	0.441	0.313	0.260	0.949	0.970	0.974	0.543	0.537	0.536	0.184	0.166	0.861	0.888	0.873	0.572	0.611	0.571	0.270	0.227	0.908	0.985	0.972	0.398	0.421	0.415	0.192	0.179	0.375	0.258	0.185	0.233	0.188	0.039	0.039	0.039
35:36:34	25.1	0.516	0.706	0.756	0.375	0.381	0.364	0.461	0.321	0.939	0.969	1.048	0.436	0.439	0.440	0.314	0.259	0.948	0.969	0.974	0.560	0.545	0.530	0.184	0.168	0.859	0.887	0.873	0.572	0.613	0.566	0.272	0.229	0.908	0.984	0.971	0.396	0.424	0.411	0.193	0.179	0.373	0.258	0.186	0.233	0.188	0.039	0.039	0.039
35:52:17	25.1	0.512	0.701	0.752	0.372	0.379	0.363	0.456	0.319	0.938	0.970	1.048	0.431	0.436	0.433	0.316	0.257	0.949	0.970	0.975	0.539	0.530	0.533	0.186	0.168	0.858	0.887	0.873	0.570	0.611	0.569	0.274	0.229	0.906	0.984	0.972	0.399	0.420	0.412	0.194	0.179	0.370	0.258	0.186	0.233	0.189	0.039	0.039	0.039
36:07:59	25.1	0.508	0.697	0.749	0.371	0.377	0.362	0.450	0.317	0.935	0.969	1.048	0.430	0.430	0.434	0.316	0.258	0.947	0.970	0.974	0.534	0.535	0.528	0.187	0.170	0.857	0.886	0.871	0.570	0.612	0.567	0.275	0.230	0.905	0.984	0.972	0.403	0.420	0.413	0.195	0.180	0.368	0.258	0.188	0.235	0.191	0.039	0.039	0.039
36:23:42	25.1	0.504	0.693	0.745	0.370	0.374	0.360	0.446	0.314	0.932	0.969	1.048	0.427	0.427	0.429	0.317	0.259	0.947	0.970	0.975	0.539	0.526	0.521	0.189	0.172	0.856	0.886	0.872	0.570	0.611	0.565	0.277	0.230	0.904	0.984	0.973	0.401	0.415	0.410	0.195	0.181	0.366	0.258	0.188	0.235	0.191	0.039	0.039	0.038
36:39:25	25.1	0.500	0.689	0.742	0.368	0.372	0.360	0.443	0.312	0.930	0.968	1.048	0.424	0.427	0.426	0.317	0.258	0.947	0.970	0.975	0.531	0.525	0.524	0.190	0.172	0.855	0.886	0.871	0.568	0.612	0.568	0.277	0.231	0.902	0.984	0.972	0.399	0.417	0.413	0.195	0.182	0.364	0.258	0.190	0.236	0.193	0.039	0.039	0.039
36:55:07	25.1	0.496	0.684	0.739	0.366	0.371	0.358	0.437	0.310	0.929	0.969	1.049	0.422	0.425	0.422	0.320	0.258	0.947	0.973	0.977	0.530	0.525	0.526	0.191	0.173	0.854	0.884	0.871	0.569	0.613	0.569	0.279	0.232	0.902	0.984	0.973	0.399	0.419	0.414	0.197	0.182	0.362	0.257	0.190	0.235	0.195	0.039	0.039	0.039
37:10:50	25.1	0.492	0.680	0.735	0.363	0.368	0.356	0.433	0.308	0.927	0.969	1.050	0.418	0.421	0.422	0.320	0.259	0.947	0.972	0.977	0.531	0.518	0.523	0.193	0.174	0.854	0.884	0.870	0.569	0.613	0.566	0.281	0.233	0.901	0.984	0.973	0.398	0.420	0.414	0.198	0.183	0.360	0.258	0.191	0.236	0.194	0.039	0.039	0.039
37:26:32	25.1	0.489	0.675	0.732	0.361	0.366	0.354	0.429	0.306	0.925	0.969	1.050	0.416	0.416	0.417	0.320	0.258	0.946	0.972	0.978	0.526	0.519	0.519	0.193	0.175	0.852	0.884	0.870	0.569	0.613	0.566	0.282	0.233	0.899	0.985	0.973	0.412	0.419	0.415	0.198	0.184	0.357	0.258	0.192	0.236	0.195	0.039	0.039	0.038
37:42:15	25.1	0.484	0.671	0.729	0.358	0.363	0.352	0.425	0.303	0.922	0.969	1.050	0.413	0.415	0.416	0.321	0.257	0.946	0.973	0.977	0.520	0.515	0.512	0.195	0.177	0.851	0.884	0.869	0.567	0.612	0.567	0.284	0.233	0.898	0.984	0.974	0.397	0.420	0.424	0.197	0.184	0.356	0.256	0.193	0.237	0.195	0.039	0.039	0.039
37:57:58	25.1	0.481	0.667	0.725	0.355	0.360	0.349	0.421	0.302	0.920	0.967	1.049	0.408	0.410	0.411	0.319	0.255	0.945	0.972	0.977	0.518	0.521	0.511	0.196	0.178	0.851	0.883	0.868	0.567	0.616	0.565	0.285	0.235	0.897	0.985	0.973	0.399	0.417	0.412	0.200	0.184	0.355	0.255	0.194	0.237	0.195	0.039	0.039	0.038
38:13:40	25.1	0.476	0.664	0.722	0.353	0.358	0.347	0.416	0.301	0.918	0.968	1.050	0.406	0.411	0.408	0.318	0.255	0.945	0.972	0.977	0.519	0.513	0.515	0.225	0.179	0.850	0.883	0.869	0.568	0.614	0.567	0.287	0.235	0.896	0.984	0.973	0.399	0.420	0.410	0.203	0.185	0.352	0.254	0.194	0.239	0.196	0.039	0.039	0.038
38:29:23	25.0	0.472	0.660	0.719	0.350	0.355	0.345	0.412	0.298	0.916	0.966	1.050	0.404	0.409	0.406	0.319	0.256	0.945	0.972	0.979	0.545	0.516	0.509	0.197	0.181	0.848	0.883	0.868	0.568	0.617	0.568	0.287	0.235	0.895	0.984	0.973	0.399	0.415	0.411	0.201	0.186	0.350	0.250	0.196	0.238	0.196	0.039	0.039	0.038
38:45:06	25.1	0.467	0.656	0.715	0.349	0.353	0.342	0.409	0.295	0.912	0.965	1.050	0.397	0.403	0.403	0.319	0.255	0.943	0.973	0.978	0.515	0.509	0.505	0.198	0.183	0.847	0.882	0.867	0.570	0.617	0.564	0.289	0.237	0.894	0.984	0.973	0.402	0.419	0.413	0.202	0.186	0.349	0.251	0.195	0.239	0.198	0.039	0.039	0.038
39:00:48	25.1	0.463	0.652	0.712	0.346	0.351	0.341	0.405	0.294	0.910	0.966	1.051	0.400	0.401	0.403	0.319	0.254	0.943	0.972	0.979	0.516	0.504	0.526	0.199	0.183	0.846	0.881	0.866	0.568	0.613	0.565	0.289	0.237	0.892	0.983	0.974	0.399	0.419	0.424	0.202	0.187	0.345	0.247	0.196	0.239	0.199	0.039	0.039	0.038
39:16:31	25.1	0.458	0.648	0.709	0.343	0.348	0.338	0.401	0.292	0.907	0.966	1.052	0.400	0.402	0.401	0.317	0.255	0.943	0.973	0.980	0.511	0.509	0.517	0.200	0.185	0.846	0.882	0.867	0.569	0.616	0.569	0.290	0.237	0.891	0.984	0.974	0.399	0.420	0.408	0.202	0.189	0.344	0.247	0.197	0.240	0.199	0.039	0.039	0.039
39:32:14	25.0	0.453	0.645	0.705	0.341	0.345	0.336	0.397	0.290	0.905	0.965	1.052	0.395	0.398	0.398	0.317	0.253	0.942	0.973	0.980	0.507	0.506	0.498	0.201	0.186	0.844	0.881	0.867	0.567	0.614	0.567	0.290	0.237	0.890	0.983	0.974	0.401	0.418	0.410	0.203	0.189	0.343	0.244	0.197	0.240	0.198	0.039	0.039	0.038
39:47:56	25.1	0.449	0.642	0.702	0.339	0.342	0.333	0.394	0.289	0.901	0.965	1.051	0.392	0.397	0.393	0.316	0.253	0.941	0.973	0.979	0.503	0.520	0.496	0.202	0.186	0.844	0.881	0.866	0.567	0.617	0.566	0.292	0.238	0.888	0.984	0.974	0.401	0.419	0.406	0.203	0.189	0.341	0.242	0.197	0.241	0.200	0.039	0.039	0.038
40:03:39	25.1	0.444	0.638	0.698	0.336	0.341	0.332	0.390	0.287	0.900	0.965	1.053	0.390	0.397	0.392	0.316	0.251	0.941	0.974	0.981	0.505	0.499	0.501	0.203	0.189	0.843	0.879	0.865	0.568	0.616	0.567	0.292	0.239	0.887	0.983	0.975	0.400	0.422	0.405	0.204	0.190	0.339	0.242	0.197	0.240	0.201	0.039	0.039	0.038
40:19:21	25.1	0.437	0.635	0.696	0.333	0.338	0.330	0.387	0.285	0.896	0.965	1.053	0.389	0.389	0.390	0.313	0.251	0.941	0.975	0.981	0.502	0.501	0.521	0.203	0.189	0.842	0.880	0.865	0.567	0.616	0.566	0.294	0.239	0.886	0.984	0.975	0.401	0.422	0.406	0.205	0.191	0.337	0.240	0.198	0.240	0.201	0.039	0.039	0.038
40:35:04	25.1	0.432	0.632	0.692	0.331	0.335	0.328	0.384	0.282	0.893	0.964	1.052	0.385	0.389	0.388	0.313	0.249	0.940	0.975	0.980	0.503	0.497	0.494	0.203	0.190	0.841	0.879	0.866	0.566	0.614	0.565	0.293	0.240	0.883	0.983	0.976	0.421	0.416	0.407	0.205	0.191	0.335	0.237	0.198	0.241	0.202	0.039	0.039	0.038
40:50:47	25.0	0.426	0.628	0.689	0.329	0.334	0.325	0.380	0.279	0.890	0.963	1.053	0.386	0.387	0.388	0.313	0.247	0.940	0.975	0.981	0.500	0.494	0.495	0.205	0.191	0.840	0.879	0.864	0.566	0.614	0.569	0.294	0.240	0.883	0.984	0.975	0.399	0.420	0.405	0.206	0.193	0.334	0.236	0.200	0.241	0.202	0.039	0.039	0.038
41:06:29	25.1	0.420	0.626	0.685	0.327	0.332	0.324	0.378	0.278	0.886	0.965	1.054	0.380	0.383	0.384	0.312	0.248	0.940	0.975	0.981	0.504	0.496	0.497	0.204	0.195	0.840	0.879	0.865	0.570	0.617	0.570	0.294	0.240	0.881	0.983	0.975	0.399	0.419	0.407	0.206	0.192	0.332	0.233	0.201	0.240	0.203	0.039	0.039	0.038
41:22:12	25.1	0.414	0.622	0.682	0.324	0.329	0.321	0.376	0.277	0.882	0.963	1.054	0.380	0.382	0.381	0.312	0.246	0.939	0.975	0.982	0.507	0.488	0.494	0.206	0.193	0.838	0.878	0.864	0.570	0.617	0.570	0.294	0.241	0.880	0.983	0.976	0.399	0.420	0.408	0.206	0.192	0.332	0.231	0.200	0.241	0.203	0.039	0.039	0.038
41:37:55	25.1	0.408	0.618	0.679	0.322	0.327	0.320	0.371	0.274	0.879	0.963	1.054	0.379	0.382	0.382	0.311	0.245	0.938	0.976	0.982	0.497	0.490	0.492	0.206	0.196	0.838	0.879	0.864	0.573	0.618	0.570	0.294	0.241	0.878	0.983	0.976	0.433	0.416	0.410	0.207	0.193	0.328	0.229	0.201	0.240	0.203	0.039	0.039	0.038
41:53:37	25.1	0.402	0.617	0.676	0.320	0.326	0.318	0.368	0.271	0.876	0.963	1.054	0.376	0.381	0.379	0.310	0.243	0.938	0.975	0.983	0.494	0.489	0.497	0.207	0.194	0.836	0.877	0.863	0.570	0.619	0.570	0.294	0.242	0.877	0.984	0.976	0.404	0.418	0.404	0.207	0.194	0.327	0.228	0.201	0.241	0.203	0.039	0.039	0.038
42:09:20	25.1	0.395	0.613	0.672	0.318	0.323	0.316	0.365	0.270	0.871	0.961	1.055	0.374	0.378	0.376	0.310	0.242	0.937	0.976	0.984	0.492	0.488	0.480	0.207	0.195	0.836	0.877	0.865	0.571	0.617	0.570	0.294	0.242	0.875	0.983	0.977	0.401	0.418	0.406	0.208	0.196	0.327	0.226	0.201	0.239	0.203	0.039	0.039	0.038
42:25:02	25.1	0.390	0.612	0.670	0.316	0.322	0.315	0.363	0.267	0.869	0.962	1.055	0.375	0.376	0.375	0.308	0.241	0.936	0.977	0.984	0.495	0.482	0.485	0.208	0.197	0.835	0.878	0.864	0.573	0.619	0.571	0.294	0.243	0.874	0.984	0.976	0.416	0.419	0.407	0.208	0.196	0.324	0.223	0.203	0.240	0.202	0.039	0.039	0.038
42:40:45	25.1	0.383	0.608	0.667	0.316	0.320	0.313	0.359	0.265	0.866	0.962	1.056	0.374	0.375	0.370	0.308	0.240	0.935	0.977	0.984	0.491	0.480	0.486	0.209	0.198	0.834	0.877	0.863	0.573	0.621	0.573	0.294	0.243	0.872	0.983	0.977	0.399	0.419	0.413	0.209	0.196	0.323	0.221	0.201	0.238	0.203	0.039	0.039	0.038
42:56:28	25.1	0.378	0.605	0.664	0.313	0.319	0.312	0.358	0.262	0.862	0.962	1.056	0.371	0.371	0.372	0.308	0.239	0.933	0.978	0.985	0.487	0.482	0.482	0.208	0.197	0.833	0.877	0.864	0.572	0.621	0.574	0.295	0.244	0.871	0.983	0.978	0.402	0.424	0.408	0.210	0.198	0.321	0.219	0.203	0.239	0.202	0.039	0.039	0.038
43:12:10	25.1	0.371	0.602	0.661	0.312	0.317	0.310	0.354	0.260	0.859	0.962	1.058	0.370	0.371	0.371	0.308	0.237	0.935	0.978	0.984	0.488	0.483	0.476	0.208	0.198	0.833	0.877	0.863	0.572	0.621	0.574	0.294	0.243	0.869	0.984	0.978	0.402	0.420	0.407	0.209	0.197	0.320	0.217	0.201	0.239	0.204	0.039	0.039	0.038
43:27:53	25.1	0.365	0.599	0.658	0.310	0.316	0.309	0.350	0.257	0.855	0.962	1.058	0.366	0.371	0.368	0.307	0.235	0.935	0.974	0.984	0.490	0.483	0.479	0.209	0.201	0.832	0.877	0.864	0.574	0.623	0.573	0.292	0.243	0.868	0.983	0.977	0.421	0.419	0.406	0.209	0.198	0.318	0.215	0.202	0.237	0.203	0.039	0.039	0.038
43:43:36	25.1	0.360	0.598	0.655	0.309	0.314	0.308	0.348	0.255	0.852	0.961	1.058	0.361	0.369	0.364	0.308	0.234	0.936	0.976	0.985	0.485	0.478	0.492	0.210	0.200	0.831	0.878	0.864	0.575	0.624	0.573	0.293	0.243	0.866	0.984	0.978	0.403	0.423	0.408	0.210	0.198	0.319	0.214	0.203	0.237	0.203	0.039	0.039	0.038
43:59:18	25.1	0.352	0.595	0.652	0.308	0.313	0.306	0.345	0.253	0.849	0.961	1.059	0.364	0.366	0.365	0.305	0.232	0.936	0.978	0.987	0.487	0.476	0.478	0.210	0.201	0.831	0.877	0.864	0.573	0.625	0.575	0.293	0.243	0.864	0.984	0.978	0.425	0.423	0.411	0.210	0.199	0.315	0.214	0.203	0.234	0.203	0.039	0.039	0.038
44:15:01	25.1	0.346	0.592	0.649	0.306	0.311	0.305	0.344	0.251	0.846	0.957	1.058	0.362	0.367	0.364	0.305	0.230	0.936	0.979	0.990	0.484	0.477	0.478	0.210	0.201	0.830	0.878	0.865	0.576	0.623	0.577	0.293	0.243	0.863	0.983	0.979	0.404	0.418	0.406	0.210	0.201	0.313	0.212	0.202	0.233	0.203	0.039	0.039	0.038
44:30:44	25.1	0.340	0.590	0.646	0.305	0.310	0.304	0.341	0.247	0.841	0.957	1.056	0.365	0.364	0.362	0.305	0.230	0.936	0.982	0.991	0.483	0.475	0.475	0.211	0.202	0.830	0.878	0.866	0.578	0.623	0.577	0.292	0.244	0.860	0.984	0.979	0.412	0.421	0.412	0.210	0.201	0.311	0.211	0.202	0.233	0.203	0.039	0.039	0.038
44:46:26	25.1	0.335	0.586	0.645	0.304	0.310	0.302	0.339	0.246	0.837	0.954	1.055	0.361	0.362	0.357	0.304	0.227	0.935	0.982	0.991	0.479	0.474	0.473	0.211	0.202	0.829	0.877	0.865	0.577	0.623	0.576	0.291	0.243	0.859	0.984	0.979	0.407	0.425	0.405	0.211	0.200	0.309	0.209	0.200	0.232	0.203	0.039	0.039	0.038
45:02:09	25.0	0.329	0.585	0.642	0.303	0.308	0.302	0.336	0.243	0.833	0.953	1.054	0.360	0.361	0.359	0.303	0.226	0.934	0.982	0.992	0.475	0.471	0.475	0.212	0.203	0.828	0.878	0.865	0.579	0.621	0.578	0.292	0.243	0.857	0.984	0.981	0.403	0.422	0.405	0.211	0.201	0.307	0.208	0.202	0.231	0.203	0.039	0.039	0.038
45:17:52	25.1	0.324	0.580	0.639	0.301	0.307	0.300	0.333	0.239	0.830	0.952	1.055	0.356	0.358	0.358	0.301	0.225	0.929	0.983	0.993	0.478	0.472	0.468	0.213	0.204	0.828	0.878	0.866	0.577	0.621	0.578	0.290	0.243	0.857	0.984	0.981	0.403	0.422	0.406	0.212	0.202	0.305	0.206	0.199	0.232	0.203	0.039	0.039	0.038
45:33:34	25.1	0.318	0.576	0.635	0.301	0.306	0.300	0.330	0.237	0.826	0.951	1.054	0.356	0.357	0.355	0.300	0.223	0.924	0.984	0.992	0.473	0.470	0.469	0.212	0.204	0.827	0.878	0.865	0.580	0.624	0.580	0.290	0.242	0.855	0.985	0.982	0.402	0.420	0.410	0.212	0.201	0.303	0.205	0.202	0.227	0.203	0.039	0.039	0.038
45:49:17	25.1	0.312	0.574	0.632	0.300	0.305	0.298	0.328	0.234	0.822	0.949	1.054	0.356	0.356	0.354	0.299	0.221	0.919	0.981	0.989	0.474	0.477	0.472	0.213	0.204	0.827	0.878	0.866	0.581	0.624	0.578	0.291	0.242	0.854	0.985	0.981	0.415	0.423	0.407	0.213	0.203	0.302	0.203	0.201	0.226	0.203	0.039	0.039	0.038
46:05:00	25.1	0.305	0.571	0.629	0.299	0.304	0.298	0.326	0.230	0.819	0.949	1.053	0.351	0.354	0.353	0.298	0.221	0.914	0.977	0.987	0.473	0.468	0.481	0.213	0.206	0.826	0.878	0.867	0.581	0.627	0.581	0.289	0.242	0.849	0.985	0.982	0.409	0.423	0.406	0.213	0.203	0.299	0.202	0.200	0.224	0.203	0.039	0.039	0.038
46:20:43	25.0	0.298	0.568	0.628	0.298	0.303	0.296	0.323	0.228	0.815	0.948	1.054	0.349	0.355	0.351	0.297	0.218	0.909	0.972	0.983	0.477	0.474	0.465	0.213	0.206	0.825	0.879	0.866	0.581	0.627	0.580	0.290	0.242	0.843	0.987	0.984	0.404	0.422	0.406	0.213	0.203	0.298	0.202	0.199	0.223	0.203	0.039	0.039	0.038
46:36:25	25.0	0.290	0.568	0.627	0.296	0.302	0.295	0.320	0.224	0.813	0.947	1.054	0.351	0.352	0.350	0.296	0.217	0.905	0.969	0.979	0.471	0.464	0.472	0.214	0.207	0.824	0.878	0.866	0.582	0.629	0.582	0.290	0.240	0.839	0.988	0.986	0.423	0.424	0.404	0.214	0.204	0.296	0.201	0.199	0.223	0.202	0.039	0.039	0.038
46:52:08	25.0	0.280	0.566	0.626	0.295	0.301	0.294	0.317	0.221	0.810	0.946	1.053	0.350	0.351	0.350	0.296	0.215	0.900	0.965	0.975	0.475	0.466	0.459	0.214	0.207	0.823	0.878	0.866	0.583	0.629	0.581	0.289	0.240	0.834	0.987	0.986	0.399	0.426	0.410	0.214	0.206	0.293	0.200	0.198	0.222	0.203	0.039	0.039	0.038
47:07:51	25.1	0.269	0.563	0.624	0.295	0.300	0.292	0.314	0.217	0.806	0.944	1.052	0.349	0.353	0.346	0.295	0.213	0.896	0.961	0.971	0.469	0.470	0.460	0.214	0.207	0.823	0.879	0.867	0.584	0.629	0.580	0.288	0.239	0.828	0.985	0.985	0.412	0.423	0.409	0.215	0.205	0.291	0.198	0.199	0.218	0.202	0.039	0.039	0.038
47:23:33	25.1	0.259	0.561	0.623	0.293	0.299	0.291	0.312	0.215	0.803	0.942	1.052	0.346	0.350	0.344	0.341	0.211	0.891	0.956	0.968	0.487	0.464	0.460	0.215	0.208	0.822	0.878	0.867	0.583	0.629	0.582	0.288	0.239	0.823	0.982	0.983	0.407	0.421	0.408	0.215	0.205	0.289	0.197	0.199	0.218	0.202	0.039	0.039	0.038
47:39:16	25.1	0.250	0.560	0.622	0.292	0.298	0.289	0.310	0.212	0.800	0.941	1.051	0.345	0.351	0.345	0.292	0.209	0.887	0.953	0.964	0.474	0.461	0.457	0.215	0.209	0.821	0.879	0.867	0.585	0.633	0.583	0.288	0.238	0.817	0.979	0.979	0.405	0.420	0.405	0.216	0.206	0.287	0.195	0.197	0.217	0.203	0.039	0.039	0.038
47:54:59	25.1	0.239	0.557	0.619	0.291	0.297	0.288	0.307	0.208	0.797	0.938	1.051	0.345	0.348	0.348	0.292	0.208	0.883	0.950	0.961	0.465	0.460	0.457	0.215	0.209	0.819	0.878	0.866	0.586	0.632	0.585	0.288	0.238	0.812	0.975	0.978	0.400	0.420	0.405	0.215	0.206	0.284	0.195	0.196	0.215	0.203	0.039	0.039	0.038
48:10:41	25.1	0.229	0.551	0.616	0.290	0.296	0.287	0.304	0.206	0.793	0.937	1.050	0.340	0.349	0.344	0.290	0.207	0.879	0.946	0.958	0.465	0.462	0.457	0.215	0.209	0.818	0.878	0.867	0.589	0.631	0.585	0.288	0.237	0.807	0.971	0.974	0.399	0.421	0.407	0.216	0.208	0.282	0.193	0.196	0.214	0.202	0.039	0.039	0.038
48:26:24	25.1	0.219	0.544	0.609	0.290	0.295	0.286	0.302	0.201	0.789	0.935	1.049	0.345	0.348	0.342	0.289	0.206	0.874	0.943	0.955	0.472	0.457	0.456	0.216	0.209	0.818	0.878	0.866	0.588	0.632	0.583	0.287	0.237	0.801	0.967	0.971	0.404	0.419	0.409	0.217	0.207	0.279	0.192	0.195	0.211	0.203	0.039	0.039	0.038
48:42:07	25.1	0.210	0.538	0.602	0.289	0.293	0.285	0.300	0.198	0.786	0.932	1.047	0.343	0.347	0.337	0.287	0.203	0.871	0.940	0.952	0.466	0.464	0.457	0.216	0.210	0.817	0.878	0.867	0.589	0.631	0.585	0.287	0.236	0.797	0.964	0.968	0.402	0.422	0.405	0.218	0.206	0.276	0.191	0.193	0.210	0.202	0.039	0.039	0.038
48:57:50	25.1	0.199	0.533	0.597	0.288	0.293	0.283	0.297	0.194	0.782	0.928	1.045	0.345	0.345	0.342	0.286	0.202	0.867	0.936	0.949	0.461	0.461	0.460	0.216	0.210	0.816	0.878	0.866	0.590	0.632	0.583	0.286	0.235	0.791	0.961	0.965	0.414	0.426	0.406	0.217	0.207	0.275	0.190	0.193	0.209	0.203	0.039	0.039	0.038
49:13:32	25.1	0.189	0.527	0.591	0.287	0.291	0.282	0.295	0.191	0.778	0.923	1.043	0.337	0.341	0.339	0.285	0.201	0.862	0.933	0.945	0.465	0.456	0.456	0.216	0.210	0.815	0.877	0.866	0.591	0.638	0.590	0.286	0.235	0.785	0.958	0.962	0.409	0.425	0.405	0.218	0.208	0.272	0.188	0.193	0.207	0.202	0.039	0.039	0.038
49:29:15	25.1	0.177	0.522	0.586	0.286	0.290	0.281	0.293	0.188	0.772	0.919	1.039	0.338	0.339	0.333	0.283	0.199	0.858	0.930	0.943	0.462	0.452	0.452	0.216	0.210	0.814	0.877	0.866	0.591	0.637	0.587	0.286	0.234	0.780	0.954	0.959	0.401	0.424	0.407	0.218	0.208	0.268	0.186	0.191	0.206	0.202	0.039	0.039	0.038
49:44:57	25.1	0.165	0.516	0.580	0.285	0.289	0.279	0.291	0.182	0.767	0.914	1.035	0.337	0.340	0.338	0.281	0.197	0.854	0.926	0.939	0.458	0.455	0.465	0.216	0.211	0.811	0.877	0.867	0.593	0.634	0.589	0.285	0.233	0.775	0.950	0.955	0.403	0.423	0.407	0.219	0.208	0.266	0.185	0.191	0.204	0.200	0.039	0.039	0.038
50:00:40	25.1	0.154	0.509	0.574	0.284	0.287	0.278	0.288	0.180	0.762	0.911	1.032	0.339	0.346	0.336	0.281	0.196	0.850	0.923	0.936	0.456	0.458	0.450	0.217	0.210	0.811	0.877	0.866	0.597	0.636	0.594	0.284	0.232	0.769	0.946	0.952	0.400	0.420	0.405	0.219	0.208	0.264	0.184	0.190	0.204	0.200	0.039	0.039	0.038
50:16:23	25.1	0.141	0.504	0.569	0.283	0.287	0.275	0.286	0.175	0.757	0.906	1.029	0.334	0.340	0.333	0.280	0.194	0.847	0.920	0.933	0.458	0.452	0.443	0.217	0.210	0.810	0.877	0.866	0.597	0.639	0.588	0.284	0.231	0.764	0.943	0.949	0.401	0.419	0.406	0.219	0.209	0.260	0.183	0.194	0.202	0.200	0.039	0.039	0.038
50:32:06	25.1	0.128	0.499	0.564	0.281	0.285	0.275	0.283	0.171	0.751	0.901	1.025	0.334	0.339	0.338	0.278	0.192	0.843	0.917	0.931	0.458	0.456	0.450	0.217	0.211	0.807	0.878	0.867	0.599	0.643	0.591	0.284	0.230	0.759	0.939	0.946	0.404	0.420	0.417	0.220	0.208	0.257	0.181	0.189	0.200	0.199	0.039	0.038	0.038
