Time	Temp_C	L0B1-100_1	L0D1-100_1	L0F1-100_1	L0B1-100_2	L0D1-100_2	L0F1-100_2	L0B1-100_3	L0D1-100_3	L0B2-100_1	L0D2-100_1	L0F2-100_1	L0B2-100_2	L0D2-100_2	L0F2-100_2	L0B2-100_3	L0D2-100_3	L0B3-100_1	L0D3-100_1	L0F3-100_1	L0B3-100_2	L0D3-100_2	L0F3-100_2	L0B3-100_3	L0D3-100_3	L0B4-100_1	L0D4-100_1	L0F4-100_1	L0B4-100_2	L0D4-100_2	L0F4-100_2	L0B4-100_3	L0D4-100_3	L0B5-100_1	L0D5-100_1	L0F5-100_1	L0B5-100_2	L0D5-100_2	L0F5-100_2	L0B5-100_3	L0D5-100_3	L0F1-100_3	L0F2-100_3	L0F3-100_3	L0F4-100_3	L0F5-100_3	blank_media_1	blank_media_2	blank_water_1
0:00:00	25.0	0.055	0.042	0.044	0.056	0.042	0.046	0.056	0.042	0.054	0.043	0.049	0.055	0.044	0.049	0.055	0.042	0.051	0.044	0.053	0.052	0.044	0.053	0.050	0.044	0.052	0.043	0.044	0.053	0.044	0.045	0.053	0.043	0.053	0.043	0.055	0.055	0.043	0.056	0.056	0.043	0.045	0.049	0.053	0.045	0.053	0.040	0.040	0.039
0:15:43	25.1	0.054	0.042	0.045	0.055	0.042	0.046	0.055	0.042	0.054	0.043	0.049	0.054	0.044	0.049	0.054	0.043	0.051	0.044	0.053	0.052	0.043	0.053	0.050	0.043	0.052	0.043	0.044	0.053	0.044	0.045	0.053	0.043	0.054	0.043	0.055	0.056	0.043	0.056	0.056	0.043	0.045	0.049	0.053	0.046	0.053	0.040	0.040	0.039
0:31:25	25.1	0.055	0.042	0.045	0.056	0.042	0.047	0.056	0.042	0.055	0.043	0.050	0.054	0.044	0.049	0.055	0.042	0.051	0.043	0.053	0.052	0.043	0.053	0.050	0.043	0.052	0.043	0.045	0.053	0.043	0.046	0.053	0.043	0.054	0.043	0.056	0.056	0.043	0.056	0.056	0.043	0.046	0.050	0.053	0.046	0.053	0.040	0.039	0.039
0:47:08	25.1	0.055	0.042	0.046	0.056	0.042	0.048	0.056	0.042	0.055	0.043	0.051	0.055	0.044	0.050	0.055	0.042	0.052	0.044	0.054	0.053	0.043	0.054	0.050	0.043	0.052	0.043	0.045	0.053	0.044	0.046	0.053	0.043	0.055	0.043	0.057	0.057	0.043	0.057	0.058	0.043	0.047	0.051	0.054	0.047	0.054	0.040	0.040	0.039
1:02:50	25.1	0.056	0.042	0.047	0.057	0.042	0.048	0.059	0.042	0.056	0.043	0.052	0.056	0.044	0.051	0.056	0.042	0.052	0.044	0.055	0.053	0.043	0.055	0.050	0.043	0.053	0.043	0.046	0.054	0.044	0.047	0.054	0.043	0.056	0.043	0.058	0.058	0.043	0.058	0.058	0.043	0.047	0.052	0.055	0.047	0.056	0.040	0.040	0.039
1:18:33	25.1	0.057	0.042	0.047	0.058	0.043	0.049	0.058	0.042	0.057	0.044	0.052	0.057	0.044	0.052	0.057	0.042	0.053	0.044	0.056	0.054	0.043	0.056	0.051	0.043	0.054	0.043	0.047	0.055	0.044	0.047	0.057	0.043	0.057	0.043	0.060	0.060	0.043	0.059	0.059	0.043	0.048	0.053	0.056	0.048	0.057	0.039	0.039	0.039
1:34:15	25.1	0.058	0.042	0.048	0.058	0.043	0.050	0.058	0.042	0.058	0.044	0.053	0.059	0.044	0.053	0.058	0.042	0.053	0.044	0.057	0.055	0.044	0.057	0.051	0.044	0.054	0.043	0.047	0.055	0.044	0.048	0.056	0.043	0.059	0.043	0.061	0.060	0.043	0.060	0.060	0.044	0.049	0.054	0.057	0.049	0.058	0.039	0.039	0.039
1:49:58	25.1	0.059	0.042	0.049	0.060	0.043	0.051	0.060	0.043	0.060	0.044	0.054	0.060	0.045	0.054	0.060	0.042	0.054	0.044	0.058	0.056	0.044	0.058	0.052	0.044	0.056	0.043	0.048	0.056	0.044	0.049	0.056	0.044	0.060	0.043	0.062	0.062	0.043	0.062	0.062	0.044	0.050	0.055	0.058	0.050	0.059	0.039	0.040	0.039
2:05:40	25.1	0.063	0.043	0.049	0.061	0.043	0.052	0.061	0.043	0.062	0.044	0.056	0.062	0.045	0.055	0.062	0.043	0.055	0.044	0.059	0.057	0.044	0.059	0.053	0.044	0.057	0.043	0.049	0.058	0.044	0.050	0.057	0.044	0.062	0.043	0.064	0.064	0.044	0.063	0.064	0.043	0.051	0.056	0.059	0.050	0.061	0.040	0.040	0.039
2:21:23	25.1	0.062	0.043	0.051	0.063	0.043	0.054	0.063	0.043	0.064	0.044	0.057	0.064	0.045	0.057	0.064	0.043	0.056	0.045	0.060	0.059	0.044	0.060	0.054	0.044	0.059	0.043	0.050	0.060	0.045	0.050	0.059	0.044	0.064	0.043	0.066	0.067	0.044	0.065	0.066	0.044	0.052	0.057	0.060	0.051	0.062	0.040	0.040	0.039
2:37:05	25.1	0.064	0.043	0.051	0.065	0.043	0.053	0.065	0.043	0.067	0.046	0.058	0.067	0.045	0.058	0.067	0.043	0.058	0.045	0.062	0.060	0.044	0.062	0.055	0.044	0.060	0.043	0.050	0.062	0.045	0.051	0.061	0.044	0.068	0.043	0.068	0.070	0.044	0.066	0.069	0.044	0.053	0.059	0.062	0.052	0.063	0.040	0.040	0.039
2:52:48	25.1	0.067	0.043	0.052	0.069	0.043	0.055	0.068	0.043	0.071	0.045	0.060	0.070	0.045	0.060	0.070	0.043	0.060	0.045	0.063	0.063	0.044	0.064	0.056	0.044	0.063	0.043	0.052	0.065	0.045	0.052	0.063	0.044	0.073	0.043	0.070	0.074	0.044	0.068	0.073	0.044	0.054	0.060	0.063	0.053	0.066	0.040	0.040	0.039
3:08:30	25.1	0.070	0.043	0.054	0.074	0.044	0.057	0.071	0.043	0.075	0.045	0.061	0.075	0.045	0.061	0.073	0.043	0.062	0.045	0.065	0.065	0.045	0.065	0.058	0.045	0.065	0.043	0.052	0.067	0.045	0.053	0.066	0.044	0.076	0.044	0.072	0.079	0.044	0.070	0.077	0.044	0.055	0.062	0.065	0.055	0.067	0.040	0.040	0.039
3:24:13	25.1	0.074	0.043	0.056	0.075	0.044	0.058	0.075	0.043	0.079	0.045	0.063	0.080	0.045	0.063	0.079	0.043	0.065	0.046	0.067	0.068	0.045	0.067	0.060	0.045	0.068	0.044	0.054	0.071	0.045	0.055	0.068	0.044	0.082	0.044	0.074	0.085	0.044	0.072	0.084	0.045	0.057	0.064	0.067	0.056	0.069	0.039	0.039	0.039
3:39:55	25.1	0.080	0.043	0.057	0.080	0.044	0.060	0.080	0.044	0.086	0.045	0.065	0.086	0.046	0.065	0.085	0.043	0.067	0.045	0.069	0.072	0.045	0.069	0.062	0.045	0.071	0.044	0.055	0.074	0.045	0.056	0.072	0.045	0.089	0.044	0.078	0.092	0.044	0.074	0.090	0.045	0.072	0.065	0.069	0.057	0.071	0.039	0.039	0.039
3:55:37	25.1	0.084	0.044	0.059	0.086	0.044	0.062	0.086	0.044	0.092	0.045	0.068	0.094	0.046	0.068	0.092	0.044	0.071	0.046	0.071	0.076	0.045	0.072	0.065	0.045	0.075	0.044	0.057	0.078	0.046	0.058	0.076	0.045	0.097	0.044	0.081	0.101	0.044	0.078	0.098	0.045	0.060	0.068	0.071	0.059	0.074	0.040	0.039	0.039
4:11:19	25.1	0.089	0.044	0.060	0.091	0.044	0.064	0.093	0.044	0.102	0.045	0.070	0.100	0.046	0.070	0.097	0.044	0.074	0.046	0.074	0.081	0.046	0.074	0.068	0.046	0.079	0.044	0.058	0.084	0.046	0.059	0.081	0.045	0.106	0.044	0.085	0.110	0.044	0.081	0.108	0.045	0.063	0.070	0.073	0.061	0.076	0.039	0.039	0.039
4:27:02	25.1	0.097	0.044	0.062	0.100	0.044	0.066	0.100	0.044	0.110	0.046	0.073	0.110	0.047	0.073	0.105	0.044	0.079	0.046	0.076	0.085	0.046	0.077	0.072	0.046	0.084	0.044	0.060	0.089	0.046	0.061	0.086	0.045	0.116	0.045	0.089	0.121	0.045	0.084	0.117	0.045	0.064	0.073	0.076	0.063	0.080	0.040	0.040	0.039
4:42:44	25.1	0.104	0.044	0.066	0.107	0.045	0.069	0.109	0.045	0.120	0.046	0.076	0.128	0.047	0.076	0.114	0.044	0.084	0.046	0.080	0.090	0.046	0.080	0.076	0.046	0.090	0.044	0.062	0.095	0.047	0.063	0.092	0.045	0.127	0.045	0.094	0.132	0.045	0.088	0.127	0.045	0.068	0.076	0.078	0.065	0.083	0.040	0.040	0.039
4:58:27	25.1	0.117	0.045	0.069	0.119	0.045	0.072	0.120	0.045	0.133	0.046	0.080	0.141	0.047	0.079	0.128	0.044	0.089	0.047	0.083	0.097	0.046	0.084	0.080	0.046	0.098	0.045	0.065	0.105	0.047	0.066	0.099	0.046	0.141	0.045	0.100	0.147	0.045	0.093	0.142	0.046	0.068	0.079	0.082	0.067	0.087	0.040	0.040	0.039
5:14:09	25.1	0.128	0.045	0.070	0.130	0.045	0.075	0.129	0.045	0.146	0.046	0.084	0.144	0.047	0.083	0.138	0.044	0.095	0.047	0.087	0.104	0.046	0.088	0.084	0.047	0.104	0.045	0.067	0.112	0.047	0.067	0.106	0.046	0.154	0.045	0.105	0.159	0.045	0.099	0.149	0.046	0.072	0.083	0.085	0.070	0.090	0.039	0.039	0.039
5:29:51	25.1	0.142	0.045	0.074	0.144	0.045	0.078	0.142	0.045	0.162	0.047	0.088	0.171	0.047	0.087	0.157	0.045	0.103	0.048	0.094	0.112	0.047	0.093	0.090	0.047	0.114	0.045	0.070	0.123	0.047	0.070	0.115	0.046	0.167	0.045	0.111	0.172	0.045	0.103	0.165	0.046	0.075	0.087	0.089	0.073	0.096	0.040	0.040	0.039
5:45:34	25.1	0.164	0.045	0.077	0.161	0.046	0.084	0.153	0.045	0.182	0.047	0.093	0.174	0.048	0.092	0.178	0.045	0.112	0.048	0.102	0.121	0.047	0.097	0.098	0.047	0.124	0.045	0.073	0.133	0.047	0.074	0.124	0.046	0.189	0.045	0.120	0.190	0.046	0.110	0.178	0.046	0.078	0.091	0.093	0.076	0.101	0.040	0.040	0.039
6:01:16	25.1	0.180	0.045	0.082	0.177	0.046	0.087	0.171	0.045	0.216	0.047	0.098	0.201	0.048	0.097	0.192	0.045	0.120	0.048	0.105	0.136	0.047	0.104	0.106	0.047	0.135	0.045	0.077	0.144	0.048	0.077	0.134	0.046	0.216	0.046	0.130	0.214	0.046	0.116	0.201	0.046	0.082	0.097	0.098	0.080	0.106	0.039	0.039	0.039
6:16:59	25.1	0.191	0.046	0.086	0.191	0.046	0.091	0.182	0.046	0.233	0.047	0.104	0.236	0.048	0.103	0.220	0.046	0.130	0.048	0.112	0.146	0.048	0.112	0.115	0.048	0.142	0.045	0.080	0.152	0.048	0.080	0.143	0.047	0.238	0.046	0.142	0.239	0.046	0.124	0.222	0.047	0.086	0.102	0.103	0.084	0.112	0.039	0.039	0.039
6:32:41	25.1	0.221	0.046	0.091	0.219	0.046	0.097	0.202	0.046	0.278	0.048	0.111	0.255	0.048	0.110	0.240	0.046	0.145	0.049	0.118	0.166	0.048	0.120	0.127	0.048	0.153	0.046	0.085	0.167	0.048	0.084	0.154	0.047	0.270	0.046	0.151	0.260	0.046	0.132	0.245	0.047	0.091	0.107	0.107	0.088	0.119	0.039	0.039	0.039
6:48:23	25.1	0.249	0.046	0.095	0.243	0.047	0.104	0.224	0.046	0.287	0.048	0.117	0.279	0.050	0.116	0.261	0.046	0.164	0.049	0.127	0.177	0.048	0.127	0.137	0.048	0.168	0.046	0.089	0.185	0.048	0.089	0.170	0.047	0.299	0.046	0.165	0.284	0.047	0.143	0.268	0.047	0.099	0.114	0.113	0.092	0.126	0.039	0.039	0.039
7:04:06	25.1	0.262	0.046	0.102	0.266	0.047	0.111	0.244	0.046	0.319	0.048	0.125	0.303	0.049	0.124	0.285	0.046	0.181	0.049	0.136	0.189	0.048	0.138	0.152	0.050	0.184	0.046	0.094	0.201	0.049	0.094	0.187	0.048	0.322	0.047	0.179	0.308	0.047	0.153	0.290	0.047	0.103	0.122	0.119	0.098	0.134	0.039	0.039	0.039
7:19:48	25.1	0.294	0.047	0.108	0.284	0.047	0.117	0.266	0.046	0.345	0.048	0.134	0.331	0.049	0.133	0.307	0.047	0.198	0.050	0.147	0.204	0.049	0.146	0.162	0.049	0.200	0.047	0.100	0.215	0.049	0.100	0.201	0.048	0.336	0.047	0.192	0.329	0.047	0.165	0.311	0.048	0.109	0.130	0.127	0.104	0.143	0.039	0.039	0.039
7:35:31	25.1	0.287	0.047	0.115	0.290	0.047	0.125	0.272	0.047	0.368	0.049	0.143	0.345	0.050	0.142	0.326	0.047	0.205	0.050	0.160	0.217	0.049	0.159	0.172	0.049	0.214	0.047	0.106	0.236	0.049	0.106	0.214	0.048	0.358	0.047	0.210	0.352	0.047	0.181	0.329	0.048	0.114	0.138	0.134	0.110	0.155	0.039	0.039	0.039
7:51:13	25.1	0.310	0.047	0.125	0.308	0.048	0.136	0.288	0.047	0.391	0.049	0.152	0.372	0.050	0.153	0.337	0.047	0.219	0.051	0.173	0.234	0.049	0.171	0.185	0.049	0.238	0.047	0.113	0.264	0.049	0.112	0.238	0.048	0.388	0.047	0.229	0.373	0.048	0.193	0.353	0.048	0.122	0.148	0.142	0.117	0.166	0.040	0.039	0.039
8:06:56	25.1	0.336	0.047	0.134	0.334	0.048	0.145	0.314	0.047	0.429	0.049	0.165	0.408	0.051	0.162	0.365	0.047	0.235	0.051	0.187	0.247	0.049	0.183	0.198	0.049	0.264	0.047	0.120	0.293	0.050	0.120	0.264	0.049	0.412	0.047	0.250	0.391	0.048	0.209	0.366	0.048	0.131	0.158	0.152	0.124	0.178	0.039	0.039	0.039
8:22:38	25.0	0.362	0.047	0.144	0.357	0.048	0.157	0.340	0.047	0.452	0.050	0.178	0.433	0.050	0.173	0.394	0.047	0.250	0.051	0.204	0.268	0.050	0.199	0.209	0.049	0.296	0.047	0.128	0.323	0.050	0.128	0.289	0.049	0.430	0.047	0.273	0.407	0.048	0.229	0.379	0.049	0.139	0.169	0.168	0.133	0.191	0.039	0.039	0.039
8:38:21	25.1	0.383	0.048	0.152	0.376	0.048	0.171	0.359	0.048	0.477	0.050	0.190	0.457	0.050	0.188	0.417	0.048	0.275	0.052	0.222	0.295	0.050	0.218	0.228	0.050	0.330	0.048	0.138	0.357	0.050	0.136	0.320	0.049	0.449	0.048	0.303	0.423	0.048	0.247	0.391	0.049	0.147	0.182	0.174	0.141	0.207	0.039	0.039	0.039
8:54:03	25.1	0.405	0.048	0.167	0.400	0.048	0.185	0.381	0.048	0.498	0.050	0.205	0.478	0.051	0.202	0.434	0.048	0.308	0.052	0.238	0.313	0.050	0.235	0.246	0.050	0.366	0.048	0.147	0.387	0.051	0.146	0.351	0.049	0.467	0.048	0.322	0.440	0.049	0.265	0.403	0.049	0.158	0.195	0.186	0.152	0.224	0.039	0.039	0.039
9:09:46	25.1	0.426	0.048	0.183	0.421	0.049	0.202	0.403	0.048	0.517	0.050	0.221	0.499	0.051	0.216	0.453	0.048	0.324	0.053	0.260	0.336	0.050	0.254	0.266	0.051	0.398	0.048	0.158	0.418	0.051	0.156	0.377	0.049	0.485	0.048	0.349	0.456	0.049	0.289	0.416	0.049	0.172	0.209	0.201	0.162	0.241	0.039	0.039	0.039
9:25:28	25.1	0.452	0.049	0.195	0.448	0.049	0.218	0.425	0.048	0.536	0.051	0.239	0.521	0.051	0.233	0.474	0.049	0.352	0.053	0.283	0.366	0.051	0.274	0.287	0.051	0.427	0.048	0.169	0.446	0.051	0.167	0.402	0.050	0.500	0.049	0.377	0.473	0.049	0.311	0.431	0.050	0.183	0.225	0.215	0.173	0.260	0.039	0.039	0.039
9:41:10	25.1	0.478	0.049	0.213	0.473	0.049	0.235	0.449	0.048	0.562	0.051	0.256	0.550	0.052	0.253	0.500	0.049	0.392	0.053	0.306	0.393	0.051	0.297	0.307	0.051	0.459	0.048	0.182	0.474	0.052	0.179	0.429	0.050	0.518	0.049	0.402	0.493	0.050	0.338	0.447	0.050	0.211	0.243	0.231	0.186	0.279	0.039	0.039	0.039
9:56:53	25.0	0.506	0.049	0.234	0.504	0.050	0.254	0.472	0.049	0.587	0.051	0.277	0.575	0.052	0.269	0.525	0.049	0.422	0.055	0.330	0.415	0.052	0.319	0.334	0.052	0.488	0.049	0.196	0.497	0.052	0.193	0.452	0.051	0.537	0.049	0.433	0.514	0.050	0.365	0.466	0.050	0.212	0.260	0.247	0.200	0.301	0.039	0.039	0.039
10:12:35	25.1	0.540	0.049	0.253	0.536	0.050	0.275	0.503	0.049	0.616	0.052	0.296	0.603	0.052	0.289	0.549	0.049	0.450	0.055	0.355	0.440	0.052	0.344	0.362	0.052	0.512	0.049	0.212	0.525	0.053	0.207	0.475	0.051	0.563	0.050	0.462	0.544	0.050	0.393	0.489	0.051	0.230	0.281	0.264	0.214	0.324	0.039	0.039	0.039
10:28:17	25.1	0.574	0.050	0.278	0.573	0.050	0.299	0.535	0.049	0.643	0.052	0.317	0.635	0.053	0.310	0.580	0.050	0.476	0.054	0.381	0.460	0.052	0.367	0.380	0.052	0.537	0.049	0.228	0.553	0.053	0.224	0.502	0.051	0.592	0.050	0.491	0.572	0.051	0.420	0.518	0.051	0.256	0.301	0.282	0.229	0.348	0.039	0.039	0.039
10:44:00	25.1	0.610	0.050	0.298	0.608	0.050	0.318	0.572	0.049	0.676	0.052	0.341	0.666	0.053	0.331	0.609	0.050	0.497	0.054	0.406	0.482	0.052	0.391	0.401	0.053	0.565	0.049	0.246	0.585	0.053	0.241	0.528	0.051	0.625	0.050	0.535	0.606	0.051	0.449	0.550	0.051	0.266	0.323	0.301	0.248	0.371	0.039	0.039	0.039
10:59:42	25.1	0.647	0.050	0.323	0.645	0.051	0.344	0.607	0.050	0.711	0.053	0.364	0.702	0.054	0.357	0.642	0.050	0.521	0.054	0.440	0.502	0.053	0.418	0.420	0.054	0.593	0.050	0.265	0.617	0.054	0.259	0.559	0.053	0.655	0.051	0.543	0.636	0.051	0.474	0.579	0.051	0.298	0.344	0.321	0.266	0.395	0.039	0.039	0.039
11:15:25	25.1	0.682	0.051	0.346	0.680	0.051	0.368	0.641	0.050	0.747	0.053	0.387	0.736	0.054	0.381	0.674	0.051	0.537	0.055	0.469	0.526	0.053	0.447	0.441	0.054	0.625	0.050	0.285	0.653	0.054	0.278	0.590	0.052	0.691	0.051	0.569	0.673	0.052	0.502	0.610	0.051	0.309	0.367	0.342	0.284	0.419	0.039	0.039	0.039
11:31:07	25.1	0.715	0.051	0.369	0.716	0.052	0.393	0.678	0.050	0.782	0.053	0.411	0.772	0.054	0.406	0.707	0.051	0.560	0.055	0.492	0.552	0.053	0.475	0.459	0.055	0.657	0.050	0.306	0.684	0.055	0.297	0.623	0.053	0.725	0.051	0.597	0.705	0.052	0.529	0.644	0.052	0.332	0.391	0.363	0.304	0.440	0.039	0.039	0.039
11:46:50	25.1	0.725	0.053	0.398	0.729	0.052	0.417	0.710	0.050	0.812	0.054	0.438	0.800	0.055	0.427	0.737	0.051	0.583	0.056	0.520	0.577	0.054	0.497	0.483	0.055	0.691	0.051	0.331	0.715	0.056	0.318	0.656	0.053	0.759	0.052	0.621	0.737	0.053	0.555	0.675	0.052	0.356	0.418	0.385	0.326	0.467	0.039	0.039	0.039
12:02:32	25.1	0.736	0.051	0.425	0.742	0.052	0.448	0.718	0.051	0.830	0.054	0.463	0.818	0.055	0.451	0.764	0.051	0.610	0.056	0.559	0.606	0.054	0.528	0.503	0.056	0.720	0.051	0.351	0.741	0.056	0.337	0.686	0.053	0.784	0.052	0.647	0.748	0.053	0.579	0.708	0.052	0.382	0.442	0.409	0.349	0.494	0.039	0.039	0.039
12:18:14	25.1	0.748	0.052	0.453	0.752	0.052	0.472	0.730	0.051	0.860	0.055	0.491	0.845	0.056	0.482	0.782	0.051	0.640	0.056	0.584	0.637	0.055	0.552	0.530	0.056	0.747	0.051	0.375	0.757	0.056	0.364	0.711	0.054	0.796	0.053	0.671	0.764	0.054	0.605	0.720	0.053	0.406	0.466	0.432	0.370	0.515	0.039	0.039	0.039
12:33:57	25.1	0.755	0.052	0.478	0.760	0.053	0.501	0.741	0.051	0.883	0.055	0.518	0.868	0.056	0.507	0.806	0.052	0.669	0.057	0.615	0.667	0.055	0.580	0.556	0.056	0.761	0.052	0.400	0.773	0.057	0.384	0.727	0.054	0.812	0.054	0.696	0.778	0.054	0.629	0.736	0.053	0.430	0.493	0.458	0.394	0.539	0.039	0.039	0.039
12:49:39	25.1	0.763	0.053	0.506	0.786	0.053	0.528	0.749	0.052	0.902	0.056	0.547	0.885	0.057	0.529	0.831	0.052	0.702	0.057	0.634	0.698	0.056	0.610	0.581	0.057	0.776	0.052	0.423	0.784	0.057	0.408	0.744	0.055	0.824	0.054	0.721	0.789	0.054	0.654	0.747	0.055	0.459	0.519	0.481	0.418	0.556	0.039	0.039	0.039
13:05:22	25.1	0.769	0.054	0.533	0.776	0.054	0.551	0.755	0.052	0.912	0.056	0.577	0.900	0.057	0.558	0.847	0.053	0.734	0.058	0.660	0.714	0.056	0.642	0.612	0.058	0.789	0.052	0.448	0.793	0.058	0.431	0.754	0.055	0.834	0.054	0.745	0.798	0.060	0.679	0.762	0.054	0.494	0.543	0.514	0.442	0.582	0.039	0.039	0.039
13:21:04	25.1	0.773	0.054	0.560	0.781	0.055	0.576	0.763	0.053	0.925	0.056	0.604	0.909	0.057	0.586	0.856	0.053	0.752	0.058	0.694	0.729	0.057	0.668	0.642	0.058	0.798	0.053	0.473	0.799	0.059	0.458	0.763	0.056	0.840	0.054	0.769	0.808	0.056	0.703	0.774	0.054	0.513	0.569	0.532	0.463	0.602	0.039	0.039	0.039
13:36:46	25.1	0.776	0.054	0.590	0.785	0.054	0.599	0.771	0.053	0.935	0.057	0.636	0.920	0.058	0.613	0.871	0.054	0.768	0.058	0.720	0.742	0.058	0.694	0.671	0.059	0.802	0.053	0.501	0.802	0.059	0.483	0.766	0.056	0.850	0.055	0.793	0.821	0.056	0.726	0.783	0.055	0.540	0.598	0.562	0.489	0.626	0.039	0.039	0.039
13:52:29	25.1	0.782	0.055	0.612	0.790	0.055	0.622	0.774	0.053	0.949	0.057	0.676	0.934	0.058	0.649	0.881	0.054	0.783	0.059	0.743	0.754	0.058	0.721	0.684	0.066	0.806	0.053	0.527	0.804	0.060	0.509	0.772	0.057	0.863	0.055	0.817	0.836	0.056	0.749	0.795	0.055	0.598	0.624	0.591	0.513	0.646	0.039	0.039	0.039
14:08:11	25.1	0.788	0.055	0.635	0.799	0.056	0.646	0.782	0.054	0.963	0.058	0.704	0.953	0.059	0.684	0.897	0.054	0.795	0.059	0.770	0.764	0.058	0.747	0.701	0.060	0.810	0.054	0.554	0.808	0.060	0.533	0.775	0.057	0.879	0.055	0.840	0.854	0.057	0.773	0.813	0.056	0.695	0.658	0.621	0.540	0.672	0.039	0.039	0.039
14:23:54	25.1	0.806	0.055	0.674	0.816	0.057	0.674	0.795	0.054	0.984	0.058	0.744	0.977	0.060	0.711	0.927	0.055	0.808	0.060	0.801	0.772	0.059	0.774	0.718	0.060	0.815	0.054	0.586	0.812	0.061	0.565	0.780	0.057	0.897	0.057	0.867	0.875	0.058	0.799	0.840	0.057	0.619	0.693	0.646	0.570	0.697	0.039	0.039	0.039
14:39:36	25.0	0.804	0.056	0.687	0.813	0.057	0.693	0.796	0.055	0.990	0.059	0.761	0.979	0.060	0.743	0.924	0.055	0.810	0.063	0.820	0.778	0.059	0.797	0.724	0.060	0.816	0.055	0.608	0.811	0.061	0.584	0.780	0.058	0.909	0.056	0.887	0.881	0.059	0.821	0.847	0.059	0.641	0.722	0.664	0.595	0.714	0.039	0.039	0.039
14:55:19	25.1	0.810	0.057	0.712	0.820	0.058	0.712	0.799	0.055	0.999	0.059	0.793	0.988	0.061	0.768	0.941	0.055	0.817	0.062	0.844	0.790	0.060	0.824	0.734	0.061	0.816	0.056	0.637	0.813	0.062	0.613	0.781	0.058	0.922	0.057	0.908	0.892	0.059	0.843	0.855	0.059	0.665	0.750	0.688	0.622	0.735	0.039	0.039	0.039
15:11:01	25.1	0.817	0.057	0.734	0.827	0.058	0.734	0.806	0.056	1.011	0.060	0.823	0.999	0.062	0.801	0.952	0.056	0.827	0.063	0.871	0.799	0.061	0.852	0.742	0.062	0.817	0.056	0.663	0.817	0.063	0.640	0.782	0.059	0.932	0.057	0.928	0.903	0.060	0.865	0.871	0.060	0.691	0.783	0.714	0.645	0.755	0.039	0.039	0.039
15:26:44	25.1	0.820	0.058	0.756	0.839	0.059	0.759	0.814	0.057	1.016	0.061	0.851	1.005	0.062	0.832	0.961	0.057	0.837	0.063	0.896	0.807	0.062	0.878	0.745	0.063	0.821	0.056	0.691	0.820	0.063	0.667	0.785	0.059	0.941	0.058	0.948	0.910	0.067	0.888	0.880	0.061	0.713	0.810	0.738	0.672	0.775	0.039	0.039	0.039
15:42:26	25.1	0.827	0.059	0.784	0.846	0.061	0.784	0.820	0.057	1.021	0.061	0.876	1.011	0.063	0.856	0.970	0.057	0.842	0.064	0.920	0.812	0.062	0.904	0.753	0.063	0.824	0.057	0.717	0.826	0.064	0.693	0.787	0.060	0.948	0.058	0.966	0.919	0.066	0.907	0.891	0.068	0.750	0.848	0.763	0.702	0.797	0.039	0.039	0.039
15:58:09	25.1	0.830	0.060	0.807	0.848	0.060	0.808	0.824	0.057	1.024	0.062	0.902	1.017	0.063	0.883	0.976	0.057	0.849	0.065	0.945	0.815	0.063	0.929	0.766	0.064	0.831	0.057	0.744	0.832	0.065	0.719	0.793	0.060	0.957	0.059	0.985	0.928	0.063	0.927	0.900	0.069	0.829	0.874	0.784	0.731	0.821	0.039	0.039	0.039
16:13:51	25.1	0.834	0.060	0.830	0.853	0.061	0.828	0.828	0.058	1.031	0.062	0.928	1.026	0.064	0.911	0.983	0.058	0.853	0.066	0.968	0.818	0.063	0.952	0.773	0.066	0.837	0.058	0.772	0.838	0.065	0.744	0.797	0.061	0.965	0.060	1.002	0.936	0.071	0.943	0.906	0.068	0.795	0.898	0.809	0.761	0.840	0.039	0.039	0.039
16:29:34	25.1	0.837	0.061	0.853	0.857	0.065	0.855	0.832	0.059	1.041	0.063	0.956	1.036	0.065	0.942	0.992	0.058	0.857	0.067	0.992	0.819	0.064	0.974	0.780	0.066	0.842	0.058	0.804	0.845	0.066	0.773	0.804	0.061	0.973	0.060	1.019	0.943	0.067	0.958	0.915	0.070	0.834	0.924	0.830	0.789	0.858	0.039	0.039	0.039
16:45:16	25.1	0.839	0.062	0.874	0.861	0.064	0.876	0.836	0.060	1.052	0.063	0.987	1.047	0.065	0.972	1.004	0.059	0.858	0.068	1.013	0.819	0.065	0.997	0.786	0.066	0.848	0.059	0.838	0.850	0.067	0.804	0.809	0.062	0.981	0.062	1.034	0.950	0.067	0.973	0.922	0.071	0.846	0.949	0.851	0.826	0.875	0.039	0.039	0.039
17:00:59	25.1	0.843	0.065	0.896	0.863	0.066	0.897	0.838	0.060	1.063	0.063	1.009	1.058	0.066	0.999	1.012	0.059	0.856	0.069	1.035	0.819	0.066	1.019	0.789	0.067	0.853	0.059	0.871	0.856	0.068	0.838	0.815	0.062	0.991	0.064	1.048	0.959	0.073	0.988	0.932	0.077	0.920	0.974	0.873	0.858	0.892	0.039	0.039	0.039
17:16:41	25.1	0.845	0.064	0.916	0.867	0.071	0.916	0.841	0.062	1.076	0.064	1.034	1.071	0.067	1.027	1.027	0.060	0.858	0.070	1.056	0.820	0.067	1.041	0.790	0.068	0.858	0.060	0.897	0.861	0.069	0.866	0.820	0.063	0.997	0.063	1.061	0.967	0.071	1.003	0.940	0.080	0.874	0.992	0.894	0.886	0.907	0.039	0.039	0.039
17:32:24	25.1	0.847	0.068	0.935	0.870	0.070	0.935	0.846	0.064	1.087	0.064	1.049	1.082	0.067	1.047	1.035	0.060	0.856	0.071	1.076	0.818	0.068	1.062	0.792	0.069	0.866	0.061	0.923	0.868	0.069	0.894	0.826	0.063	1.007	0.067	1.074	0.975	0.077	1.018	0.948	0.083	0.896	1.011	0.914	0.908	0.921	0.039	0.039	0.039
17:48:06	25.1	0.849	0.068	0.954	0.873	0.070	0.952	0.846	0.064	1.103	0.065	1.066	1.096	0.068	1.067	1.050	0.061	0.854	0.072	1.096	0.818	0.069	1.084	0.795	0.069	0.870	0.061	0.947	0.872	0.070	0.919	0.830	0.064	1.013	0.066	1.086	0.982	0.082	1.032	0.953	0.090	0.939	1.030	0.933	0.931	0.934	0.039	0.039	0.039
18:03:49	25.1	0.850	0.072	0.969	0.876	0.074	0.969	0.848	0.065	1.114	0.066	1.075	1.111	0.069	1.084	1.062	0.061	0.852	0.073	1.115	0.818	0.069	1.102	0.794	0.070	0.877	0.062	0.967	0.877	0.071	0.940	0.836	0.065	1.021	0.070	1.097	0.988	0.086	1.046	0.963	0.096	0.922	1.050	0.954	0.957	0.948	0.039	0.039	0.039
18:19:31	25.1	0.851	0.076	0.985	0.877	0.075	0.985	0.851	0.067	1.125	0.066	1.079	1.123	0.069	1.091	1.077	0.062	0.852	0.074	1.135	0.819	0.069	1.122	0.795	0.071	0.880	0.062	0.990	0.882	0.072	0.961	0.841	0.065	1.028	0.074	1.109	0.995	0.086	1.059	0.971	0.098	0.944	1.023	0.973	0.980	0.962	0.039	0.039	0.039
18:35:13	25.1	0.854	0.076	1.003	0.881	0.079	1.002	0.854	0.070	1.135	0.067	1.093	1.135	0.071	1.095	1.088	0.062	0.851	0.076	1.156	0.818	0.071	1.144	0.794	0.071	0.883	0.063	1.009	0.887	0.073	0.983	0.845	0.066	1.034	0.075	1.122	1.001	0.096	1.073	0.976	0.108	0.953	1.037	0.992	1.001	0.975	0.039	0.039	0.039
18:50:56	25.1	0.855	0.080	1.018	0.884	0.081	1.017	0.855	0.071	1.149	0.067	1.110	1.150	0.071	1.108	1.102	0.063	0.851	0.077	1.174	0.821	0.071	1.162	0.797	0.072	0.889	0.063	1.030	0.891	0.074	1.004	0.849	0.066	1.038	0.077	1.135	1.008	0.101	1.084	0.984	0.116	0.962	1.051	1.011	1.020	0.988	0.039	0.039	0.039
19:06:38	25.0	0.856	0.085	1.032	0.883	0.087	1.031	0.858	0.075	1.161	0.068	1.121	1.159	0.071	1.121	1.113	0.063	0.853	0.078	1.191	0.822	0.072	1.183	0.797	0.072	0.893	0.064	1.050	0.895	0.075	1.024	0.854	0.067	1.044	0.080	1.146	1.014	0.109	1.097	0.990	0.126	0.987	1.074	1.033	1.040	0.999	0.039	0.039	0.039
19:22:21	25.1	0.855	0.090	1.048	0.886	0.091	1.046	0.858	0.077	1.166	0.068	1.138	1.171	0.072	1.138	1.125	0.064	0.853	0.081	1.209	0.824	0.073	1.201	0.799	0.072	0.901	0.065	1.068	0.900	0.075	1.043	0.858	0.068	1.052	0.084	1.159	1.019	0.122	1.111	0.996	0.138	1.005	1.095	1.053	1.060	1.015	0.039	0.039	0.039
19:38:03	25.1	0.854	0.098	1.063	0.887	0.097	1.060	0.858	0.081	1.181	0.069	1.154	1.179	0.073	1.153	1.134	0.065	0.853	0.082	1.223	0.824	0.075	1.218	0.799	0.074	0.905	0.065	1.087	0.904	0.077	1.060	0.862	0.068	1.055	0.086	1.171	1.022	0.132	1.122	1.002	0.153	1.020	1.115	1.071	1.078	1.026	0.039	0.039	0.039
19:53:46	25.1	0.853	0.105	1.078	0.889	0.103	1.074	0.861	0.087	1.188	0.069	1.169	1.190	0.074	1.166	1.145	0.066	0.855	0.084	1.241	0.826	0.076	1.237	0.801	0.074	0.908	0.066	1.104	0.909	0.078	1.078	0.868	0.069	1.061	0.091	1.183	1.028	0.142	1.135	1.007	0.171	1.051	1.129	1.087	1.097	1.039	0.039	0.039	0.039
20:09:28	25.1	0.853	0.114	1.093	0.890	0.110	1.088	0.860	0.091	1.201	0.070	1.183	1.196	0.075	1.179	1.153	0.066	0.856	0.085	1.258	0.828	0.076	1.252	0.804	0.075	0.913	0.067	1.119	0.912	0.079	1.095	0.870	0.069	1.066	0.096	1.195	1.033	0.157	1.147	1.012	0.189	1.061	1.138	1.103	1.115	1.053	0.039	0.039	0.039
20:25:11	25.1	0.850	0.124	1.108	0.891	0.120	1.104	0.862	0.100	1.196	0.071	1.198	1.204	0.076	1.190	1.161	0.067	0.858	0.087	1.274	0.830	0.077	1.268	0.805	0.077	0.916	0.068	1.135	0.918	0.079	1.111	0.876	0.071	1.069	0.104	1.207	1.039	0.173	1.160	1.018	0.214	1.065	1.120	1.121	1.131	1.064	0.039	0.039	0.039
20:40:53	25.1	0.847	0.138	1.121	0.892	0.131	1.116	0.863	0.106	1.213	0.071	1.206	1.212	0.076	1.201	1.167	0.067	0.860	0.089	1.291	0.832	0.078	1.285	0.808	0.076	0.920	0.068	1.151	0.918	0.081	1.122	0.878	0.071	1.073	0.112	1.218	1.043	0.192	1.172	1.023	0.235	1.054	1.144	1.137	1.141	1.074	0.039	0.039	0.039
20:56:36	25.1	0.844	0.153	1.131	0.891	0.143	1.128	0.863	0.116	1.218	0.072	1.213	1.217	0.076	1.208	1.173	0.068	0.861	0.092	1.305	0.835	0.079	1.300	0.809	0.078	0.923	0.069	1.164	0.923	0.082	1.139	0.881	0.072	1.079	0.124	1.229	1.046	0.212	1.184	1.028	0.264	1.065	1.185	1.155	1.156	1.084	0.039	0.039	0.039
21:12:18	25.1	0.840	0.174	1.143	0.892	0.162	1.138	0.864	0.129	1.225	0.073	1.232	1.223	0.078	1.231	1.183	0.069	0.863	0.094	1.318	0.836	0.080	1.313	0.810	0.079	0.927	0.070	1.178	0.926	0.083	1.155	0.884	0.073	1.083	0.137	1.241	1.052	0.240	1.196	1.032	0.292	1.104	1.198	1.171	1.172	1.095	0.039	0.039	0.039
21:28:01	25.1	0.837	0.194	1.154	0.894	0.179	1.150	0.865	0.142	1.228	0.073	1.248	1.229	0.079	1.243	1.191	0.070	0.866	0.096	1.327	0.840	0.081	1.321	0.814	0.080	0.931	0.071	1.193	0.930	0.084	1.166	0.887	0.074	1.088	0.154	1.251	1.055	0.269	1.209	1.037	0.317	1.138	1.209	1.187	1.184	1.105	0.039	0.039	0.039
21:43:43	25.1	0.833	0.220	1.167	0.894	0.202	1.161	0.862	0.159	1.232	0.074	1.259	1.232	0.080	1.255	1.190	0.070	0.866	0.099	1.331	0.841	0.082	1.327	0.815	0.080	0.934	0.071	1.207	0.932	0.086	1.180	0.892	0.076	1.090	0.173	1.263	1.059	0.295	1.221	1.041	0.342	1.116	1.216	1.202	1.197	1.117	0.039	0.039	0.039
21:59:26	25.0	0.827	0.250	1.178	0.893	0.227	1.173	0.862	0.177	1.242	0.074	1.274	1.242	0.081	1.268	1.203	0.071	0.869	0.103	1.334	0.844	0.083	1.327	0.818	0.080	0.937	0.073	1.221	0.937	0.087	1.195	0.894	0.077	1.094	0.194	1.274	1.062	0.329	1.232	1.044	0.362	1.114	1.225	1.214	1.209	1.127	0.039	0.039	0.039
22:15:08	25.1	0.823	0.280	1.190	0.892	0.252	1.185	0.863	0.207	1.248	0.075	1.288	1.246	0.082	1.278	1.209	0.072	0.871	0.107	1.335	0.846	0.085	1.327	0.820	0.082	0.939	0.073	1.235	0.939	0.088	1.209	0.896	0.077	1.095	0.221	1.282	1.064	0.362	1.244	1.048	0.380	1.114	1.239	1.227	1.220	1.139	0.039	0.039	0.039
22:30:51	25.1	0.818	0.314	1.202	0.892	0.281	1.196	0.860	0.226	1.240	0.076	1.299	1.252	0.082	1.293	1.214	0.072	0.872	0.111	1.333	0.847	0.085	1.324	0.821	0.082	0.944	0.074	1.245	0.942	0.089	1.222	0.900	0.079	1.098	0.253	1.292	1.069	0.394	1.254	1.052	0.393	1.131	1.249	1.239	1.232	1.149	0.039	0.039	0.039
22:46:33	25.1	0.812	0.345	1.213	0.893	0.309	1.207	0.863	0.251	1.248	0.076	1.312	1.258	0.083	1.304	1.215	0.073	0.875	0.117	1.331	0.853	0.087	1.322	0.824	0.084	0.945	0.075	1.257	0.945	0.090	1.237	0.903	0.079	1.099	0.286	1.299	1.070	0.416	1.266	1.053	0.408	1.170	1.258	1.250	1.243	1.158	0.039	0.039	0.039
23:02:16	25.1	0.808	0.374	1.224	0.893	0.342	1.218	0.862	0.279	1.261	0.076	1.325	1.255	0.084	1.317	1.224	0.074	0.879	0.122	1.328	0.855	0.088	1.321	0.828	0.086	0.946	0.076	1.270	0.947	0.092	1.246	0.904	0.080	1.104	0.318	1.303	1.072	0.437	1.276	1.056	0.424	1.152	1.268	1.261	1.254	1.169	0.039	0.039	0.039
23:17:58	25.1	0.803	0.397	1.234	0.893	0.364	1.227	0.860	0.302	1.257	0.077	1.335	1.269	0.085	1.331	1.232	0.074	0.881	0.130	1.323	0.857	0.089	1.313	0.830	0.086	0.949	0.077	1.280	0.949	0.093	1.259	0.906	0.081	1.105	0.356	1.306	1.075	0.458	1.287	1.061	0.440	1.167	1.278	1.270	1.267	1.180	0.039	0.039	0.039
23:33:41	25.1	0.797	0.421	1.243	0.890	0.387	1.237	0.858	0.319	1.264	0.077	1.342	1.271	0.085	1.338	1.233	0.075	0.885	0.141	1.324	0.861	0.090	1.309	0.832	0.086	0.954	0.078	1.291	0.952	0.094	1.270	0.910	0.082	1.107	0.388	1.306	1.077	0.479	1.295	1.062	0.459	1.153	1.287	1.275	1.277	1.190	0.039	0.039	0.039
23:49:23	25.1	0.793	0.442	1.252	0.891	0.413	1.245	0.858	0.337	1.269	0.078	1.347	1.271	0.087	1.347	1.239	0.076	0.888	0.154	1.314	0.865	0.091	1.305	0.836	0.088	0.955	0.079	1.303	0.955	0.096	1.282	0.914	0.084	1.108	0.420	1.305	1.080	0.502	1.303	1.066	0.481	1.163	1.295	1.277	1.282	1.201	0.039	0.039	0.039
24:05:06	25.1	0.788	0.463	1.260	0.891	0.435	1.254	0.858	0.352	1.263	0.078	1.349	1.273	0.087	1.347	1.242	0.076	0.891	0.166	1.439	0.868	0.093	1.337	0.838	0.089	0.958	0.080	1.312	0.956	0.097	1.290	0.915	0.084	1.113	0.447	1.304	1.079	0.532	1.309	1.068	0.508	1.168	1.300	1.277	1.292	1.210	0.039	0.039	0.039
24:20:48	25.1	0.784	0.480	1.269	0.890	0.457	1.262	0.855	0.367	1.264	0.079	1.351	1.280	0.089	1.348	1.249	0.077	0.894	0.184	1.403	0.871	0.093	1.301	0.843	0.089	0.960	0.081	1.323	0.959	0.099	1.301	0.916	0.086	1.114	0.471	1.301	1.084	0.560	1.312	1.069	0.532	1.273	1.301	1.275	1.298	1.220	0.039	0.039	0.039
24:36:31	25.1	0.777	0.504	1.276	0.890	0.480	1.269	0.855	0.384	1.277	0.080	1.349	1.282	0.089	1.350	1.243	0.079	0.898	0.203	1.530	0.873	0.095	1.348	0.844	0.090	0.962	0.082	1.333	0.960	0.101	1.312	0.918	0.086	1.115	0.495	1.298	1.082	0.591	1.313	1.072	0.557	1.179	1.300	1.271	1.303	1.228	0.039	0.039	0.039
24:52:13	25.1	0.774	0.528	1.284	0.889	0.506	1.277	0.855	0.400	1.275	0.081	1.347	1.280	0.091	1.349	1.254	0.079	0.899	0.230	1.450	0.875	0.096	1.403	0.847	0.090	0.963	0.083	1.338	0.961	0.102	1.318	0.917	0.088	1.113	0.516	1.294	1.085	0.619	1.313	1.071	0.582	1.220	1.299	1.268	1.308	1.238	0.039	0.039	0.039
25:07:56	25.1	0.768	0.553	1.290	0.888	0.535	1.283	0.854	0.419	1.277	0.082	1.343	1.283	0.093	1.345	1.250	0.080	0.903	0.256	1.325	0.876	0.097	1.306	0.850	0.091	0.962	0.084	1.342	0.960	0.104	1.324	0.919	0.089	1.117	0.541	1.290	1.086	0.647	1.312	1.078	0.608	1.184	1.295	1.263	1.313	1.247	0.039	0.039	0.039
25:23:38	25.1	0.762	0.583	1.295	0.885	0.562	1.286	0.850	0.440	1.282	0.083	1.342	1.284	0.093	1.340	1.257	0.080	0.905	0.287	1.387	0.880	0.098	1.292	0.852	0.091	0.964	0.085	1.345	0.962	0.106	1.327	0.920	0.090	1.119	0.566	1.288	1.085	0.675	1.310	1.078	0.616	1.192	1.291	1.258	1.315	1.255	0.039	0.039	0.039
25:39:21	25.1	0.757	0.610	1.298	0.885	0.593	1.289	0.849	0.460	1.276	0.083	1.339	1.285	0.094	1.338	1.261	0.081	0.907	0.322	1.403	0.881	0.100	1.292	0.856	0.092	0.965	0.087	1.342	0.962	0.108	1.328	0.920	0.092	1.116	0.592	1.284	1.090	0.690	1.307	1.076	0.630	1.198	1.290	1.254	1.314	1.261	0.039	0.039	0.039
25:55:03	25.1	0.751	0.636	1.300	0.883	0.621	1.289	0.848	0.483	1.280	0.084	1.338	1.292	0.095	1.334	1.258	0.082	0.910	0.360	1.366	0.884	0.101	1.280	0.860	0.095	0.965	0.087	1.341	0.961	0.110	1.326	0.919	0.093	1.119	0.619	1.281	1.090	0.705	1.304	1.078	0.646	1.199	1.285	1.248	1.313	1.267	0.039	0.039	0.039
26:10:46	25.1	0.743	0.663	1.300	0.882	0.648	1.288	0.847	0.506	1.274	0.084	1.329	1.284	0.096	1.331	1.264	0.083	0.911	0.401	1.416	0.886	0.103	1.293	0.861	0.096	0.965	0.089	1.337	0.962	0.111	1.328	0.921	0.094	1.123	0.645	1.279	1.091	0.724	1.300	1.081	0.660	1.197	1.280	1.256	1.310	1.270	0.039	0.039	0.039
26:26:28	25.1	0.737	0.688	1.298	0.881	0.665	1.285	0.845	0.529	1.274	0.086	1.327	1.288	0.098	1.329	1.260	0.083	0.913	0.437	1.383	0.888	0.106	1.334	0.865	0.096	0.967	0.090	1.333	0.962	0.114	1.325	0.918	0.096	1.123	0.676	1.275	1.096	0.738	1.298	1.084	0.673	1.195	1.275	1.242	1.307	1.271	0.039	0.039	0.039
26:42:11	25.1	0.727	0.694	1.294	0.880	0.681	1.281	0.844	0.550	1.278	0.086	1.328	1.285	0.099	1.327	1.254	0.084	0.915	0.472	1.438	0.890	0.107	1.321	0.866	0.097	0.967	0.092	1.328	0.962	0.115	1.320	0.918	0.097	1.127	0.704	1.272	1.098	0.752	1.294	1.086	0.684	1.190	1.271	1.235	1.304	1.271	0.039	0.039	0.039
26:57:54	25.1	0.720	0.710	1.291	0.879	0.697	1.277	0.843	0.564	1.275	0.087	1.319	1.272	0.099	1.323	1.255	0.085	0.916	0.507	1.440	0.889	0.108	1.348	0.868	0.098	0.965	0.093	1.322	0.961	0.116	1.315	0.917	0.099	1.124	0.728	1.269	1.099	0.762	1.292	1.085	0.696	1.285	1.269	1.233	1.301	1.269	0.039	0.039	0.039
27:13:36	25.1	0.710	0.719	1.286	0.877	0.708	1.273	0.842	0.574	1.260	0.088	1.322	1.271	0.099	1.324	1.265	0.086	0.917	0.537	1.472	0.890	0.110	1.345	0.869	0.099	0.964	0.094	1.318	0.960	0.119	1.310	0.916	0.100	1.130	0.745	1.266	1.099	0.775	1.288	1.087	0.708	1.178	1.264	1.228	1.296	1.265	0.039	0.039	0.039
27:29:18	25.1	0.703	0.738	1.281	0.876	0.722	1.267	0.838	0.585	1.261	0.088	1.312	1.269	0.101	1.315	1.257	0.087	0.918	0.569	1.520	0.890	0.111	1.301	0.869	0.100	0.966	0.096	1.317	0.961	0.120	1.305	0.917	0.101	1.131	0.755	1.265	1.099	0.786	1.286	1.091	0.721	1.234	1.261	1.226	1.293	1.263	0.039	0.039	0.038
27:45:01	25.1	0.695	0.742	1.277	0.876	0.734	1.263	0.840	0.594	1.265	0.089	1.310	1.276	0.101	1.315	1.248	0.088	0.918	0.597	1.465	0.891	0.113	1.406	0.872	0.101	0.966	0.097	1.312	0.961	0.123	1.304	0.915	0.103	1.125	0.769	1.261	1.105	0.799	1.282	1.089	0.732	1.168	1.256	1.222	1.287	1.259	0.039	0.039	0.038
28:00:43	25.1	0.685	0.751	1.271	0.874	0.745	1.258	0.836	0.601	1.260	0.090	1.309	1.269	0.102	1.315	1.248	0.088	0.919	0.622	1.425	0.892	0.115	1.337	0.873	0.102	0.963	0.099	1.307	0.960	0.124	1.299	0.916	0.104	1.130	0.780	1.259	1.101	0.808	1.280	1.093	0.736	1.223	1.252	1.220	1.284	1.256	0.039	0.039	0.038
28:16:26	25.1	0.680	0.762	1.266	0.874	0.758	1.252	0.835	0.607	1.260	0.091	1.304	1.263	0.103	1.315	1.250	0.089	0.919	0.646	1.417	0.892	0.117	1.389	0.873	0.102	0.965	0.100	1.304	0.960	0.127	1.294	0.915	0.106	1.120	0.790	1.257	1.101	0.814	1.278	1.095	0.744	1.243	1.248	1.241	1.281	1.253	0.039	0.039	0.039
28:32:08	25.1	0.669	0.774	1.261	0.872	0.770	1.247	0.834	0.612	1.244	0.092	1.300	1.254	0.105	1.309	1.250	0.090	0.920	0.656	1.461	0.893	0.118	1.422	0.874	0.103	0.963	0.102	1.299	0.960	0.129	1.291	0.914	0.108	1.118	0.796	1.255	1.096	0.822	1.274	1.094	0.752	1.141	1.244	1.214	1.275	1.247	0.039	0.039	0.039
28:47:51	25.1	0.660	0.788	1.256	0.870	0.778	1.242	0.829	0.620	1.236	0.094	1.300	1.240	0.106	1.308	1.243	0.090	0.918	0.664	1.460	0.892	0.121	1.397	0.875	0.104	0.964	0.104	1.298	0.960	0.130	1.289	0.915	0.110	1.116	0.805	1.254	1.102	0.831	1.272	1.084	0.764	1.197	1.240	1.285	1.271	1.243	0.039	0.039	0.039
29:03:33	25.1	0.656	0.792	1.252	0.870	0.786	1.237	0.827	0.628	1.229	0.095	1.297	1.231	0.106	1.306	1.231	0.092	0.917	0.675	1.494	0.892	0.123	1.396	0.876	0.106	0.965	0.105	1.294	0.962	0.133	1.286	0.914	0.112	1.126	0.812	1.253	1.103	0.844	1.269	1.086	0.778	1.128	1.238	1.209	1.267	1.239	0.039	0.039	0.039
29:19:16	25.1	0.647	0.798	1.247	0.868	0.793	1.233	0.827	0.634	1.211	0.095	1.296	1.230	0.108	1.303	1.225	0.092	0.918	0.685	1.546	0.893	0.124	1.406	0.875	0.107	0.963	0.107	1.291	0.961	0.135	1.283	0.915	0.114	1.127	0.819	1.252	1.108	0.856	1.267	1.089	0.791	1.120	1.234	1.207	1.263	1.236	0.039	0.039	0.039
29:34:58	25.1	0.639	0.806	1.243	0.865	0.797	1.229	0.825	0.639	1.218	0.096	1.295	1.224	0.108	1.303	1.214	0.093	0.919	0.695	1.505	0.892	0.127	1.291	0.875	0.108	0.964	0.108	1.290	0.963	0.137	1.280	0.914	0.115	1.112	0.829	1.257	1.103	0.870	1.265	1.086	0.802	1.115	1.231	1.205	1.259	1.233	0.039	0.039	0.039
29:50:41	25.1	0.632	0.815	1.238	0.864	0.806	1.224	0.823	0.642	1.211	0.096	1.294	1.222	0.108	1.302	1.212	0.094	0.919	0.704	1.564	0.892	0.129	1.394	0.875	0.109	0.962	0.110	1.287	0.963	0.139	1.277	0.916	0.117	1.102	0.839	1.249	1.094	0.882	1.262	1.090	0.813	1.107	1.229	1.204	1.257	1.229	0.039	0.039	0.038
30:06:23	25.1	0.626	0.830	1.234	0.862	0.816	1.219	0.820	0.641	1.192	0.098	1.293	1.223	0.110	1.302	1.213	0.095	0.917	0.712	1.558	0.894	0.131	1.405	0.877	0.110	0.964	0.112	1.285	0.965	0.141	1.276	0.916	0.118	1.095	0.845	1.248	1.084	0.891	1.261	1.088	0.819	1.099	1.227	1.201	1.254	1.225	0.039	0.039	0.038
30:22:06	25.1	0.621	0.846	1.229	0.860	0.833	1.216	0.818	0.644	1.195	0.098	1.292	1.207	0.110	1.300	1.199	0.096	0.916	0.719	1.579	0.893	0.132	1.414	0.875	0.111	0.970	0.114	1.283	0.967	0.142	1.274	0.916	0.121	1.088	0.855	1.248	1.081	0.897	1.260	1.079	0.830	1.095	1.225	1.199	1.252	1.223	0.039	0.039	0.038
30:37:48	25.1	0.614	0.857	1.226	0.859	0.842	1.212	0.815	0.645	1.182	0.099	1.290	1.199	0.111	1.295	1.193	0.098	0.916	0.728	1.565	0.892	0.134	1.392	0.875	0.113	0.965	0.116	1.278	0.966	0.145	1.271	0.917	0.122	1.087	0.865	1.247	1.072	0.898	1.258	1.068	0.836	1.102	1.222	1.197	1.250	1.220	0.039	0.039	0.038
30:53:31	25.1	0.611	0.874	1.221	0.858	0.853	1.208	0.814	0.650	1.176	0.100	1.289	1.189	0.112	1.298	1.190	0.099	0.916	0.736	1.568	0.893	0.136	1.506	0.875	0.114	0.966	0.118	1.279	0.968	0.147	1.269	0.919	0.124	1.078	0.877	1.247	1.063	0.906	1.257	1.065	0.843	1.075	1.221	1.196	1.248	1.217	0.039	0.039	0.038
31:09:13	25.1	0.606	0.874	1.216	0.856	0.862	1.205	0.813	0.660	1.172	0.100	1.289	1.190	0.112	1.297	1.185	0.099	0.916	0.746	1.540	0.892	0.137	1.477	0.875	0.115	0.968	0.119	1.277	0.969	0.149	1.268	0.917	0.125	1.065	0.887	1.247	1.057	0.916	1.256	1.057	0.847	1.071	1.218	1.198	1.245	1.213	0.039	0.039	0.039
31:24:56	25.1	0.602	0.881	1.213	0.854	0.869	1.200	0.808	0.665	1.167	0.101	1.288	1.178	0.113	1.294	1.175	0.100	0.915	0.756	1.505	0.893	0.139	1.414	0.875	0.116	0.967	0.120	1.276	0.969	0.151	1.267	0.919	0.127	1.064	0.903	1.247	1.053	0.923	1.255	1.053	0.857	1.062	1.216	1.192	1.243	1.211	0.039	0.039	0.038
31:40:38	25.0	0.597	0.880	1.208	0.853	0.870	1.197	0.808	0.670	1.160	0.102	1.289	1.175	0.114	1.294	1.179	0.101	0.914	0.763	1.567	0.894	0.141	1.434	0.875	0.118	0.965	0.123	1.274	0.969	0.152	1.267	0.919	0.129	1.056	0.916	1.245	1.047	0.932	1.254	1.041	0.863	1.054	1.212	1.189	1.241	1.208	0.039	0.039	0.038
31:56:21	25.1	0.595	0.884	1.205	0.852	0.873	1.193	0.806	0.673	1.154	0.103	1.286	1.177	0.114	1.293	1.168	0.102	0.913	0.771	1.550	0.894	0.143	1.420	0.875	0.119	0.973	0.125	1.274	0.971	0.155	1.266	0.922	0.131	1.049	0.919	1.246	1.036	0.943	1.254	1.044	0.862	1.045	1.211	1.187	1.238	1.258	0.039	0.039	0.038
32:12:03	25.1	0.591	0.892	1.203	0.849	0.879	1.190	0.802	0.676	1.141	0.104	1.287	1.164	0.115	1.293	1.161	0.103	0.913	0.779	1.584	0.894	0.144	1.486	0.874	0.120	0.972	0.126	1.273	0.972	0.157	1.263	0.922	0.133	1.043	0.920	1.246	1.037	0.952	1.254	1.034	0.871	1.035	1.210	1.186	1.237	1.204	0.039	0.039	0.038
32:27:46	25.1	0.588	0.903	1.199	0.847	0.888	1.188	0.802	0.678	1.134	0.103	1.286	1.164	0.116	1.291	1.152	0.104	0.913	0.784	1.581	0.894	0.146	1.425	0.874	0.120	0.967	0.128	1.270	0.974	0.159	1.264	0.924	0.135	1.037	0.923	1.245	1.031	0.958	1.252	1.024	0.881	1.028	1.208	1.184	1.235	1.201	0.039	0.039	0.038
32:43:28	25.1	0.586	0.906	1.190	0.844	0.897	1.183	0.798	0.682	1.127	0.105	1.285	1.157	0.116	1.291	1.150	0.105	0.912	0.789	1.542	0.894	0.149	1.441	0.876	0.129	0.972	0.130	1.271	0.977	0.161	1.264	0.926	0.137	1.029	0.931	1.247	1.022	0.966	1.252	1.020	0.891	1.021	1.206	1.182	1.234	1.200	0.039	0.039	0.038
32:59:11	25.1	0.582	0.911	1.184	0.843	0.904	1.181	0.794	0.687	1.118	0.106	1.286	1.152	0.116	1.291	1.145	0.106	0.913	0.795	1.515	0.895	0.150	1.424	0.877	0.127	0.971	0.132	1.269	0.980	0.163	1.262	0.926	0.138	1.026	0.941	1.260	1.018	0.971	1.252	1.016	0.901	1.017	1.203	1.180	1.232	1.198	0.039	0.039	0.038
33:14:54	25.1	0.579	0.914	1.185	0.841	0.912	1.177	0.795	0.689	1.118	0.106	1.284	1.148	0.117	1.290	1.137	0.107	0.911	0.797	1.533	0.895	0.152	1.401	0.874	0.128	0.973	0.134	1.268	0.979	0.165	1.260	0.926	0.140	1.008	0.951	1.350	1.012	0.978	1.252	1.010	0.906	1.011	1.201	1.178	1.230	1.195	0.039	0.039	0.038
33:30:36	25.1	0.576	0.915	1.174	0.839	0.915	1.174	0.790	0.687	1.111	0.107	1.282	1.140	0.118	1.290	1.130	0.108	0.910	0.803	1.576	0.895	0.153	1.509	0.875	0.130	0.975	0.136	1.269	0.978	0.166	1.260	0.927	0.142	1.006	0.956	1.246	1.008	0.985	1.252	1.006	0.915	1.008	1.199	1.176	1.229	1.195	0.039	0.039	0.038
33:46:19	25.1	0.576	0.918	1.168	0.837	0.922	1.170	0.788	0.686	1.102	0.108	1.282	1.138	0.118	1.290	1.132	0.109	0.911	0.838	1.514	0.895	0.155	1.455	0.876	0.133	0.971	0.138	1.268	0.983	0.168	1.260	0.928	0.144	0.998	0.960	1.245	0.995	0.991	1.251	1.002	0.920	1.003	1.197	1.174	1.227	1.192	0.039	0.039	0.039
34:02:02	25.1	0.573	0.916	1.174	0.835	0.924	1.167	0.785	0.689	1.103	0.109	1.282	1.131	0.118	1.290	1.129	0.110	0.911	0.810	1.569	0.897	0.157	1.444	0.877	0.136	0.974	0.139	1.266	0.983	0.170	1.258	0.930	0.144	0.990	0.964	1.245	0.997	0.997	1.252	0.996	0.923	0.999	1.194	1.174	1.226	1.190	0.039	0.039	0.038
34:17:44	25.1	0.570	0.920	1.157	0.833	0.928	1.163	0.781	0.692	1.094	0.110	1.280	1.125	0.119	1.292	1.123	0.111	0.911	0.809	1.537	0.895	0.159	1.423	0.875	0.135	0.977	0.141	1.265	0.984	0.173	1.258	0.928	0.146	0.988	0.965	1.245	0.993	1.003	1.251	0.989	0.932	0.998	1.193	1.171	1.225	1.189	0.039	0.039	0.038
34:33:27	25.1	0.568	0.915	1.155	0.831	0.934	1.160	0.780	0.696	1.086	0.110	1.280	1.120	0.120	1.288	1.112	0.112	0.911	0.813	1.528	0.897	0.162	1.406	0.877	0.136	0.973	0.142	1.263	0.984	0.173	1.258	0.937	0.147	0.982	0.966	1.246	0.990	1.009	1.251	0.981	0.933	0.995	1.190	1.168	1.224	1.188	0.039	0.039	0.038
34:49:10	25.1	0.566	0.917	1.155	0.830	0.939	1.155	0.778	0.698	1.077	0.111	1.279	1.154	0.119	1.287	1.110	0.113	0.910	0.814	1.568	0.898	0.163	1.459	0.876	0.139	0.975	0.144	1.264	0.986	0.175	1.256	0.931	0.151	0.975	0.969	1.260	0.982	1.017	1.252	0.979	0.941	0.990	1.188	1.167	1.223	1.187	0.039	0.039	0.038
35:04:52	25.1	0.564	0.913	1.153	0.827	0.943	1.148	0.773	0.700	1.077	0.112	1.278	1.131	0.120	1.284	1.109	0.114	0.908	0.817	1.557	0.898	0.164	1.430	0.876	0.138	0.977	0.146	1.263	0.987	0.177	1.256	0.936	0.152	0.963	0.970	1.364	0.978	1.022	1.391	0.976	0.949	0.988	1.184	1.165	1.220	1.186	0.039	0.039	0.038
35:20:35	25.1	0.561	0.911	1.146	0.825	0.945	1.142	0.771	0.702	1.069	0.113	1.278	1.105	0.122	1.283	1.102	0.115	0.909	0.819	1.561	0.898	0.165	1.457	0.877	0.139	0.973	0.148	1.261	0.986	0.179	1.256	0.935	0.153	0.961	0.972	1.306	0.973	1.028	1.252	0.967	0.949	0.985	1.181	1.162	1.218	1.184	0.039	0.039	0.038
35:36:18	25.1	0.559	0.910	1.153	0.824	0.951	1.136	0.767	0.704	1.062	0.113	1.276	1.102	0.122	1.283	1.091	0.116	0.906	0.819	1.556	0.897	0.168	1.423	0.877	0.142	0.979	0.150	1.261	0.989	0.181	1.254	0.935	0.155	0.956	0.975	1.247	0.968	1.032	1.252	0.966	0.956	0.983	1.179	1.248	1.218	1.184	0.039	0.039	0.038
35:52:00	25.0	0.558	0.908	1.147	0.822	0.951	1.130	0.764	0.705	1.052	0.114	1.276	1.094	0.122	1.284	1.087	0.117	0.906	0.823	1.535	0.899	0.169	1.416	0.877	0.144	0.977	0.151	1.258	0.990	0.182	1.253	0.935	0.157	0.948	0.979	1.247	0.962	1.039	1.251	0.962	0.960	0.979	1.175	1.157	1.216	1.182	0.039	0.039	0.038
36:07:43	25.0	0.556	0.904	1.133	0.819	0.964	1.123	0.761	0.707	1.044	0.115	1.276	1.091	0.123	1.285	1.084	0.118	0.906	0.825	1.555	0.898	0.171	1.404	0.877	0.145	0.977	0.153	1.258	0.991	0.184	1.252	0.933	0.158	0.944	0.985	1.265	0.959	1.043	1.251	0.953	0.966	0.978	1.172	1.155	1.214	1.180	0.039	0.039	0.038
36:23:25	25.1	0.552	0.897	1.143	0.818	0.956	1.121	0.758	0.707	1.041	0.116	1.276	1.087	0.123	1.290	1.078	0.119	0.906	0.829	1.508	0.900	0.172	1.445	0.877	0.145	0.976	0.156	1.258	0.993	0.187	1.253	0.934	0.160	0.936	0.992	1.308	0.955	1.049	1.252	0.950	0.970	0.975	1.169	1.152	1.212	1.180	0.039	0.039	0.038
36:39:08	25.1	0.551	0.890	1.135	0.816	0.952	1.114	0.755	0.708	1.027	0.117	1.274	1.112	0.124	1.307	1.074	0.120	0.904	0.831	1.496	0.900	0.174	1.433	0.877	0.146	0.979	0.157	1.256	0.992	0.188	1.250	0.933	0.162	0.932	0.996	1.299	0.952	1.053	1.252	0.946	0.973	0.972	1.165	1.150	1.209	1.178	0.039	0.039	0.038
36:54:50	25.1	0.548	0.882	1.154	0.813	0.951	1.110	0.751	0.709	1.034	0.118	1.273	1.074	0.124	1.296	1.065	0.121	0.904	0.834	1.532	0.900	0.176	1.495	0.879	0.147	0.980	0.160	1.255	0.993	0.190	1.250	0.941	0.165	0.922	1.003	1.298	0.947	1.054	1.252	0.940	0.975	0.970	1.161	1.147	1.207	1.177	0.039	0.039	0.038
37:10:33	25.1	0.546	0.878	1.176	0.811	0.945	1.120	0.747	0.709	1.021	0.119	1.272	1.067	0.125	1.281	1.063	0.122	0.904	0.835	1.523	0.899	0.177	1.384	0.877	0.150	0.975	0.162	1.256	0.997	0.192	1.249	0.938	0.165	0.915	1.005	1.419	0.944	1.057	1.357	0.935	0.976	0.967	1.158	1.146	1.206	1.177	0.039	0.039	0.038
37:26:15	25.1	0.543	0.869	1.164	0.809	0.944	1.103	0.745	0.710	1.017	0.119	1.273	1.067	0.125	1.279	1.063	0.124	0.904	0.842	1.516	0.902	0.179	1.399	0.877	0.150	0.983	0.162	1.254	0.996	0.193	1.248	0.936	0.167	0.915	1.010	1.356	0.938	1.056	1.252	0.934	0.974	0.964	1.154	1.143	1.203	1.175	0.039	0.039	0.038
37:41:58	25.1	0.541	0.867	1.131	0.806	0.941	1.100	0.742	0.708	1.010	0.119	1.271	1.061	0.125	1.319	1.052	0.124	0.902	0.843	1.546	0.901	0.181	1.491	0.877	0.153	0.980	0.163	1.253	0.996	0.196	1.247	0.940	0.168	0.908	1.010	1.262	0.932	1.057	1.252	0.924	0.976	0.962	1.151	1.141	1.202	1.175	0.039	0.039	0.038
37:57:41	25.1	0.538	0.861	1.114	0.805	0.939	1.097	0.737	0.708	1.000	0.121	1.270	1.062	0.126	1.308	1.051	0.126	0.902	0.848	1.490	0.901	0.183	1.421	0.878	0.153	0.984	0.166	1.253	1.000	0.197	1.248	0.942	0.170	0.898	1.013	1.300	0.929	1.055	1.251	0.922	0.977	0.960	1.147	1.138	1.199	1.173	0.039	0.039	0.038
38:13:23	25.1	0.536	0.858	1.154	0.801	0.940	1.100	0.736	0.707	0.994	0.122	1.270	1.052	0.126	1.518	1.045	0.126	0.901	0.848	1.542	0.900	0.185	1.413	0.876	0.155	0.981	0.166	1.251	1.001	0.199	1.246	0.940	0.172	0.899	1.012	1.423	0.927	1.058	1.252	0.924	0.984	0.957	1.143	1.135	1.196	1.172	0.039	0.039	0.038
38:29:06	25.1	0.532	0.852	1.161	0.800	0.941	1.097	0.732	0.706	0.989	0.123	1.270	1.051	0.127	1.275	1.043	0.128	0.902	0.851	1.518	0.901	0.185	1.369	0.878	0.156	0.976	0.169	1.250	0.998	0.201	1.246	0.937	0.173	0.896	1.016	1.382	0.921	1.059	1.442	0.917	0.985	0.955	1.139	1.132	1.193	1.171	0.039	0.039	0.038
38:44:49	25.1	0.530	0.852	1.152	0.799	0.943	1.090	0.729	0.704	0.985	0.124	1.268	1.045	0.127	1.276	1.036	0.128	0.899	0.851	1.539	0.900	0.188	1.492	0.877	0.157	0.978	0.170	1.249	1.001	0.202	1.244	0.946	0.175	0.880	1.021	1.313	0.918	1.061	1.251	0.910	0.991	0.952	1.136	1.129	1.190	1.169	0.039	0.039	0.038
39:00:32	25.1	0.527	0.851	1.101	0.795	0.941	1.084	0.725	0.700	0.981	0.124	1.268	1.039	0.127	1.284	1.031	0.130	0.899	0.855	1.519	0.901	0.189	1.418	0.878	0.159	0.988	0.172	1.250	1.001	0.203	1.244	0.942	0.176	0.876	1.026	1.383	0.914	1.065	1.480	0.908	0.995	0.951	1.132	1.126	1.188	1.168	0.039	0.039	0.038
39:16:14	25.1	0.524	0.849	1.132	0.793	0.943	1.081	0.721	0.694	0.968	0.126	1.267	1.033	0.129	1.293	1.029	0.130	0.899	0.857	1.449	0.901	0.191	1.381	0.877	0.160	0.979	0.173	1.248	1.001	0.205	1.244	0.945	0.178	0.870	1.031	1.390	0.911	1.070	1.318	0.903	0.999	0.948	1.129	1.123	1.186	1.167	0.039	0.039	0.038
39:31:57	25.1	0.522	0.846	1.107	0.790	0.945	1.113	0.718	0.691	0.966	0.127	1.267	1.040	0.127	1.290	1.024	0.131	0.898	0.857	1.540	0.902	0.193	1.405	0.878	0.161	0.985	0.174	1.248	1.000	0.206	1.243	0.939	0.180	0.871	1.036	1.384	0.908	1.073	1.425	0.900	1.005	0.946	1.124	1.119	1.182	1.165	0.039	0.039	0.038
39:47:40	25.1	0.519	0.843	1.122	0.787	0.944	1.156	0.715	0.687	0.956	0.126	1.266	1.049	0.128	1.266	1.021	0.133	0.897	0.857	1.537	0.902	0.194	1.355	0.878	0.162	0.971	0.175	1.247	1.002	0.208	1.242	0.942	0.181	0.864	1.041	1.327	0.903	1.076	1.263	0.896	1.009	0.943	1.121	1.116	1.180	1.164	0.039	0.039	0.038
40:03:22	25.0	0.516	0.845	1.116	0.786	0.946	1.143	0.711	0.682	0.950	0.127	1.265	1.018	0.128	1.288	1.018	0.134	0.896	0.860	1.508	0.901	0.195	1.457	0.878	0.162	0.976	0.176	1.247	1.000	0.209	1.241	0.944	0.181	0.856	1.046	1.312	0.900	1.081	1.482	0.895	1.016	0.940	1.116	1.113	1.177	1.162	0.039	0.039	0.038
40:19:05	25.1	0.513	0.842	1.128	0.783	0.945	1.081	0.709	0.677	0.946	0.128	1.264	1.017	0.129	1.265	1.006	0.134	0.896	0.862	1.537	0.903	0.197	1.379	0.878	0.164	0.982	0.177	1.245	1.002	0.210	1.240	0.951	0.183	0.848	1.050	1.361	0.896	1.084	1.384	0.888	1.017	0.938	1.111	1.110	1.174	1.160	0.039	0.039	0.038
40:34:48	25.1	0.511	0.840	1.104	0.780	0.945	1.066	0.704	0.673	0.943	0.129	1.263	1.031	0.130	1.264	1.006	0.135	0.895	0.864	1.516	0.903	0.198	1.380	0.879	0.165	0.975	0.179	1.250	1.004	0.211	1.329	0.944	0.184	0.840	1.055	1.408	0.893	1.087	1.252	0.885	1.021	0.935	1.108	1.107	1.171	1.159	0.039	0.039	0.038
40:50:31	25.1	0.507	0.838	1.116	0.778	0.945	1.077	0.701	0.670	0.933	0.130	1.262	1.081	0.129	1.296	0.999	0.136	0.894	0.864	1.450	0.902	0.201	1.375	0.877	0.166	0.986	0.179	1.244	1.005	0.212	1.239	0.942	0.186	0.841	1.058	1.374	0.891	1.089	1.478	0.885	1.024	0.933	1.105	1.104	1.168	1.157	0.039	0.039	0.038
41:06:14	25.0	0.504	0.835	1.107	0.775	0.944	1.115	0.698	0.667	0.927	0.129	1.261	1.003	0.131	1.261	0.995	0.137	0.893	0.866	1.504	0.902	0.198	1.339	0.876	0.167	0.987	0.182	1.243	1.004	0.211	1.238	0.943	0.187	0.837	1.063	1.398	0.886	1.091	1.510	0.880	1.026	0.930	1.101	1.101	1.166	1.156	0.039	0.039	0.038
41:21:56	25.0	0.501	0.832	1.112	0.772	0.942	1.090	0.693	0.664	0.923	0.130	1.260	1.003	0.130	1.266	0.995	0.139	0.894	0.868	1.480	0.902	0.201	1.385	0.876	0.167	0.981	0.183	1.242	1.008	0.213	1.238	0.948	0.187	0.826	1.067	1.362	0.882	1.095	1.495	0.872	1.029	0.928	1.097	1.097	1.162	1.154	0.039	0.039	0.038
41:37:39	25.1	0.497	0.831	1.104	0.768	0.939	1.120	0.691	0.661	0.914	0.130	1.259	0.993	0.130	1.259	0.985	0.141	0.892	0.868	1.502	0.902	0.201	1.391	0.876	0.169	0.978	0.184	1.242	1.004	0.214	1.246	0.952	0.189	0.824	1.069	1.345	0.880	1.098	1.472	0.876	1.033	0.925	1.093	1.094	1.159	1.151	0.039	0.039	0.038
41:53:22	25.1	0.495	0.828	1.066	0.765	0.937	1.052	0.686	0.658	0.908	0.131	1.259	1.020	0.130	1.296	0.985	0.142	0.892	0.871	1.497	0.907	0.202	1.425	0.877	0.171	0.983	0.184	1.333	1.014	0.214	1.319	0.950	0.190	0.815	1.073	1.318	0.876	1.101	1.276	0.872	1.037	0.922	1.089	1.090	1.156	1.151	0.039	0.039	0.038
42:09:05	25.1	0.491	0.823	1.062	0.760	0.932	1.051	0.681	0.656	0.902	0.133	1.258	0.982	0.132	1.461	0.975	0.142	0.890	0.873	1.443	0.910	0.203	1.390	0.878	0.170	0.978	0.185	1.240	1.010	0.215	1.235	0.948	0.191	0.812	1.076	1.333	0.874	1.102	1.483	0.866	1.037	0.919	1.085	1.087	1.152	1.147	0.039	0.039	0.038
42:24:47	25.0	0.488	0.822	1.058	0.758	0.931	1.046	0.679	0.652	0.890	0.133	1.258	0.973	0.131	1.257	0.972	0.144	0.891	0.874	1.491	0.914	0.203	1.400	0.878	0.172	0.977	0.186	1.239	1.010	0.215	1.309	0.950	0.192	0.803	1.078	1.310	0.871	1.104	1.393	0.858	1.038	0.916	1.081	1.083	1.149	1.145	0.039	0.039	0.038
42:40:30	25.0	0.484	0.820	1.059	0.758	0.929	1.063	0.674	0.650	0.885	0.134	1.256	1.003	0.131	1.257	0.964	0.144	0.892	0.875	1.481	0.916	0.203	1.388	0.875	0.172	0.990	0.188	1.239	1.018	0.217	1.242	0.944	0.192	0.803	1.080	1.357	0.865	1.106	1.484	0.862	1.043	0.913	1.077	1.080	1.145	1.143	0.039	0.039	0.038
42:56:13	25.1	0.483	0.819	1.055	0.753	0.926	1.041	0.671	0.647	0.878	0.134	1.256	0.970	0.132	1.277	0.964	0.145	0.895	0.876	1.480	0.919	0.206	1.412	0.877	0.174	0.970	0.187	1.237	1.018	0.217	1.433	0.948	0.193	0.796	1.082	1.405	0.864	1.108	1.386	0.853	1.044	0.910	1.074	1.077	1.142	1.141	0.039	0.039	0.038
43:11:56	25.1	0.479	0.818	1.051	0.751	0.922	1.039	0.668	0.643	0.868	0.134	1.254	1.042	0.132	1.307	0.959	0.146	0.898	0.877	1.488	0.921	0.206	1.421	0.881	0.173	0.975	0.188	1.237	1.014	0.218	1.232	0.947	0.194	0.788	1.086	1.341	0.861	1.109	1.417	0.853	1.048	0.906	1.071	1.074	1.139	1.139	0.039	0.039	0.038
43:27:39	25.1	0.477	0.815	1.049	0.748	0.919	1.037	0.664	0.640	0.864	0.135	1.254	1.060	0.131	1.252	0.955	0.147	0.898	0.880	1.485	0.924	0.207	1.374	0.886	0.173	0.962	0.188	1.332	1.017	0.218	1.232	0.951	0.193	0.791	1.088	1.369	0.857	1.110	1.290	0.851	1.049	0.903	1.067	1.071	1.135	1.136	0.039	0.039	0.038
43:43:22	25.1	0.472	0.814	1.044	0.743	0.916	1.034	0.659	0.636	0.855	0.135	1.253	0.958	0.132	1.252	0.950	0.148	0.902	0.881	1.501	0.926	0.207	1.405	0.888	0.174	0.978	0.189	1.240	1.017	0.219	1.311	0.959	0.195	0.778	1.090	1.384	0.855	1.112	1.459	0.849	1.052	0.900	1.063	1.067	1.132	1.133	0.039	0.039	0.038
43:59:05	25.1	0.471	0.810	1.041	0.740	0.912	1.030	0.655	0.633	0.851	0.136	1.252	1.043	0.131	1.252	0.942	0.150	0.904	0.882	1.492	0.928	0.209	1.366	0.891	0.176	0.993	0.188	1.323	1.024	0.219	1.342	0.959	0.195	0.775	1.093	1.365	0.852	1.114	1.406	0.841	1.052	0.895	1.059	1.063	1.129	1.131	0.039	0.039	0.038
44:14:48	25.1	0.469	0.810	1.039	0.739	0.911	1.027	0.652	0.630	0.842	0.135	1.251	0.969	0.132	1.249	0.934	0.160	0.905	0.883	1.434	0.929	0.208	1.323	0.893	0.176	0.983	0.189	1.235	1.021	0.219	1.233	0.961	0.195	0.770	1.095	1.337	0.849	1.115	1.496	0.840	1.055	0.892	1.056	1.061	1.125	1.129	0.039	0.039	0.038
44:30:31	25.1	0.463	0.808	1.035	0.735	0.907	1.023	0.648	0.624	0.831	0.137	1.251	0.945	0.132	1.304	0.934	0.157	0.905	0.885	1.484	0.930	0.210	1.360	0.896	0.178	0.986	0.188	1.272	1.025	0.221	1.299	0.955	0.195	0.764	1.097	1.334	0.845	1.116	1.463	0.835	1.047	0.887	1.053	1.057	1.122	1.126	0.039	0.039	0.038
44:46:14	25.1	0.460	0.805	1.032	0.732	0.907	1.021	0.644	0.622	0.827	0.137	1.249	0.948	0.134	1.285	0.929	0.153	0.906	0.885	1.512	0.932	0.210	1.350	0.898	0.178	0.987	0.188	1.282	1.024	0.221	1.312	0.954	0.196	0.757	1.100	1.416	0.843	1.117	1.396	0.835	1.043	0.884	1.049	1.053	1.118	1.123	0.039	0.039	0.038
45:01:57	25.1	0.459	0.795	1.030	0.728	0.902	1.018	0.639	0.617	0.821	0.137	1.249	0.906	0.134	1.255	0.924	0.153	0.908	0.889	1.498	0.933	0.210	1.319	0.898	0.177	0.983	0.187	1.305	1.025	0.222	1.228	0.957	0.197	0.752	1.102	1.358	0.839	1.118	1.249	0.831	1.041	0.881	1.046	1.051	1.115	1.121	0.039	0.039	0.038
45:17:40	25.1	0.453	0.789	1.027	0.726	0.899	1.014	0.636	0.613	0.807	0.137	1.247	0.941	0.134	1.245	0.916	0.154	0.908	0.888	1.507	0.934	0.212	1.326	0.901	0.178	0.986	0.188	1.345	1.026	0.223	1.311	0.954	0.196	0.745	1.104	1.321	0.836	1.119	1.291	0.827	1.040	0.877	1.043	1.048	1.111	1.118	0.039	0.039	0.038
45:33:22	25.1	0.451	0.785	1.025	0.722	0.896	1.012	0.634	0.609	0.802	0.138	1.247	0.913	0.133	1.312	0.913	0.165	0.909	0.890	1.504	0.934	0.211	1.354	0.901	0.179	0.999	0.188	1.314	1.029	0.224	1.325	0.954	0.197	0.742	1.109	1.330	0.834	1.121	1.430	0.827	1.044	0.873	1.040	1.045	1.109	1.116	0.039	0.039	0.038
45:49:05	25.1	0.446	0.781	1.021	0.720	0.894	1.010	0.629	0.604	0.797	0.137	1.247	0.968	0.134	1.244	0.908	0.156	0.909	0.891	1.488	0.936	0.213	1.336	0.905	0.179	0.973	0.188	1.289	1.029	0.225	1.443	0.958	0.197	0.735	1.109	1.366	0.832	1.121	1.484	0.819	1.047	0.869	1.036	1.041	1.105	1.113	0.039	0.039	0.038
46:04:48	25.1	0.441	0.781	1.018	0.716	0.891	1.007	0.626	0.600	0.782	0.138	1.245	1.028	0.135	1.339	0.904	0.157	0.908	0.891	1.478	0.935	0.212	1.306	0.904	0.180	0.978	0.188	1.287	1.033	0.226	1.310	0.963	0.198	0.729	1.102	1.389	0.827	1.120	1.345	0.819	1.051	0.866	1.034	1.038	1.102	1.110	0.039	0.039	0.038
46:20:31	25.1	0.436	0.781	1.015	0.710	0.889	1.004	0.621	0.596	0.779	0.139	1.245	0.874	0.136	1.322	0.897	0.158	0.910	0.895	1.486	0.936	0.213	1.375	0.907	0.178	0.986	0.189	1.261	1.033	0.227	1.311	0.965	0.198	0.723	1.095	1.380	0.824	1.122	1.267	0.814	1.050	0.862	1.030	1.035	1.098	1.107	0.039	0.039	0.038
46:36:14	25.1	0.432	0.779	1.012	0.706	0.882	1.001	0.620	0.592	0.770	0.139	1.244	0.989	0.135	1.245	0.894	0.160	0.908	0.896	1.509	0.937	0.214	1.312	0.906	0.179	0.984	0.189	1.292	1.035	0.226	1.318	0.969	0.199	0.716	1.093	1.329	0.819	1.116	1.486	0.812	1.046	0.859	1.026	1.032	1.094	1.104	0.039	0.039	0.038
46:51:57	25.1	0.426	0.779	1.010	0.704	0.874	0.999	0.617	0.586	0.759	0.141	1.242	0.874	0.136	1.244	0.887	0.159	0.909	0.894	1.478	0.937	0.217	1.341	0.907	0.180	0.988	0.187	1.230	1.036	0.226	1.256	0.962	0.200	0.711	1.094	1.377	0.816	1.110	1.495	0.808	1.039	0.855	1.024	1.029	1.091	1.100	0.039	0.039	0.038
47:07:40	25.1	0.420	0.777	1.007	0.700	0.865	0.996	0.614	0.581	0.751	0.142	1.242	0.993	0.136	1.275	0.880	0.161	0.908	0.896	1.478	0.939	0.218	1.327	0.909	0.180	0.978	0.188	1.229	1.044	0.226	1.222	0.965	0.202	0.705	1.100	1.297	0.813	1.106	1.390	0.806	1.032	0.852	1.021	1.026	1.089	1.099	0.039	0.039	0.038
47:23:23	25.1	0.415	0.773	1.006	0.696	0.861	0.994	0.610	0.576	0.742	0.143	1.240	0.942	0.137	1.278	0.875	0.161	0.909	0.896	1.490	0.938	0.216	1.363	0.909	0.180	0.988	0.188	1.238	1.049	0.228	1.279	0.968	0.201	0.699	1.105	1.369	0.811	1.105	1.451	0.804	1.025	0.847	1.018	1.024	1.086	1.096	0.039	0.039	0.038
47:39:05	25.1	0.407	0.764	1.001	0.694	0.856	0.991	0.607	0.569	0.733	0.144	1.240	1.006	0.138	1.238	0.869	0.163	0.909	0.898	1.505	0.939	0.218	1.362	0.909	0.181	0.979	0.188	1.226	1.037	0.228	1.349	0.982	0.201	0.693	1.107	1.369	0.806	1.105	1.430	0.799	1.017	0.844	1.015	1.033	1.082	1.092	0.039	0.039	0.038
47:54:48	25.1	0.401	0.757	1.000	0.692	0.854	0.988	0.604	0.564	0.724	0.144	1.238	0.914	0.138	1.236	0.860	0.162	0.908	0.899	1.466	0.937	0.219	1.317	0.908	0.180	0.995	0.188	1.224	1.041	0.230	1.220	0.964	0.202	0.687	1.103	1.321	0.802	1.104	1.331	0.796	1.009	0.840	1.012	1.018	1.078	1.090	0.039	0.039	0.038
48:10:30	25.1	0.395	0.752	0.996	0.686	0.854	0.986	0.601	0.558	0.715	0.144	1.237	0.972	0.139	1.291	0.855	0.162	0.908	0.901	1.474	0.938	0.218	1.308	0.909	0.182	0.992	0.188	1.234	1.038	0.231	1.250	0.963	0.203	0.682	1.098	1.409	0.799	1.103	1.478	0.793	1.003	0.836	1.009	1.014	1.075	1.087	0.039	0.039	0.038
48:26:13	25.1	0.389	0.745	0.993	0.680	0.852	0.983	0.596	0.551	0.705	0.144	1.251	0.981	0.139	1.234	0.849	0.163	0.908	0.902	1.485	0.939	0.220	1.382	0.910	0.182	0.983	0.187	1.256	1.037	0.229	1.311	0.972	0.203	0.674	1.093	1.304	0.794	1.104	1.464	0.790	0.995	0.832	1.006	1.011	1.072	1.084	0.039	0.039	0.038
48:41:56	25.1	0.381	0.737	0.991	0.672	0.850	0.980	0.592	0.543	0.695	0.145	1.236	0.874	0.140	1.325	0.841	0.165	0.907	0.903	1.476	0.939	0.219	1.297	0.912	0.182	0.984	0.187	1.288	1.041	0.231	1.269	0.977	0.203	0.667	1.090	1.352	0.792	1.104	1.479	0.786	0.985	0.828	1.002	1.009	1.070	1.081	0.039	0.039	0.038
48:57:38	25.1	0.375	0.730	0.989	0.664	0.847	0.977	0.589	0.534	0.685	0.145	1.234	0.784	0.139	1.230	0.834	0.165	0.907	0.904	1.476	0.937	0.220	1.355	0.911	0.183	0.981	0.187	1.244	1.042	0.231	1.296	0.986	0.204	0.662	1.089	1.367	0.786	1.105	1.516	0.783	0.979	0.823	1.000	1.007	1.067	1.079	0.039	0.039	0.038
49:13:21	25.1	0.367	0.723	0.986	0.659	0.846	0.974	0.587	0.522	0.677	0.146	1.233	1.005	0.140	1.230	0.828	0.165	0.907	0.905	1.493	0.931	0.221	1.284	0.912	0.184	0.978	0.188	1.288	1.052	0.231	1.253	0.971	0.204	0.655	1.085	1.395	0.784	1.104	1.480	0.780	0.969	0.819	0.997	1.003	1.063	1.075	0.039	0.039	0.038
49:29:04	25.1	0.360	0.715	0.982	0.652	0.839	0.971	0.584	0.512	0.669	0.146	1.234	0.754	0.140	1.262	0.821	0.166	0.906	0.906	1.489	0.921	0.222	1.363	0.911	0.184	0.983	0.187	1.222	1.046	0.232	1.249	0.977	0.205	0.650	1.081	1.420	0.779	1.101	1.464	0.777	0.962	0.816	0.994	1.000	1.061	1.072	0.039	0.039	0.038
49:44:47	25.1	0.354	0.708	0.980	0.644	0.832	0.968	0.582	0.502	0.657	0.147	1.231	0.828	0.141	1.228	0.814	0.166	0.905	0.907	1.485	0.914	0.222	1.283	0.912	0.183	0.984	0.188	1.257	1.051	0.234	1.281	0.986	0.206	0.643	1.075	1.358	0.776	1.096	1.474	0.773	0.954	0.810	0.991	0.998	1.057	1.069	0.039	0.039	0.038
50:00:29	25.1	0.347	0.700	0.978	0.639	0.824	0.966	0.579	0.496	0.649	0.147	1.233	0.766	0.141	1.308	0.806	0.167	0.899	0.908	1.484	0.906	0.222	1.340	0.912	0.184	0.991	0.187	1.228	1.048	0.234	1.216	0.975	0.206	0.636	1.072	1.339	0.772	1.089	1.485	0.769	0.948	0.806	0.989	0.993	1.055	1.067	0.039	0.039	0.038
50:16:12	25.1	0.340	0.694	0.978	0.632	0.818	0.964	0.575	0.487	0.640	0.148	1.234	0.772	0.142	1.226	0.797	0.167	0.890	0.911	1.460	0.898	0.225	1.299	0.913	0.184	0.982	0.188	1.223	1.048	0.234	1.280	0.983	0.208	0.630	1.066	1.296	0.769	1.085	1.455	0.765	0.938	0.803	0.986	0.991	1.051	1.063	0.039	0.039	0.038
50:31:54	25.1	0.332	0.686	0.972	0.626	0.812	0.961	0.572	0.479	0.632	0.149	1.228	1.030	0.143	1.225	0.793	0.168	0.879	0.911	1.490	0.892	0.224	1.331	0.912	0.185	0.990	0.188	1.254	1.048	0.235	1.284	0.989	0.208	0.624	1.061	1.295	0.763	1.079	1.453	0.762	0.932	0.796	0.983	0.988	1.048	1.060	0.039	0.039	0.038
