

Software Version	3.03.14



Experiment File Path:	C:\Users\Public\Documents\Experiments\Task2_48hr_48well_discon_171012_201847.xpt
Protocol File Path:	C:\Users\Public\Documents\Protocols\Task2_48hr_48well_discon.prt



Plate Number	Plate 1
Date	10/12/2017
Time	8:19:01 PM
Reader Type:	Synergy H1
Reader Serial Number:	1706221C
Reading Type	Reader

Procedure Details

Plate Type	Costar 48 well
Discontinuous Kinetics	Runtime 2:00:15 (D:HH:MM), Interval 0:00:15, 194 Reads
Set Temperature	Setpoint 25°C
	Preheat before moving to next step
Read	Absorbance Endpoint
	Full Plate
	Wavelengths:  600
	Read Speed: Normal,  Delay: 100 msec,  Measurements/Data Point: 8
Shake	Linear: 15:00 (MM:SS)
	Frequency: 567 cpm (3 mm)

Layout
	1	2	3	4	5	6	7	8
A	SPL1	SPL7	SPL13	SPL19	SPL25	SPL31	SPL37	SPL43	Well ID
B	SPL2	SPL8	SPL14	SPL20	SPL26	SPL32	SPL38	SPL44	Well ID
C	SPL3	SPL9	SPL15	SPL21	SPL27	SPL33	SPL39	SPL45	Well ID
D	SPL4	SPL10	SPL16	SPL22	SPL28	SPL34	SPL40	SPL46	Well ID
E	SPL5	SPL11	SPL17	SPL23	SPL29	SPL35	SPL41	SPL47	Well ID
F	SPL6	SPL12	SPL18	SPL24	SPL30	SPL36	SPL42	SPL48	Well ID

600

Time	T° 600	A1	A2	A3	A4	A5	A6	A7	A8	B1	B2	B3	B4	B5	B6	B7	B8	C1	C2	C3	C4	C5	C6	C7	C8	D1	D2	D3	D4	D5	D6	D7	D8	E1	E2	E3	E4	E5	E6	E7	E8	F1	F2	F3	F4	F5	F6	F7	F8
0:00:00	25.1	0.064	0.047	0.060	0.055	0.060	0.046	0.059	0.054	0.053	0.049	0.068	0.046	0.043	0.044	0.043	0.039	0.058	0.046	0.059	0.050	0.054	0.052	0.054	0.051	0.057	0.049	0.050	0.051	0.047	0.045	0.045	0.040	0.056	0.045	0.053	0.049	0.051	0.064	0.057	0.056	0.054	0.051	0.051	0.047	0.046	0.046	0.048	0.039
0:15:43	25.1	0.057	0.047	0.056	0.055	0.055	0.045	0.056	0.055	0.056	0.053	0.052	0.054	0.050	0.049	0.049	0.039	0.058	0.048	0.057	0.056	0.057	0.046	0.058	0.055	0.057	0.053	0.052	0.054	0.049	0.050	0.049	0.040	0.057	0.049	0.057	0.055	0.057	0.054	0.059	0.052	0.057	0.053	0.051	0.050	0.049	0.050	0.049	0.039
0:31:26	25.1	0.056	0.046	0.056	0.056	0.056	0.049	0.056	0.052	0.055	0.053	0.052	0.054	0.051	0.051	0.049	0.039	0.059	0.049	0.057	0.056	0.057	0.045	0.057	0.058	0.057	0.053	0.051	0.055	0.049	0.050	0.049	0.040	0.058	0.048	0.057	0.056	0.058	0.049	0.060	0.052	0.057	0.053	0.051	0.050	0.050	0.050	0.049	0.039
0:47:08	25.1	0.057	0.048	0.057	0.056	0.056	0.047	0.056	0.052	0.056	0.053	0.053	0.054	0.050	0.050	0.049	0.039	0.060	0.049	0.058	0.057	0.058	0.050	0.057	0.056	0.057	0.053	0.051	0.055	0.049	0.051	0.050	0.040	0.059	0.049	0.057	0.055	0.058	0.074	0.056	0.052	0.057	0.053	0.051	0.050	0.050	0.050	0.049	0.039
1:02:51	25.1	0.058	0.047	0.056	0.056	0.057	0.048	0.056	0.053	0.055	0.052	0.053	0.054	0.050	0.050	0.050	0.039	0.061	0.049	0.058	0.058	0.059	0.045	0.056	0.055	0.057	0.053	0.051	0.055	0.051	0.051	0.050	0.040	0.060	0.049	0.058	0.057	0.059	0.050	0.058	0.052	0.057	0.053	0.052	0.051	0.057	0.051	0.050	0.039
1:18:33	25.1	0.059	0.047	0.057	0.057	0.058	0.048	0.056	0.053	0.055	0.052	0.055	0.054	0.051	0.051	0.051	0.039	0.062	0.049	0.058	0.058	0.060	0.049	0.056	0.055	0.057	0.053	0.052	0.055	0.050	0.052	0.050	0.040	0.061	0.049	0.058	0.057	0.060	0.047	0.056	0.052	0.057	0.053	0.052	0.051	0.050	0.051	0.075	0.039
1:34:16	25.1	0.061	0.047	0.057	0.058	0.059	0.049	0.055	0.052	0.055	0.063	0.053	0.055	0.062	0.052	0.050	0.039	0.063	0.050	0.058	0.059	0.061	0.098	0.056	0.056	0.057	0.053	0.052	0.056	0.051	0.052	0.051	0.040	0.063	0.050	0.058	0.057	0.061	0.048	0.056	0.053	0.057	0.052	0.052	0.051	0.050	0.052	0.056	0.039
1:49:58	25.1	0.061	0.047	0.057	0.058	0.059	0.052	0.055	0.053	0.056	0.052	0.053	0.055	0.052	0.052	0.051	0.039	0.064	0.050	0.058	0.060	0.062	0.051	0.056	0.056	0.057	0.053	0.052	0.056	0.052	0.053	0.051	0.040	0.064	0.049	0.058	0.058	0.062	0.046	0.056	0.053	0.057	0.053	0.052	0.051	0.051	0.052	0.051	0.039
2:05:41	25.1	0.063	0.047	0.058	0.059	0.060	0.048	0.056	0.055	0.056	0.052	0.059	0.055	0.053	0.052	0.051	0.039	0.067	0.050	0.060	0.061	0.063	0.047	0.056	0.058	0.057	0.053	0.052	0.056	0.053	0.054	0.052	0.042	0.066	0.050	0.059	0.059	0.063	0.045	0.056	0.054	0.057	0.053	0.053	0.052	0.057	0.053	0.054	0.039
2:21:23	25.1	0.065	0.047	0.058	0.061	0.061	0.049	0.055	0.055	0.056	0.053	0.065	0.056	0.054	0.054	0.052	0.039	0.069	0.050	0.060	0.063	0.065	0.050	0.056	0.058	0.058	0.053	0.053	0.057	0.054	0.055	0.053	0.040	0.068	0.050	0.060	0.061	0.064	0.049	0.056	0.055	0.057	0.053	0.053	0.051	0.058	0.054	0.059	0.039
2:37:06	25.1	0.067	0.048	0.058	0.063	0.063	0.050	0.054	0.056	0.056	0.053	0.057	0.057	0.072	0.054	0.056	0.039	0.072	0.050	0.059	0.065	0.066	0.051	0.056	0.059	0.058	0.054	0.057	0.058	0.056	0.056	0.054	0.040	0.070	0.050	0.059	0.063	0.066	0.047	0.056	0.056	0.058	0.053	0.055	0.052	0.054	0.055	0.071	0.039
2:52:48	25.1	0.069	0.048	0.059	0.065	0.065	0.050	0.055	0.059	0.056	0.053	0.055	0.057	0.085	0.056	0.055	0.039	0.076	0.050	0.060	0.067	0.069	0.047	0.056	0.061	0.058	0.054	0.054	0.058	0.058	0.058	0.055	0.040	0.074	0.050	0.060	0.065	0.069	0.050	0.056	0.057	0.058	0.053	0.054	0.055	0.058	0.057	0.055	0.039
3:08:31	25.1	0.072	0.048	0.059	0.066	0.068	0.049	0.055	0.059	0.056	0.053	0.060	0.059	0.084	0.057	0.057	0.039	0.079	0.050	0.061	0.069	0.072	0.051	0.057	0.063	0.059	0.054	0.055	0.060	0.060	0.059	0.058	0.040	0.078	0.050	0.061	0.067	0.072	0.050	0.055	0.059	0.058	0.053	0.055	0.053	0.068	0.058	0.057	0.039
3:24:13	25.1	0.076	0.048	0.060	0.070	0.071	0.046	0.055	0.061	0.057	0.054	0.058	0.060	0.093	0.059	0.059	0.039	0.084	0.051	0.062	0.073	0.077	0.054	0.056	0.066	0.059	0.055	0.057	0.061	0.063	0.061	0.061	0.040	0.082	0.051	0.063	0.070	0.075	0.047	0.055	0.062	0.058	0.054	0.056	0.056	0.064	0.060	0.059	0.039
3:39:56	25.1	0.078	0.049	0.062	0.073	0.076	0.047	0.055	0.066	0.057	0.055	0.061	0.061	0.099	0.061	0.061	0.039	0.087	0.052	0.064	0.076	0.081	0.050	0.056	0.070	0.060	0.056	0.058	0.064	0.066	0.063	0.062	0.040	0.086	0.054	0.064	0.073	0.080	0.056	0.055	0.063	0.058	0.055	0.057	0.057	0.068	0.063	0.061	0.039
3:55:39	25.1	0.080	0.050	0.063	0.075	0.079	0.047	0.056	0.066	0.057	0.055	0.064	0.065	0.100	0.063	0.063	0.039	0.090	0.051	0.066	0.080	0.086	0.045	0.055	0.073	0.061	0.056	0.060	0.065	0.071	0.067	0.067	0.040	0.093	0.052	0.065	0.075	0.085	0.049	0.055	0.066	0.059	0.055	0.059	0.057	0.070	0.065	0.065	0.039
4:11:21	25.1	0.086	0.050	0.065	0.078	0.084	0.047	0.059	0.070	0.058	0.056	0.069	0.066	0.115	0.065	0.066	0.039	0.099	0.052	0.066	0.083	0.093	0.058	0.056	0.079	0.063	0.058	0.062	0.068	0.075	0.070	0.068	0.040	0.098	0.051	0.068	0.077	0.092	0.055	0.055	0.071	0.059	0.057	0.061	0.058	0.097	0.068	0.068	0.039
4:27:04	25.1	0.094	0.048	0.067	0.079	0.089	0.048	0.055	0.076	0.059	0.059	0.066	0.068	0.079	0.069	0.070	0.039	0.115	0.052	0.070	0.084	0.101	0.045	0.056	0.085	0.065	0.059	0.064	0.072	0.082	0.075	0.072	0.040	0.109	0.052	0.070	0.081	0.098	0.049	0.056	0.076	0.060	0.058	0.064	0.063	0.079	0.072	0.072	0.039
4:42:46	25.1	0.108	0.049	0.069	0.081	0.092	0.044	0.055	0.083	0.059	0.060	0.069	0.071	0.106	0.074	0.074	0.039	0.130	0.050	0.072	0.086	0.107	0.070	0.056	0.092	0.067	0.061	0.069	0.078	0.089	0.080	0.080	0.040	0.124	0.049	0.073	0.083	0.106	0.047	0.055	0.082	0.061	0.060	0.066	0.067	0.086	0.076	0.077	0.039
4:58:29	25.1	0.118	0.064	0.072	0.083	0.096	0.046	0.055	0.086	0.060	0.061	0.085	0.074	0.168	0.084	0.088	0.039	0.149	0.054	0.075	0.087	0.115	0.052	0.056	0.099	0.070	0.063	0.074	0.092	0.098	0.085	0.081	0.040	0.140	0.052	0.077	0.082	0.115	0.048	0.055	0.090	0.062	0.062	0.068	0.064	0.106	0.081	0.081	0.039
5:14:11	25.0	0.133	0.054	0.075	0.079	0.109	0.046	0.054	0.101	0.062	0.062	0.083	0.078	0.192	0.083	0.084	0.039	0.173	0.054	0.079	0.086	0.125	0.051	0.066	0.108	0.073	0.065	0.080	0.086	0.190	0.095	0.088	0.040	0.156	0.054	0.081	0.081	0.126	0.050	0.055	0.099	0.064	0.064	0.073	0.073	0.110	0.088	0.087	0.039
5:29:54	25.1	0.150	0.056	0.079	0.078	0.108	0.049	0.054	0.116	0.063	0.069	0.083	0.084	0.165	0.089	0.103	0.039	0.201	0.049	0.084	0.087	0.137	0.048	0.056	0.141	0.077	0.067	0.081	0.096	0.206	0.105	0.144	0.040	0.180	0.054	0.086	0.080	0.134	0.049	0.055	0.109	0.066	0.066	0.077	0.071	0.125	0.096	0.097	0.039
5:45:37	25.1	0.175	0.051	0.085	0.081	0.117	0.047	0.055	0.109	0.065	0.067	0.111	0.090	0.203	0.116	0.142	0.039	0.221	0.056	0.090	0.089	0.152	0.159	0.056	0.136	0.082	0.070	0.089	0.106	0.144	0.122	0.107	0.040	0.208	0.053	0.091	0.091	0.146	0.048	0.055	0.309	0.068	0.069	0.084	0.076	0.163	0.106	0.109	0.039
6:01:19	25.0	0.197	0.053	0.087	0.086	0.130	0.052	0.055	0.122	0.066	0.070	0.129	0.097	0.148	0.133	0.138	0.039	0.259	0.057	0.097	0.096	0.162	0.057	0.056	0.466	0.087	0.073	0.098	0.118	0.161	0.182	0.119	0.040	0.232	0.055	0.099	0.089	0.162	0.050	0.055	0.136	0.070	0.071	0.091	0.083	0.162	0.117	0.122	0.039
6:17:02	25.1	0.220	0.059	0.092	0.097	0.138	0.048	0.055	0.136	0.068	0.073	0.148	0.108	0.167	0.121	0.168	0.039	0.266	0.061	0.105	0.116	0.176	0.050	0.056	0.365	0.091	0.077	0.109	0.132	0.180	0.154	0.135	0.040	0.260	0.058	0.107	0.102	0.171	0.047	0.055	0.152	0.072	0.075	0.105	0.090	0.186	0.131	0.140	0.039
6:32:44	25.1	0.234	0.059	0.102	0.129	0.153	0.047	0.055	0.155	0.070	0.079	0.145	0.125	0.185	0.137	0.226	0.039	0.289	0.068	0.115	0.139	0.197	0.049	0.056	0.190	0.097	0.084	0.126	0.152	0.206	0.172	0.154	0.040	0.286	0.064	0.118	0.126	0.191	0.053	0.055	0.175	0.075	0.080	0.114	0.101	0.218	0.148	0.160	0.039
6:48:27	25.1	0.263	0.060	0.110	0.124	0.167	0.051	0.056	0.169	0.072	0.084	0.156	0.134	0.205	0.165	0.168	0.039	0.321	0.070	0.127	0.160	0.217	0.094	0.056	0.226	0.104	0.089	0.141	0.171	0.231	0.186	0.173	0.040	0.312	0.069	0.131	0.146	0.212	0.053	0.055	0.195	0.078	0.086	0.128	0.113	0.243	0.166	0.175	0.039
7:04:09	25.1	0.274	0.065	0.122	0.149	0.185	0.049	0.055	0.184	0.076	0.091	0.172	0.153	0.232	0.183	0.187	0.039	0.327	0.074	0.143	0.189	0.242	0.052	0.057	0.238	0.111	0.100	0.162	0.189	0.257	0.210	0.190	0.040	0.332	0.071	0.144	0.169	0.241	0.066	0.059	0.221	0.081	0.096	0.145	0.127	0.266	0.181	0.195	0.039
7:19:52	25.1	0.292	0.068	0.136	0.168	0.210	0.054	0.055	0.205	0.079	0.103	0.202	0.174	0.257	0.185	0.196	0.038	0.344	0.080	0.159	0.216	0.270	0.051	0.058	0.263	0.120	0.112	0.179	0.211	0.282	0.235	0.214	0.040	0.347	0.076	0.159	0.194	0.260	0.179	0.056	0.242	0.086	0.107	0.165	0.145	0.289	0.201	0.221	0.039
7:35:34	25.1	0.305	0.074	0.155	0.191	0.230	0.060	0.058	0.226	0.084	0.113	0.216	0.190	0.281	0.211	0.221	0.038	0.361	0.087	0.174	0.247	0.294	0.054	0.057	0.287	0.130	0.125	0.200	0.235	0.306	0.258	0.237	0.040	0.360	0.084	0.174	0.222	0.292	0.059	0.056	0.261	0.092	0.120	0.182	0.163	0.311	0.222	0.240	0.039
7:51:17	25.1	0.317	0.080	0.170	0.216	0.254	0.060	0.055	0.247	0.089	0.128	0.242	0.211	0.306	0.232	0.247	0.039	0.365	0.096	0.189	0.280	0.317	0.055	0.057	0.299	0.142	0.143	0.228	0.263	0.327	0.277	0.264	0.040	0.371	0.093	0.192	0.255	0.313	0.214	0.056	0.276	0.099	0.136	0.201	0.181	0.323	0.246	0.262	0.039
8:07:00	25.1	0.335	0.085	0.190	0.250	0.275	0.059	0.056	0.272	0.099	0.148	0.269	0.240	0.331	0.261	0.274	0.038	0.384	0.106	0.213	0.318	0.343	0.060	0.058	0.320	0.158	0.165	0.258	0.292	0.342	0.305	0.290	0.040	0.383	0.102	0.216	0.291	0.336	0.058	0.056	0.296	0.108	0.156	0.227	0.203	0.331	0.270	0.288	0.039
8:22:42	25.1	0.354	0.096	0.200	0.279	0.293	0.063	0.057	0.289	0.105	0.168	0.294	0.271	0.346	0.287	0.301	0.038	0.397	0.119	0.229	0.346	0.363	0.065	0.059	0.352	0.175	0.187	0.282	0.322	0.347	0.328	0.316	0.040	0.397	0.116	0.235	0.323	0.357	0.070	0.057	0.313	0.118	0.178	0.254	0.226	0.331	0.293	0.307	0.039
8:38:25	25.1	0.349	0.105	0.214	0.305	0.314	0.106	0.057	0.301	0.115	0.187	0.317	0.291	0.347	0.320	0.346	0.039	0.411	0.134	0.247	0.374	0.380	0.089	0.059	0.350	0.203	0.206	0.307	0.348	0.343	0.340	0.333	0.040	0.405	0.129	0.250	0.347	0.376	0.071	0.057	0.328	0.129	0.198	0.276	0.251	0.327	0.315	0.323	0.039
8:54:07	25.1	0.357	0.113	0.247	0.331	0.331	0.072	0.058	0.317	0.128	0.206	0.341	0.319	0.348	0.335	0.338	0.039	0.423	0.142	0.268	0.408	0.393	0.101	0.060	0.369	0.209	0.229	0.335	0.375	0.341	0.351	0.347	0.040	0.420	0.143	0.266	0.379	0.388	0.092	0.057	0.343	0.141	0.219	0.304	0.275	0.326	0.338	0.332	0.039
9:09:50	25.1	0.373	0.131	0.247	0.362	0.346	0.091	0.059	0.333	0.143	0.232	0.396	0.354	0.349	0.356	0.347	0.039	0.441	0.157	0.285	0.438	0.410	0.072	0.061	0.384	0.233	0.257	0.355	0.397	0.340	0.355	0.349	0.040	0.434	0.157	0.282	0.409	0.406	0.082	0.058	0.365	0.156	0.243	0.329	0.302	0.328	0.354	0.332	0.039
9:25:32	25.1	0.384	0.143	0.262	0.397	0.356	0.196	0.061	0.348	0.155	0.263	0.408	0.382	0.347	0.370	0.348	0.039	0.463	0.172	0.297	0.470	0.430	0.314	0.062	0.403	0.258	0.289	0.373	0.418	0.341	0.360	0.347	0.040	0.454	0.170	0.298	0.440	0.424	0.135	0.058	0.382	0.172	0.273	0.353	0.331	0.329	0.364	0.331	0.039
9:41:15	25.1	0.402	0.154	0.281	0.429	0.364	0.099	0.061	0.365	0.171	0.294	0.386	0.410	0.346	0.378	0.344	0.039	0.482	0.193	0.311	0.502	0.450	0.096	0.063	0.426	0.282	0.318	0.384	0.432	0.343	0.365	0.343	0.040	0.473	0.190	0.315	0.471	0.443	0.125	0.060	0.401	0.189	0.303	0.370	0.361	0.332	0.368	0.329	0.039
9:56:57	25.1	0.409	0.173	0.280	0.459	0.372	0.100	0.069	0.380	0.187	0.320	0.393	0.430	0.347	0.382	0.344	0.039	0.504	0.209	0.330	0.531	0.474	0.107	0.065	0.447	0.312	0.346	0.390	0.445	0.342	0.371	0.342	0.040	0.493	0.213	0.331	0.502	0.467	0.144	0.060	0.423	0.203	0.331	0.379	0.386	0.334	0.374	0.330	0.039
10:12:40	25.1	0.426	0.191	0.306	0.497	0.401	0.114	0.065	0.402	0.201	0.352	0.407	0.449	0.349	0.386	0.346	0.038	0.526	0.228	0.349	0.552	0.508	0.113	0.067	0.472	0.338	0.367	0.399	0.461	0.344	0.376	0.344	0.040	0.509	0.232	0.352	0.527	0.494	0.139	0.062	0.448	0.224	0.356	0.388	0.406	0.334	0.379	0.331	0.039
10:28:22	25.1	0.440	0.206	0.326	0.525	0.421	0.129	0.069	0.422	0.222	0.374	0.422	0.461	0.352	0.394	0.348	0.038	0.549	0.246	0.372	0.563	0.548	0.202	0.070	0.498	0.367	0.386	0.409	0.478	0.346	0.384	0.346	0.040	0.531	0.249	0.375	0.539	0.532	0.241	0.064	0.470	0.246	0.379	0.395	0.423	0.335	0.383	0.334	0.039
10:44:05	25.0	0.457	0.221	0.346	0.537	0.448	0.136	0.069	0.442	0.242	0.394	0.468	0.475	0.351	0.398	0.348	0.038	0.578	0.258	0.394	0.581	0.574	0.351	0.072	0.514	0.391	0.401	0.419	0.497	0.347	0.388	0.346	0.040	0.554	0.261	0.396	0.560	0.568	0.153	0.066	0.486	0.269	0.394	0.405	0.436	0.336	0.388	0.335	0.039
10:59:48	25.1	0.477	0.232	0.362	0.553	0.481	0.164	0.072	0.465	0.267	0.408	0.456	0.495	0.353	0.406	0.350	0.038	0.617	0.270	0.413	0.598	0.600	0.168	0.076	0.538	0.416	0.406	0.429	0.517	0.348	0.393	0.347	0.040	0.579	0.274	0.413	0.572	0.587	0.217	0.068	0.512	0.291	0.406	0.417	0.450	0.339	0.393	0.336	0.039
11:15:30	25.1	0.500	0.240	0.375	0.568	0.515	0.173	0.076	0.490	0.290	0.415	0.457	0.512	0.356	0.413	0.352	0.038	0.641	0.283	0.433	0.614	0.620	0.198	0.080	0.565	0.441	0.413	0.444	0.539	0.350	0.401	0.349	0.040	0.610	0.286	0.431	0.595	0.611	0.425	0.070	0.536	0.313	0.412	0.425	0.466	0.340	0.399	0.338	0.039
11:31:13	25.1	0.525	0.260	0.392	0.591	0.539	0.195	0.081	0.505	0.321	0.424	0.485	0.536	0.358	0.421	0.355	0.039	0.658	0.296	0.453	0.637	0.639	0.200	0.085	0.587	0.467	0.423	0.458	0.554	0.352	0.408	0.350	0.040	0.631	0.298	0.449	0.609	0.633	0.253	0.074	0.559	0.336	0.420	0.441	0.484	0.342	0.406	0.340	0.039
11:46:55	25.0	0.564	0.270	0.423	0.614	0.574	0.215	0.085	0.534	0.354	0.438	0.498	0.566	0.364	0.433	0.362	0.038	0.673	0.310	0.481	0.648	0.667	0.376	0.091	0.618	0.495	0.434	0.478	0.576	0.358	0.418	0.354	0.040	0.654	0.312	0.473	0.625	0.652	0.535	0.079	0.585	0.363	0.430	0.455	0.507	0.349	0.414	0.344	0.039
12:02:38	25.1	0.578	0.276	0.427	0.621	0.582	0.381	0.091	0.554	0.377	0.442	0.513	0.576	0.363	0.434	0.358	0.038	0.678	0.318	0.496	0.663	0.672	0.285	0.100	0.639	0.519	0.444	0.523	0.597	0.360	0.427	0.353	0.040	0.665	0.322	0.491	0.632	0.666	0.327	0.083	0.609	0.380	0.439	0.473	0.525	0.352	0.423	0.343	0.039
12:18:21	25.1	0.586	0.292	0.446	0.634	0.602	0.284	0.096	0.573	0.403	0.454	0.525	0.596	0.367	0.444	0.360	0.038	0.688	0.331	0.520	0.670	0.680	0.257	0.103	0.664	0.547	0.457	0.517	0.622	0.366	0.437	0.356	0.040	0.680	0.333	0.514	0.652	0.680	0.334	0.088	0.635	0.402	0.449	0.494	0.544	0.357	0.432	0.346	0.039
12:34:03	25.1	0.601	0.301	0.467	0.646	0.619	0.272	0.101	0.597	0.427	0.465	0.540	0.616	0.373	0.452	0.362	0.038	0.692	0.344	0.534	0.680	0.690	0.283	0.110	0.692	0.573	0.475	0.530	0.646	0.373	0.448	0.359	0.040	0.683	0.343	0.526	0.666	0.688	0.323	0.094	0.661	0.424	0.466	0.512	0.561	0.363	0.442	0.350	0.039
12:49:46	25.1	0.609	0.307	0.484	0.664	0.631	0.287	0.108	0.623	0.448	0.483	0.559	0.640	0.380	0.465	0.366	0.038	0.690	0.352	0.551	0.688	0.697	0.298	0.120	0.717	0.597	0.497	0.551	0.673	0.381	0.464	0.362	0.040	0.687	0.352	0.543	0.674	0.696	0.344	0.100	0.688	0.445	0.487	0.525	0.582	0.370	0.457	0.355	0.039
13:05:28	25.1	0.622	0.318	0.499	0.675	0.644	0.370	0.116	0.649	0.472	0.506	0.585	0.665	0.387	0.479	0.371	0.038	0.690	0.359	0.567	0.693	0.705	0.409	0.129	0.735	0.611	0.519	0.575	0.697	0.390	0.478	0.367	0.040	0.684	0.360	0.557	0.672	0.704	0.465	0.107	0.708	0.465	0.509	0.548	0.604	0.378	0.470	0.361	0.039
13:21:11	25.1	0.626	0.326	0.517	0.679	0.656	0.509	0.125	0.673	0.498	0.529	0.606	0.692	0.396	0.496	0.377	0.038	0.687	0.368	0.581	0.701	0.713	0.355	0.141	0.745	0.634	0.527	0.595	0.721	0.397	0.493	0.374	0.040	0.680	0.368	0.569	0.684	0.712	0.364	0.114	0.719	0.492	0.530	0.565	0.629	0.386	0.487	0.367	0.039
13:36:53	25.1	0.627	0.333	0.530	0.687	0.666	0.343	0.137	0.697	0.523	0.540	0.623	0.719	0.405	0.510	0.382	0.038	0.683	0.374	0.593	0.702	0.718	0.456	0.153	0.757	0.655	0.539	0.625	0.744	0.405	0.508	0.378	0.040	0.678	0.373	0.579	0.686	0.719	0.523	0.123	0.726	0.514	0.539	0.587	0.656	0.393	0.504	0.374	0.039
13:52:36	25.0	0.627	0.338	0.545	0.688	0.677	0.400	0.149	0.718	0.549	0.551	0.641	0.740	0.414	0.527	0.388	0.038	0.681	0.384	0.601	0.706	0.723	0.361	0.168	0.770	0.680	0.549	0.638	0.764	0.416	0.522	0.385	0.040	0.674	0.376	0.586	0.690	0.724	0.397	0.132	0.740	0.540	0.551	0.605	0.682	0.400	0.518	0.382	0.039
14:08:18	25.1	0.635	0.352	0.564	0.709	0.693	0.368	0.166	0.733	0.580	0.565	0.666	0.768	0.426	0.548	0.400	0.038	0.684	0.399	0.614	0.716	0.734	0.389	0.187	0.787	0.706	0.562	0.653	0.782	0.425	0.537	0.394	0.040	0.674	0.385	0.599	0.698	0.731	0.455	0.146	0.753	0.567	0.566	0.630	0.709	0.410	0.534	0.392	0.039
14:24:01	25.1	0.630	0.348	0.562	0.703	0.690	0.401	0.178	0.735	0.601	0.573	0.673	0.785	0.434	0.561	0.403	0.038	0.676	0.397	0.616	0.711	0.735	0.521	0.200	0.794	0.722	0.572	0.669	0.792	0.433	0.545	0.398	0.040	0.670	0.391	0.601	0.692	0.733	0.574	0.156	0.768	0.577	0.575	0.645	0.731	0.414	0.545	0.397	0.039
14:39:44	25.1	0.635	0.362	0.585	0.715	0.704	0.418	0.197	0.754	0.620	0.587	0.692	0.806	0.446	0.578	0.414	0.038	0.684	0.410	0.630	0.724	0.747	0.667	0.221	0.807	0.746	0.589	0.685	0.804	0.440	0.559	0.407	0.040	0.674	0.398	0.615	0.704	0.744	0.741	0.174	0.779	0.604	0.591	0.661	0.757	0.425	0.559	0.406	0.039
14:55:26	25.1	0.631	0.362	0.582	0.705	0.703	0.432	0.211	0.758	0.638	0.599	0.702	0.813	0.449	0.586	0.417	0.038	0.682	0.406	0.633	0.718	0.749	0.653	0.241	0.816	0.763	0.607	0.696	0.809	0.446	0.565	0.411	0.040	0.670	0.402	0.619	0.699	0.747	0.549	0.187	0.783	0.620	0.607	0.683	0.772	0.427	0.569	0.410	0.039
15:11:09	25.0	0.629	0.365	0.592	0.707	0.707	0.444	0.231	0.766	0.661	0.616	0.707	0.824	0.457	0.593	0.421	0.038	0.683	0.413	0.643	0.725	0.755	0.441	0.259	0.817	0.781	0.625	0.707	0.818	0.451	0.575	0.417	0.040	0.674	0.410	0.630	0.701	0.754	0.610	0.201	0.796	0.642	0.629	0.689	0.789	0.433	0.582	0.417	0.039
15:26:51	25.1	0.630	0.375	0.601	0.707	0.714	0.456	0.251	0.773	0.685	0.636	0.712	0.833	0.464	0.604	0.430	0.038	0.688	0.418	0.655	0.724	0.763	0.476	0.283	0.817	0.796	0.645	0.714	0.817	0.459	0.587	0.423	0.040	0.677	0.414	0.639	0.707	0.762	0.598	0.220	0.799	0.663	0.648	0.699	0.799	0.438	0.590	0.422	0.039
15:42:34	25.1	0.634	0.378	0.613	0.712	0.724	0.678	0.277	0.778	0.706	0.656	0.719	0.836	0.472	0.613	0.433	0.038	0.693	0.422	0.666	0.734	0.772	0.456	0.305	0.827	0.808	0.664	0.717	0.814	0.463	0.594	0.430	0.040	0.681	0.422	0.651	0.706	0.769	0.474	0.240	0.801	0.679	0.669	0.715	0.810	0.443	0.601	0.428	0.039
15:58:17	25.1	0.639	0.380	0.625	0.713	0.731	0.488	0.301	0.787	0.724	0.676	0.733	0.839	0.478	0.624	0.442	0.038	0.701	0.430	0.681	0.737	0.781	0.581	0.331	0.826	0.818	0.684	0.730	0.816	0.471	0.604	0.436	0.040	0.687	0.429	0.663	0.707	0.778	0.514	0.258	0.803	0.699	0.690	0.713	0.819	0.448	0.608	0.434	0.039
16:13:59	25.1	0.645	0.385	0.637	0.714	0.741	0.517	0.329	0.796	0.742	0.696	0.721	0.837	0.484	0.632	0.448	0.038	0.707	0.436	0.693	0.743	0.786	0.643	0.358	0.821	0.827	0.703	0.734	0.814	0.475	0.614	0.442	0.040	0.693	0.434	0.676	0.711	0.785	0.639	0.282	0.804	0.716	0.711	0.727	0.820	0.454	0.615	0.439	0.039
16:29:42	25.0	0.650	0.390	0.649	0.717	0.747	0.562	0.396	0.789	0.760	0.713	0.729	0.834	0.489	0.638	0.452	0.039	0.713	0.443	0.706	0.747	0.790	0.553	0.386	0.826	0.834	0.723	0.729	0.808	0.481	0.620	0.447	0.040	0.698	0.441	0.688	0.723	0.792	0.519	0.306	0.805	0.735	0.730	0.718	0.821	0.459	0.627	0.444	0.039
16:45:24	25.0	0.655	0.394	0.661	0.719	0.756	0.526	0.386	0.798	0.778	0.734	0.737	0.832	0.496	0.645	0.459	0.038	0.721	0.448	0.715	0.754	0.797	0.880	0.412	0.825	0.842	0.745	0.728	0.807	0.486	0.628	0.453	0.040	0.704	0.447	0.700	0.726	0.798	0.561	0.332	0.803	0.750	0.751	0.720	0.821	0.462	0.634	0.448	0.039
17:01:07	25.1	0.660	0.396	0.675	0.718	0.760	0.558	0.415	0.798	0.791	0.754	0.724	0.828	0.500	0.655	0.464	0.038	0.726	0.455	0.726	0.758	0.801	0.594	0.440	0.825	0.848	0.765	0.727	0.805	0.490	0.637	0.457	0.040	0.710	0.452	0.708	0.730	0.803	0.640	0.358	0.805	0.763	0.775	0.720	0.818	0.464	0.643	0.452	0.039
17:16:49	25.1	0.664	0.403	0.684	0.721	0.765	0.635	0.443	0.795	0.803	0.773	0.723	0.825	0.505	0.662	0.467	0.039	0.733	0.461	0.731	0.762	0.805	0.653	0.469	0.826	0.854	0.781	0.723	0.803	0.494	0.644	0.461	0.040	0.717	0.456	0.714	0.735	0.806	0.622	0.385	0.808	0.771	0.795	0.720	0.817	0.469	0.649	0.456	0.039
17:32:32	25.1	0.671	0.404	0.688	0.723	0.768	0.703	0.473	0.792	0.818	0.791	0.719	0.823	0.509	0.669	0.472	0.039	0.740	0.469	0.737	0.767	0.807	0.565	0.497	0.824	0.860	0.796	0.720	0.800	0.500	0.651	0.465	0.040	0.722	0.465	0.719	0.742	0.810	0.566	0.414	0.804	0.780	0.814	0.714	0.818	0.472	0.658	0.460	0.039
17:48:14	25.0	0.674	0.408	0.692	0.741	0.769	0.648	0.524	0.791	0.824	0.807	0.711	0.819	0.512	0.677	0.476	0.038	0.748	0.473	0.740	0.772	0.811	0.676	0.521	0.826	0.861	0.810	0.711	0.795	0.500	0.658	0.469	0.040	0.729	0.470	0.723	0.746	0.814	0.604	0.442	0.802	0.792	0.828	0.710	0.811	0.475	0.665	0.460	0.039
18:03:57	25.1	0.682	0.412	0.700	0.742	0.774	0.637	0.532	0.791	0.836	0.823	0.710	0.817	0.516	0.684	0.480	0.038	0.757	0.478	0.749	0.775	0.814	0.621	0.542	0.822	0.863	0.824	0.706	0.791	0.501	0.664	0.472	0.040	0.737	0.473	0.729	0.750	0.815	0.649	0.470	0.801	0.798	0.841	0.703	0.809	0.477	0.670	0.464	0.039
18:19:40	25.1	0.688	0.415	0.704	0.745	0.776	0.629	0.551	0.791	0.845	0.839	0.706	0.815	0.517	0.692	0.484	0.038	0.763	0.485	0.755	0.779	0.816	0.715	0.564	0.822	0.862	0.831	0.700	0.788	0.503	0.666	0.477	0.040	0.744	0.478	0.734	0.753	0.818	0.660	0.500	0.803	0.804	0.852	0.697	0.809	0.482	0.674	0.465	0.039
18:35:22	25.1	0.694	0.420	0.711	0.752	0.779	0.640	0.586	0.795	0.853	0.847	0.698	0.809	0.515	0.698	0.486	0.038	0.771	0.487	0.763	0.784	0.819	0.902	0.585	0.819	0.867	0.837	0.692	0.784	0.503	0.669	0.479	0.040	0.752	0.483	0.742	0.756	0.821	0.733	0.519	0.801	0.811	0.862	0.691	0.807	0.485	0.682	0.468	0.039
18:51:05	25.1	0.707	0.430	0.732	0.767	0.793	0.717	0.607	0.793	0.862	0.858	0.697	0.808	0.521	0.708	0.496	0.038	0.784	0.492	0.779	0.795	0.830	0.637	0.609	0.824	0.871	0.843	0.687	0.778	0.506	0.674	0.485	0.040	0.760	0.490	0.755	0.767	0.828	0.935	0.548	0.804	0.815	0.869	0.688	0.804	0.485	0.686	0.471	0.039
19:06:48	25.1	0.713	0.434	0.739	0.772	0.794	0.824	0.671	0.790	0.865	0.862	0.689	0.802	0.521	0.711	0.498	0.038	0.791	0.496	0.786	0.798	0.833	0.640	0.628	0.823	0.870	0.846	0.678	0.774	0.505	0.674	0.487	0.040	0.767	0.492	0.763	0.769	0.833	0.762	0.568	0.804	0.824	0.875	0.681	0.805	0.487	0.687	0.475	0.039
19:22:30	25.0	0.713	0.429	0.734	0.761	0.784	0.680	0.639	0.786	0.863	0.863	0.684	0.795	0.516	0.710	0.493	0.038	0.790	0.493	0.786	0.794	0.827	0.671	0.643	0.822	0.872	0.848	0.667	0.768	0.505	0.672	0.486	0.040	0.771	0.491	0.766	0.765	0.829	0.692	0.586	0.802	0.819	0.876	0.672	0.799	0.483	0.685	0.473	0.039
19:38:13	25.1	0.714	0.431	0.745	0.764	0.787	0.708	0.657	0.784	0.866	0.866	0.671	0.790	0.522	0.711	0.496	0.038	0.798	0.493	0.793	0.798	0.832	0.830	0.661	0.819	0.877	0.851	0.663	0.759	0.505	0.670	0.488	0.040	0.778	0.491	0.772	0.769	0.834	0.780	0.609	0.804	0.823	0.879	0.665	0.794	0.483	0.685	0.475	0.039
19:53:56	25.1	0.718	0.435	0.750	0.768	0.788	0.702	0.676	0.781	0.866	0.868	0.665	0.784	0.516	0.709	0.499	0.038	0.803	0.494	0.801	0.803	0.834	0.760	0.677	0.823	0.878	0.853	0.656	0.757	0.510	0.668	0.491	0.040	0.783	0.492	0.780	0.774	0.835	0.825	0.629	0.800	0.821	0.881	0.663	0.789	0.484	0.681	0.475	0.039
20:09:38	25.1	0.722	0.436	0.759	0.773	0.791	0.733	0.700	0.782	0.871	0.870	0.658	0.777	0.517	0.708	0.500	0.038	0.809	0.497	0.808	0.808	0.837	0.704	0.691	0.820	0.878	0.854	0.649	0.748	0.514	0.665	0.493	0.040	0.787	0.491	0.787	0.776	0.837	0.770	0.646	0.800	0.824	0.883	0.648	0.785	0.482	0.677	0.476	0.039
20:25:21	25.1	0.725	0.446	0.779	0.786	0.804	0.699	0.725	0.781	0.872	0.872	0.653	0.775	0.523	0.710	0.508	0.038	0.821	0.504	0.822	0.821	0.847	0.761	0.709	0.823	0.885	0.858	0.643	0.742	0.522	0.664	0.497	0.040	0.797	0.496	0.798	0.789	0.846	0.739	0.668	0.806	0.827	0.888	0.649	0.784	0.488	0.675	0.481	0.039
20:41:03	25.1	0.726	0.445	0.770	0.777	0.794	0.760	0.726	0.779	0.870	0.872	0.646	0.766	0.523	0.700	0.503	0.038	0.819	0.499	0.821	0.821	0.844	0.777	0.718	0.821	0.885	0.860	0.632	0.734	0.527	0.655	0.495	0.040	0.796	0.497	0.798	0.785	0.844	0.750	0.676	0.803	0.823	0.891	0.639	0.778	0.487	0.669	0.480	0.039
20:56:46	25.1	0.725	0.440	0.779	0.780	0.797	0.749	0.740	0.780	0.871	0.876	0.640	0.758	0.529	0.697	0.505	0.038	0.826	0.501	0.826	0.827	0.848	0.673	0.732	0.817	0.889	0.864	0.626	0.727	0.534	0.650	0.497	0.040	0.800	0.495	0.802	0.789	0.848	1.208	0.687	0.803	0.824	0.895	0.631	0.771	0.491	0.665	0.481	0.039
21:12:29	25.1	0.724	0.444	0.785	0.783	0.801	0.751	0.748	0.774	0.869	0.877	0.634	0.750	0.535	0.694	0.506	0.038	0.832	0.501	0.830	0.831	0.851	0.703	0.746	0.818	0.890	0.868	0.624	0.717	0.540	0.646	0.498	0.040	0.808	0.496	0.806	0.794	0.852	0.714	0.700	0.804	0.828	0.900	0.627	0.768	0.498	0.659	0.481	0.039
21:28:11	25.1	0.726	0.447	0.790	0.784	0.802	0.813	0.764	0.778	0.871	0.883	0.630	0.740	0.541	0.688	0.506	0.038	0.837	0.503	0.836	0.836	0.855	1.055	0.757	0.820	0.890	0.871	0.616	0.711	0.546	0.641	0.499	0.040	0.812	0.496	0.811	0.800	0.854	0.889	0.715	0.805	0.824	0.906	0.618	0.762	0.501	0.652	0.481	0.039
21:43:54	25.1	0.724	0.457	0.806	0.801	0.816	0.730	0.785	0.780	0.873	0.886	0.625	0.738	0.553	0.687	0.515	0.038	0.851	0.510	0.848	0.850	0.867	0.953	0.769	0.822	0.896	0.876	0.613	0.707	0.552	0.638	0.504	0.040	0.822	0.499	0.823	0.811	0.863	0.869	0.735	0.801	0.829	0.909	0.615	0.755	0.509	0.649	0.484	0.039
21:59:36	25.1	0.724	0.453	0.797	0.789	0.805	0.832	0.787	0.772	0.871	0.890	0.617	0.724	0.553	0.674	0.509	0.038	0.846	0.507	0.847	0.848	0.863	0.723	0.775	0.823	0.897	0.878	0.605	0.698	0.553	0.631	0.502	0.040	0.821	0.499	0.823	0.808	0.861	0.785	0.741	0.804	0.827	0.912	0.608	0.748	0.513	0.642	0.481	0.039
22:15:19	25.0	0.721	0.450	0.804	0.793	0.809	0.854	0.799	0.775	0.874	0.894	0.613	0.717	0.557	0.669	0.511	0.038	0.851	0.507	0.851	0.854	0.865	0.702	0.784	0.825	0.899	0.882	0.601	0.691	0.555	0.623	0.504	0.040	0.826	0.498	0.825	0.813	0.864	0.784	0.750	0.806	0.831	0.917	0.604	0.740	0.515	0.632	0.480	0.039
22:31:01	25.1	0.720	0.455	0.811	0.795	0.813	0.769	0.809	0.777	0.874	0.894	0.609	0.709	0.560	0.660	0.513	0.038	0.857	0.508	0.854	0.858	0.869	1.051	0.790	0.824	0.902	0.883	0.594	0.683	0.556	0.616	0.506	0.040	0.829	0.499	0.832	0.817	0.869	0.755	0.759	0.811	0.826	0.920	0.595	0.734	0.520	0.627	0.481	0.039
22:46:44	25.1	0.717	0.453	0.815	0.797	0.815	0.770	0.814	0.775	0.877	0.899	0.603	0.700	0.562	0.653	0.515	0.038	0.862	0.510	0.860	0.864	0.873	0.728	0.797	0.825	0.903	0.887	0.592	0.676	0.555	0.610	0.509	0.040	0.834	0.501	0.832	0.821	0.871	0.785	0.766	0.812	0.831	0.926	0.590	0.728	0.522	0.623	0.483	0.039
23:02:27	25.1	0.715	0.453	0.818	0.799	0.817	0.945	0.822	0.774	0.878	0.902	0.595	0.694	0.563	0.648	0.519	0.038	0.865	0.511	0.864	0.871	0.877	0.748	0.803	0.827	0.904	0.890	0.586	0.667	0.555	0.603	0.513	0.040	0.840	0.501	0.839	0.825	0.874	0.733	0.775	0.811	0.835	0.933	0.588	0.725	0.525	0.615	0.484	0.039
23:18:09	25.1	0.710	0.460	0.832	0.813	0.827	0.867	0.834	0.771	0.880	0.905	0.594	0.685	0.564	0.643	0.528	0.038	0.877	0.519	0.876	0.879	0.887	0.792	0.816	0.834	0.906	0.895	0.582	0.660	0.556	0.599	0.521	0.040	0.847	0.504	0.847	0.837	0.882	0.981	0.789	0.811	0.834	0.934	0.585	0.717	0.526	0.610	0.488	0.039
23:33:52	25.0	0.710	0.455	0.827	0.801	0.821	0.760	0.834	0.774	0.879	0.909	0.593	0.675	0.561	0.634	0.526	0.038	0.874	0.513	0.873	0.876	0.880	0.760	0.818	0.832	0.911	0.897	0.577	0.652	0.552	0.593	0.523	0.040	0.847	0.502	0.847	0.831	0.880	0.830	0.790	0.814	0.835	0.936	0.579	0.709	0.526	0.603	0.488	0.039
23:49:35	25.1	0.707	0.454	0.831	0.804	0.824	0.786	0.837	0.778	0.880	0.913	0.586	0.665	0.559	0.623	0.531	0.038	0.881	0.514	0.877	0.881	0.887	0.901	0.824	0.829	0.911	0.902	0.573	0.645	0.548	0.586	0.528	0.040	0.851	0.503	0.851	0.835	0.882	0.744	0.793	0.816	0.835	0.940	0.576	0.702	0.524	0.596	0.490	0.039
24:05:17	25.1	0.704	0.453	0.834	0.807	0.828	0.894	0.843	0.772	0.880	0.915	0.583	0.659	0.557	0.617	0.535	0.038	0.885	0.516	0.880	0.883	0.889	0.802	0.829	0.837	0.914	0.904	0.571	0.639	0.545	0.579	0.532	0.040	0.854	0.503	0.854	0.835	0.885	0.765	0.800	0.814	0.836	0.944	0.571	0.695	0.521	0.590	0.494	0.039
24:21:00	25.1	0.702	0.453	0.839	0.808	0.829	0.768	0.848	0.777	0.885	0.918	0.580	0.649	0.554	0.612	0.539	0.038	0.889	0.517	0.884	0.888	0.892	0.754	0.836	0.838	0.917	0.907	0.568	0.632	0.542	0.574	0.538	0.040	0.860	0.505	0.857	0.843	0.890	0.811	0.805	0.817	0.835	0.947	0.567	0.688	0.521	0.584	0.495	0.039
24:36:42	25.1	0.699	0.455	0.842	0.809	0.830	0.925	0.852	0.774	0.884	0.921	0.578	0.641	0.550	0.604	0.544	0.038	0.892	0.518	0.887	0.891	0.894	0.915	0.840	0.842	0.920	0.910	0.562	0.626	0.537	0.567	0.540	0.040	0.862	0.504	0.861	0.843	0.891	0.929	0.814	0.822	0.838	0.948	0.572	0.678	0.518	0.577	0.497	0.039
24:52:25	25.1	0.696	0.451	0.845	0.813	0.833	0.776	0.891	0.775	0.886	0.922	0.572	0.634	0.548	0.597	0.549	0.042	0.898	0.521	0.893	0.893	0.897	0.740	0.843	0.840	0.921	0.913	0.559	0.619	0.534	0.562	0.544	0.040	0.867	0.506	0.864	0.845	0.894	0.858	0.819	0.822	0.839	0.952	0.559	0.675	0.513	0.571	0.500	0.039
25:08:07	25.1	0.693	0.452	0.844	0.812	0.834	1.057	0.860	0.773	0.888	0.927	0.571	0.626	0.542	0.591	0.552	0.038	0.902	0.520	0.894	0.894	0.900	0.840	0.845	0.844	0.924	0.917	0.555	0.612	0.529	0.557	0.546	0.040	0.871	0.505	0.867	0.848	0.898	0.761	0.824	0.827	0.839	0.954	0.558	0.667	0.512	0.569	0.504	0.039
25:23:50	25.1	0.685	0.458	0.858	0.826	0.845	0.804	0.867	0.775	0.890	0.932	0.571	0.619	0.542	0.587	0.561	0.038	0.915	0.526	0.909	0.906	0.914	0.756	0.854	0.848	0.926	0.921	0.554	0.606	0.526	0.553	0.552	0.040	0.879	0.508	0.877	0.860	0.908	0.942	0.836	0.827	0.840	0.959	0.551	0.663	0.511	0.562	0.511	0.039
25:39:33	25.1	0.687	0.455	0.849	0.812	0.839	0.876	0.862	0.775	0.892	0.934	0.563	0.610	0.535	0.579	0.558	0.038	0.914	0.524	0.902	0.901	0.910	0.774	0.854	0.846	0.930	0.926	0.549	0.598	0.522	0.548	0.549	0.040	0.879	0.508	0.873	0.853	0.906	0.846	0.830	0.830	0.840	0.960	0.548	0.655	0.504	0.557	0.510	0.039
25:55:15	25.1	0.683	0.451	0.855	0.816	0.840	0.926	0.860	0.775	0.894	0.937	0.559	0.602	0.529	0.573	0.556	0.038	0.917	0.523	0.905	0.902	0.911	0.742	0.857	0.851	0.933	0.930	0.545	0.592	0.516	0.542	0.549	0.040	0.883	0.507	0.876	0.855	0.909	0.945	0.832	0.833	0.842	0.965	0.545	0.648	0.500	0.553	0.509	0.039
26:10:58	25.1	0.679	0.450	0.858	0.816	0.843	0.923	0.863	0.775	0.896	0.941	0.557	0.595	0.525	0.567	0.557	0.038	0.921	0.525	0.908	0.905	0.916	0.857	0.860	0.850	0.933	0.932	0.544	0.586	0.512	0.538	0.549	0.040	0.886	0.509	0.879	0.856	0.913	0.866	0.837	0.830	0.842	0.969	0.543	0.641	0.498	0.548	0.511	0.039
26:26:41	25.1	0.670	0.455	0.865	0.828	0.851	0.884	0.880	0.776	0.898	0.944	0.652	0.590	0.523	0.565	0.564	0.038	0.934	0.532	0.922	0.916	0.928	0.791	0.872	0.855	0.939	0.938	0.538	0.580	0.509	0.535	0.549	0.040	0.894	0.511	0.889	0.865	0.920	0.851	0.848	0.838	0.845	0.973	0.540	0.637	0.494	0.546	0.514	0.039
26:42:23	25.1	0.669	0.451	0.858	0.817	0.845	0.948	0.866	0.776	0.902	0.948	0.552	0.582	0.515	0.557	0.555	0.038	0.929	0.528	0.915	0.909	0.923	0.795	0.872	0.853	0.938	0.941	0.536	0.574	0.502	0.530	0.546	0.040	0.893	0.507	0.886	0.858	0.918	0.808	0.844	0.840	0.844	0.976	0.535	0.630	0.489	0.539	0.510	0.039
26:58:06	25.1	0.665	0.447	0.862	0.819	0.846	0.874	0.869	0.774	0.900	0.952	0.553	0.575	0.510	0.553	0.554	0.038	0.936	0.530	0.918	0.911	0.926	0.780	0.877	0.856	0.945	0.945	0.537	0.568	0.497	0.526	0.543	0.040	0.898	0.508	0.888	0.859	0.922	1.089	0.849	0.840	0.844	0.977	0.533	0.622	0.484	0.534	0.508	0.039
27:13:49	25.1	0.659	0.444	0.862	0.820	0.847	0.856	0.869	0.777	0.905	0.955	0.547	0.567	0.504	0.549	0.551	0.038	0.939	0.530	0.921	0.912	0.929	0.766	0.879	0.862	0.945	0.949	0.529	0.564	0.492	0.523	0.539	0.040	0.902	0.510	0.889	0.863	0.924	0.817	0.854	0.842	0.845	0.982	0.528	0.620	0.480	0.530	0.507	0.039
27:29:31	25.1	0.652	0.443	0.863	0.821	0.847	0.844	0.875	0.775	0.904	0.960	0.547	0.561	0.499	0.542	0.549	0.038	0.944	0.532	0.923	0.913	0.933	0.826	0.884	0.863	0.945	0.954	0.529	0.558	0.488	0.519	0.536	0.040	0.905	0.511	0.893	0.863	0.927	0.868	0.857	0.844	0.843	0.985	0.524	0.616	0.477	0.527	0.505	0.039
27:45:14	25.1	0.645	0.443	0.864	0.820	0.850	0.845	0.876	0.773	0.908	0.963	0.541	0.555	0.495	0.538	0.545	0.038	0.947	0.533	0.926	0.914	0.934	0.753	0.889	0.865	0.950	0.957	0.532	0.552	0.483	0.515	0.532	0.040	0.909	0.512	0.896	0.863	0.931	0.947	0.863	0.849	0.847	0.991	0.522	0.609	0.472	0.523	0.502	0.039
28:00:57	25.1	0.638	0.439	0.865	0.822	0.852	0.871	0.881	0.770	0.909	0.966	0.541	0.548	0.488	0.534	0.541	0.038	0.950	0.532	0.929	0.914	0.938	0.802	0.892	0.868	0.954	0.960	0.524	0.547	0.479	0.511	0.528	0.040	0.913	0.512	0.897	0.865	0.934	1.067	0.868	0.849	0.844	0.993	0.520	0.603	0.467	0.518	0.499	0.039
28:16:39	25.1	0.631	0.440	0.866	0.821	0.852	0.859	0.892	0.771	0.912	0.971	0.536	0.543	0.485	0.531	0.539	0.038	0.958	0.535	0.931	0.915	0.942	0.758	0.895	0.868	0.956	0.965	0.522	0.542	0.475	0.508	0.526	0.040	0.914	0.512	0.899	0.868	0.934	0.850	0.872	0.845	0.842	0.999	0.516	0.596	0.465	0.514	0.494	0.039
28:32:22	25.1	0.622	0.438	0.865	0.821	0.852	0.935	0.904	0.767	0.915	0.975	0.535	0.538	0.480	0.526	0.534	0.038	0.958	0.537	0.935	0.917	0.944	0.831	0.898	0.867	0.959	0.970	0.518	0.538	0.471	0.505	0.521	0.040	0.917	0.513	0.900	0.865	0.938	0.808	0.875	0.853	0.843	0.998	0.512	0.589	0.459	0.511	0.492	0.039
28:48:04	25.1	0.615	0.435	0.865	0.819	0.853	1.008	0.886	0.768	0.916	0.978	0.697	0.532	0.475	0.523	0.529	0.038	0.963	0.537	0.935	0.918	0.948	0.819	0.898	0.874	0.961	0.974	0.517	0.532	0.466	0.502	0.516	0.040	0.919	0.513	0.904	0.868	0.941	1.006	0.878	0.855	0.840	1.004	0.509	0.585	0.456	0.509	0.488	0.039
29:03:47	25.1	0.608	0.434	0.865	0.821	0.857	0.916	0.888	0.767	0.915	0.984	0.531	0.527	0.471	0.518	0.526	0.038	0.966	0.537	0.937	0.918	0.950	0.802	0.899	0.873	0.963	0.976	0.513	0.527	0.461	0.500	0.512	0.040	0.921	0.513	0.904	0.868	0.944	0.853	0.880	0.854	0.840	1.003	0.507	0.580	0.451	0.506	0.484	0.039
29:19:30	25.1	0.606	0.435	0.869	0.829	0.861	0.820	0.921	0.765	0.919	0.991	0.555	0.523	0.468	0.518	0.531	0.038	0.976	0.543	0.950	0.926	0.960	0.798	0.906	0.881	0.966	0.982	0.510	0.524	0.458	0.498	0.511	0.040	0.926	0.516	0.914	0.876	0.952	0.946	0.891	0.863	0.840	1.010	0.507	0.574	0.451	0.501	0.483	0.039
29:35:12	25.1	0.595	0.430	0.862	0.819	0.856	0.941	0.889	0.767	0.921	0.990	0.530	0.518	0.464	0.512	0.518	0.038	0.969	0.538	0.942	0.918	0.955	0.842	0.903	0.879	0.968	0.984	0.510	0.519	0.454	0.494	0.504	0.040	0.925	0.515	0.908	0.869	0.948	0.960	0.884	0.860	0.839	1.008	0.501	0.569	0.445	0.497	0.477	0.039
29:50:55	25.1	0.588	0.428	0.867	0.821	0.858	0.897	0.890	0.765	0.924	0.995	0.523	0.513	0.458	0.507	0.512	0.038	0.975	0.540	0.943	0.919	0.958	0.856	0.906	0.879	0.969	0.989	0.505	0.516	0.451	0.491	0.499	0.040	0.928	0.517	0.910	0.870	0.952	0.846	0.886	0.862	0.839	1.013	0.501	0.565	0.439	0.493	0.473	0.039
30:06:38	25.1	0.581	0.426	0.864	0.820	0.859	0.873	0.890	0.760	0.919	0.997	0.524	0.509	0.455	0.505	0.507	0.038	0.977	0.540	0.946	0.920	0.961	0.792	0.908	0.891	0.975	0.990	0.504	0.510	0.446	0.488	0.496	0.040	0.930	0.514	0.911	0.870	0.955	0.887	0.887	0.862	0.839	1.014	0.495	0.559	0.436	0.490	0.469	0.039
30:22:20	25.1	0.575	0.423	0.866	0.818	0.860	0.850	0.888	0.756	0.924	1.000	0.519	0.504	0.460	0.500	0.503	0.038	0.980	0.542	0.948	0.920	0.964	0.782	0.911	0.887	0.977	0.993	0.503	0.505	0.443	0.485	0.491	0.040	0.932	0.516	0.913	0.870	0.956	0.962	0.888	0.866	0.833	1.019	0.493	0.552	0.433	0.486	0.466	0.039
30:38:03	25.1	0.572	0.419	0.861	0.818	0.862	0.834	0.889	0.756	0.927	1.004	0.516	0.501	0.446	0.499	0.499	0.038	0.982	0.540	0.945	0.920	0.966	0.779	0.914	0.894	0.979	0.996	0.501	0.503	0.440	0.482	0.488	0.040	0.934	0.518	0.913	0.872	0.960	0.932	0.889	0.868	0.835	1.019	0.489	0.551	0.430	0.485	0.462	0.039
30:53:45	25.1	0.566	0.418	0.864	0.819	0.863	0.920	0.888	0.755	0.930	1.007	0.513	0.496	0.441	0.494	0.495	0.038	0.984	0.543	0.950	0.920	0.971	1.065	0.919	0.895	0.984	1.000	0.497	0.499	0.435	0.479	0.484	0.040	0.936	0.517	0.915	0.873	0.963	0.793	0.893	0.873	0.832	1.021	0.489	0.546	0.427	0.482	0.459	0.039
31:09:28	25.1	0.563	0.416	0.863	0.819	0.864	1.036	0.888	0.750	0.929	1.009	0.512	0.492	0.440	0.492	0.492	0.038	0.988	0.544	0.951	0.922	0.975	0.795	0.919	0.892	0.987	1.002	0.495	0.495	0.433	0.479	0.480	0.040	0.938	0.516	0.918	0.871	0.966	1.062	0.896	0.879	0.830	1.023	0.487	0.540	0.424	0.478	0.455	0.039
31:25:11	25.1	0.559	0.413	0.862	0.817	0.863	0.960	0.889	0.749	0.932	1.011	0.510	0.489	0.436	0.488	0.486	0.038	0.992	0.545	0.952	0.919	0.977	0.885	0.922	0.902	0.990	1.004	0.492	0.490	0.428	0.475	0.476	0.040	0.940	0.517	0.919	0.872	0.969	1.020	0.897	0.883	0.830	1.026	0.485	0.537	0.420	0.477	0.452	0.039
31:40:53	25.1	0.555	0.410	0.862	0.817	0.864	1.023	0.888	0.745	0.932	1.014	0.511	0.486	0.433	0.487	0.483	0.038	0.995	0.546	0.953	0.921	0.981	0.783	0.925	0.898	0.990	1.007	0.491	0.487	0.426	0.474	0.472	0.040	0.942	0.517	0.920	0.873	0.971	1.009	0.901	0.882	0.821	1.028	0.478	0.531	0.416	0.473	0.449	0.039
31:56:36	25.1	0.550	0.409	0.861	0.815	0.866	0.912	0.889	0.742	0.936	1.015	0.507	0.482	0.436	0.484	0.479	0.038	0.999	0.548	0.955	0.923	0.985	0.917	0.928	0.900	0.995	1.010	0.489	0.484	0.424	0.472	0.470	0.040	0.945	0.518	0.920	0.872	0.974	0.930	0.904	0.885	0.822	1.028	0.477	0.529	0.413	0.470	0.444	0.039
32:12:19	25.1	0.548	0.407	0.861	0.813	0.868	0.926	0.890	0.738	0.937	1.017	0.504	0.479	0.426	0.481	0.476	0.038	1.000	0.548	0.959	0.923	0.986	0.795	0.931	0.906	0.998	1.012	0.487	0.480	0.420	0.469	0.466	0.040	0.945	0.519	0.922	0.870	0.978	1.058	0.907	0.888	0.816	1.025	0.476	0.524	0.411	0.468	0.442	0.039
32:28:01	25.1	0.544	0.406	0.862	0.814	0.867	0.912	0.891	0.735	0.940	1.021	0.503	0.477	0.422	0.479	0.473	0.038	1.005	0.548	0.957	0.922	0.990	0.797	0.934	0.907	0.998	1.013	0.485	0.477	0.417	0.467	0.461	0.040	0.948	0.521	0.922	0.872	0.980	1.061	0.910	0.893	0.813	1.029	0.471	0.521	0.407	0.466	0.439	0.039
32:43:44	25.1	0.541	0.405	0.860	0.810	0.868	0.901	0.891	0.736	0.939	1.022	0.500	0.473	0.420	0.475	0.467	0.038	1.006	0.547	0.958	0.922	0.991	1.064	0.936	0.914	1.002	1.015	0.484	0.475	0.414	0.465	0.458	0.040	0.949	0.520	0.924	0.872	0.981	1.004	0.913	0.894	0.810	1.030	0.470	0.515	0.404	0.462	0.435	0.039
32:59:26	25.1	0.539	0.401	0.860	0.810	0.869	0.932	0.891	0.729	0.937	1.025	0.498	0.470	0.418	0.473	0.466	0.038	1.012	0.550	0.961	0.923	0.995	0.868	0.938	0.923	1.007	1.019	0.482	0.470	0.412	0.463	0.456	0.040	0.952	0.520	0.924	0.872	0.985	0.889	0.913	0.898	0.801	1.032	0.466	0.511	0.401	0.459	0.433	0.039
33:15:09	25.1	0.536	0.401	0.859	0.810	0.871	0.990	0.891	0.730	0.944	1.026	0.498	0.469	0.414	0.471	0.461	0.038	1.014	0.552	0.961	0.924	0.998	0.805	0.943	0.919	1.008	1.019	0.480	0.468	0.409	0.461	0.453	0.040	0.953	0.521	0.923	0.870	0.989	0.998	0.916	0.901	0.799	1.030	0.462	0.509	0.399	0.456	0.429	0.039
33:30:52	25.0	0.533	0.399	0.859	0.808	0.871	0.902	0.892	0.726	0.946	1.029	0.495	0.466	0.411	0.469	0.457	0.038	1.016	0.551	0.961	0.924	1.002	0.933	0.943	0.924	1.016	1.022	0.478	0.467	0.406	0.458	0.450	0.040	0.954	0.520	0.927	0.873	0.991	1.071	0.919	0.902	0.797	1.034	0.463	0.505	0.396	0.456	0.427	0.039
33:46:34	25.1	0.532	0.397	0.859	0.808	0.870	0.860	0.890	0.722	0.947	1.030	0.493	0.461	0.420	0.466	0.454	0.038	1.018	0.552	0.964	0.925	1.006	0.914	0.945	0.926	1.018	1.023	0.475	0.461	0.404	0.457	0.447	0.040	0.956	0.521	0.928	0.872	0.995	0.918	0.920	0.908	0.798	1.033	0.459	0.501	0.393	0.451	0.424	0.039
34:02:17	25.1	0.528	0.396	0.858	0.806	0.872	1.085	0.891	0.720	0.948	1.030	0.491	0.459	0.404	0.463	0.451	0.038	1.022	0.553	0.965	0.924	1.007	0.902	0.945	0.928	1.016	1.025	0.476	0.460	0.401	0.455	0.443	0.040	0.957	0.519	0.929	0.871	0.996	0.833	0.922	0.909	0.792	1.032	0.455	0.496	0.389	0.451	0.421	0.039
34:17:59	25.1	0.525	0.394	0.856	0.805	0.871	0.883	0.890	0.718	0.951	1.032	0.487	0.458	0.403	0.462	0.450	0.038	1.024	0.554	0.966	0.925	1.011	1.027	0.947	0.935	1.020	1.028	0.472	0.458	0.400	0.454	0.441	0.040	0.959	0.520	0.929	0.871	0.999	1.001	0.924	0.905	0.789	1.032	0.453	0.493	0.387	0.448	0.418	0.039
34:33:42	25.1	0.522	0.393	0.854	0.805	0.872	1.105	0.890	0.712	0.951	1.029	0.489	0.458	0.401	0.460	0.447	0.038	1.024	0.553	0.966	0.924	1.013	0.807	0.950	0.938	1.023	1.028	0.469	0.454	0.397	0.451	0.438	0.040	0.958	0.522	0.930	0.871	1.000	0.902	0.924	0.908	0.786	1.031	0.450	0.489	0.386	0.446	0.414	0.039
34:49:25	25.1	0.516	0.392	0.853	0.802	0.871	1.028	0.891	0.711	0.954	1.034	0.487	0.456	0.398	0.457	0.443	0.038	1.022	0.554	0.970	0.926	1.017	0.855	0.954	0.939	1.025	1.029	0.467	0.453	0.395	0.449	0.436	0.040	0.954	0.521	0.930	0.872	1.005	0.887	0.927	0.913	0.781	1.029	0.447	0.488	0.382	0.443	0.412	0.039
35:05:07	25.1	0.512	0.392	0.852	0.801	0.872	0.918	0.889	0.708	0.950	1.038	0.485	0.451	0.396	0.454	0.441	0.038	1.023	0.555	0.969	0.925	1.019	1.055	0.954	0.940	1.026	1.030	0.468	0.449	0.392	0.447	0.433	0.040	0.951	0.522	0.930	0.871	1.005	1.046	0.929	0.922	0.778	1.030	0.444	0.482	0.379	0.442	0.409	0.039
35:20:50	25.1	0.510	0.389	0.850	0.801	0.870	0.894	0.887	0.707	0.957	1.033	0.484	0.452	0.393	0.452	0.438	0.038	1.025	0.555	0.969	0.925	1.022	0.986	0.956	0.945	1.028	1.032	0.463	0.448	0.390	0.446	0.431	0.040	0.951	0.523	0.932	0.871	1.009	0.981	0.931	0.925	0.771	1.031	0.443	0.481	0.377	0.439	0.406	0.039
35:36:33	25.1	0.510	0.388	0.847	0.799	0.873	0.850	0.886	0.705	0.955	1.034	0.481	0.449	0.391	0.451	0.436	0.038	1.029	0.557	0.970	0.924	1.025	0.876	0.957	0.947	1.031	1.032	0.463	0.445	0.387	0.444	0.429	0.040	0.951	0.521	0.933	0.870	1.010	1.067	0.932	0.932	0.774	1.028	0.440	0.476	0.374	0.435	0.403	0.039
35:52:15	25.1	0.507	0.387	0.847	0.797	0.870	0.909	0.887	0.706	0.958	1.038	0.477	0.448	0.388	0.448	0.432	0.038	1.031	0.558	0.973	0.926	1.028	0.976	0.958	0.949	1.033	1.032	0.462	0.443	0.385	0.442	0.426	0.040	0.953	0.522	0.932	0.871	1.013	0.880	0.934	0.930	0.766	1.032	0.440	0.471	0.372	0.434	0.402	0.039
36:07:58	25.1	0.502	0.389	0.844	0.798	0.869	1.025	0.887	0.700	0.959	1.038	0.475	0.447	0.386	0.447	0.430	0.042	1.029	0.558	0.973	0.927	1.030	0.967	0.960	0.945	1.037	1.033	0.459	0.443	0.383	0.441	0.423	0.040	0.949	0.522	0.933	0.870	1.014	0.902	0.936	0.929	0.766	1.031	0.436	0.468	0.368	0.431	0.398	0.039
36:23:41	25.1	0.496	0.375	0.839	0.796	0.869	1.035	0.883	0.695	0.956	1.042	0.474	0.444	0.384	0.445	0.426	0.038	1.026	0.559	0.973	0.925	1.033	0.821	0.962	0.952	1.039	1.037	0.459	0.440	0.381	0.440	0.421	0.040	0.943	0.522	0.936	0.870	1.019	0.859	0.936	0.927	0.765	1.029	0.435	0.467	0.367	0.429	0.396	0.039
36:39:24	25.0	0.489	0.363	0.830	0.795	0.867	1.030	0.883	0.697	0.959	1.042	0.473	0.443	0.383	0.444	0.428	0.038	1.029	0.564	0.987	0.936	1.043	0.900	0.968	0.956	1.042	1.040	0.455	0.438	0.381	0.439	0.420	0.040	0.940	0.527	0.940	0.879	1.026	1.083	0.946	0.936	0.765	1.029	0.430	0.463	0.365	0.426	0.394	0.039
36:55:06	25.1	0.484	0.367	0.830	0.791	0.866	0.987	0.881	0.692	0.962	1.042	0.470	0.440	0.379	0.440	0.423	0.038	1.017	0.559	0.976	0.928	1.037	0.863	0.964	0.955	1.043	1.040	0.455	0.437	0.377	0.436	0.417	0.040	0.932	0.522	0.936	0.872	1.026	1.124	0.940	0.922	0.759	1.029	0.428	0.460	0.362	0.426	0.390	0.039
37:10:49	25.1	0.477	0.367	0.827	0.792	0.864	0.957	0.879	0.692	0.965	1.047	0.466	0.439	0.377	0.438	0.419	0.038	1.012	0.561	0.975	0.928	1.038	0.816	0.968	0.962	1.046	1.040	0.452	0.437	0.376	0.435	0.415	0.040	0.922	0.522	0.937	0.871	1.023	0.882	0.941	0.927	0.759	1.022	0.425	0.455	0.360	0.423	0.387	0.039
37:26:31	25.1	0.470	0.355	0.821	0.791	0.862	0.914	0.878	0.691	0.969	1.043	0.465	0.438	0.376	0.437	0.418	0.038	1.006	0.560	0.976	0.927	1.033	0.835	0.968	0.959	1.047	1.043	0.452	0.433	0.374	0.433	0.414	0.040	0.916	0.523	0.938	0.872	1.024	0.994	0.943	0.938	0.755	1.026	0.424	0.453	0.358	0.419	0.386	0.039
37:42:14	25.1	0.462	0.353	0.813	0.789	0.862	0.934	0.876	0.687	0.967	1.048	0.465	0.440	0.376	0.437	0.419	0.038	1.008	0.568	0.986	0.935	1.035	0.843	0.974	0.966	1.046	1.045	0.448	0.435	0.374	0.433	0.413	0.040	0.908	0.526	0.946	0.881	1.034	1.009	0.951	0.936	0.756	1.028	0.428	0.453	0.356	0.417	0.383	0.039
37:57:57	25.1	0.457	0.355	0.808	0.784	0.859	0.881	0.877	0.688	0.970	1.046	0.462	0.439	0.374	0.436	0.431	0.038	1.000	0.566	0.986	0.934	1.031	0.827	0.974	0.976	1.050	1.049	0.447	0.433	0.372	0.432	0.412	0.040	0.899	0.525	0.946	0.882	1.027	0.993	0.951	0.936	0.756	1.025	0.419	0.448	0.354	0.417	0.382	0.039
38:13:40	25.1	0.451	0.357	0.804	0.781	0.858	1.093	0.872	0.684	0.970	1.050	0.460	0.439	0.372	0.433	0.415	0.038	0.994	0.567	0.990	0.935	1.025	0.850	0.975	0.979	1.053	1.044	0.446	0.433	0.371	0.430	0.410	0.040	0.892	0.525	0.947	0.880	1.022	1.096	0.953	0.946	0.753	1.025	0.417	0.446	0.351	0.415	0.379	0.039
38:29:22	25.1	0.447	0.359	0.800	0.782	0.854	0.855	0.868	0.683	0.967	1.049	0.457	0.437	0.368	0.430	0.410	0.038	0.982	0.563	0.980	0.928	1.010	0.861	0.972	0.978	1.053	1.050	0.442	0.429	0.368	0.428	0.407	0.040	0.880	0.523	0.941	0.871	1.010	0.978	0.947	0.949	0.750	1.029	0.413	0.443	0.349	0.410	0.376	0.039
38:45:05	25.1	0.440	0.353	0.795	0.779	0.854	1.059	0.865	0.678	0.972	1.052	0.454	0.438	0.369	0.431	0.411	0.038	0.982	0.568	0.991	0.935	1.017	0.842	0.978	0.974	1.057	1.053	0.443	0.430	0.367	0.427	0.407	0.040	0.875	0.527	0.949	0.880	1.009	0.848	0.956	0.953	0.751	1.025	0.409	0.439	0.348	0.410	0.373	0.039
39:00:47	25.1	0.435	0.347	0.789	0.779	0.847	0.879	0.864	0.675	0.972	1.050	0.452	0.435	0.365	0.427	0.406	0.038	0.969	0.561	0.983	0.930	0.999	0.901	0.977	0.974	1.061	1.053	0.442	0.428	0.365	0.426	0.402	0.040	0.863	0.521	0.939	0.871	1.000	0.889	0.949	0.949	0.747	1.023	0.410	0.436	0.345	0.408	0.371	0.039
39:16:30	25.1	0.429	0.343	0.783	0.774	0.838	0.934	0.859	0.675	0.972	1.046	0.452	0.437	0.363	0.425	0.403	0.038	0.964	0.564	0.984	0.930	0.997	0.960	0.976	0.983	1.059	1.055	0.439	0.428	0.364	0.424	0.402	0.040	0.856	0.521	0.941	0.871	0.995	1.070	0.951	0.952	0.745	1.022	0.403	0.433	0.343	0.406	0.368	0.039
39:32:13	25.1	0.423	0.336	0.783	0.772	0.827	0.888	0.857	0.670	0.974	1.054	0.448	0.437	0.362	0.424	0.402	0.038	0.958	0.565	0.982	0.928	0.991	0.875	0.978	0.980	1.063	1.056	0.435	0.428	0.361	0.423	0.401	0.040	0.846	0.524	0.941	0.872	0.990	0.967	0.951	0.946	0.744	1.022	0.403	0.429	0.341	0.404	0.366	0.039
39:47:55	25.0	0.418	0.333	0.768	0.770	0.819	0.864	0.855	0.667	0.978	1.053	0.447	0.431	0.360	0.422	0.402	0.038	0.951	0.566	0.983	0.929	0.985	0.948	0.977	0.979	1.062	1.057	0.436	0.429	0.361	0.422	0.400	0.040	0.836	0.523	0.942	0.872	0.986	0.891	0.951	0.957	0.740	1.022	0.401	0.429	0.339	0.402	0.364	0.039
40:03:38	25.1	0.412	0.328	0.772	0.765	0.810	1.008	0.852	0.665	0.978	1.055	0.448	0.436	0.359	0.420	0.399	0.038	0.945	0.567	0.984	0.930	0.980	0.887	0.978	0.974	1.067	1.059	0.432	0.427	0.359	0.420	0.397	0.040	0.827	0.523	0.941	0.872	0.980	0.897	0.952	0.956	0.742	1.020	0.398	0.425	0.337	0.401	0.362	0.039
40:19:20	25.1	0.406	0.323	0.760	0.762	0.800	1.000	0.849	0.663	0.980	1.056	0.445	0.436	0.359	0.420	0.398	0.038	0.937	0.564	0.984	0.931	0.979	0.861	0.979	0.981	1.071	1.058	0.431	0.428	0.358	0.420	0.397	0.040	0.819	0.518	0.943	0.870	0.973	0.895	0.953	0.958	0.740	1.020	0.396	0.422	0.336	0.399	0.358	0.039
40:35:03	25.0	0.401	0.320	0.757	0.759	0.789	0.874	0.844	0.661	0.977	1.056	0.442	0.432	0.357	0.417	0.395	0.038	0.930	0.567	0.985	0.931	0.973	0.920	0.979	0.979	1.069	1.060	0.430	0.428	0.357	0.418	0.396	0.040	0.808	0.519	0.943	0.871	0.970	1.064	0.954	0.963	0.738	1.019	0.393	0.420	0.333	0.396	0.356	0.039
40:50:46	25.1	0.395	0.314	0.748	0.754	0.781	0.993	0.840	0.657	0.981	1.060	0.438	0.439	0.356	0.416	0.394	0.038	0.924	0.566	0.985	0.931	0.968	0.934	0.983	0.973	1.071	1.063	0.425	0.427	0.356	0.418	0.394	0.040	0.800	0.521	0.943	0.871	0.965	0.915	0.954	0.963	0.737	1.019	0.390	0.418	0.332	0.394	0.354	0.039
41:06:28	25.1	0.390	0.310	0.744	0.750	0.771	0.937	0.837	0.654	0.977	1.059	0.437	0.435	0.354	0.415	0.393	0.038	0.918	0.567	0.989	0.933	0.964	1.219	0.983	0.980	1.073	1.065	0.426	0.429	0.355	0.416	0.393	0.040	0.790	0.520	0.943	0.871	0.960	0.998	0.955	0.954	0.737	1.017	0.390	0.416	0.329	0.393	0.352	0.039
41:22:11	25.0	0.386	0.307	0.733	0.744	0.763	0.885	0.833	0.651	0.983	1.058	0.435	0.437	0.353	0.414	0.392	0.038	0.911	0.567	0.988	0.931	0.957	0.862	0.983	0.973	1.071	1.065	0.422	0.430	0.354	0.414	0.391	0.040	0.780	0.520	0.942	0.871	0.954	0.957	0.956	0.966	0.737	1.017	0.385	0.411	0.328	0.391	0.350	0.039
41:37:54	25.1	0.380	0.303	0.729	0.742	0.754	0.872	0.829	0.649	0.984	1.060	0.432	0.440	0.353	0.415	0.391	0.038	0.903	0.568	0.987	0.931	0.954	0.853	0.983	0.990	1.074	1.066	0.422	0.430	0.353	0.414	0.391	0.040	0.770	0.520	0.944	0.872	0.951	0.983	0.954	0.952	0.732	1.013	0.384	0.409	0.326	0.389	0.347	0.039
41:53:36	25.1	0.375	0.301	0.723	0.736	0.743	1.101	0.824	0.646	0.981	1.062	0.431	0.439	0.351	0.411	0.389	0.038	0.895	0.566	0.987	0.933	0.948	0.868	0.983	0.981	1.074	1.069	0.419	0.430	0.353	0.413	0.390	0.040	0.760	0.520	0.943	0.872	0.947	0.990	0.955	0.951	0.733	1.012	0.383	0.407	0.325	0.387	0.344	0.039
42:09:19	25.1	0.371	0.296	0.718	0.732	0.734	0.951	0.820	0.643	0.979	1.064	0.429	0.439	0.351	0.411	0.388	0.038	0.889	0.568	0.989	0.934	0.945	0.890	0.983	0.983	1.077	1.073	0.420	0.432	0.352	0.412	0.389	0.040	0.749	0.519	0.944	0.871	0.943	0.883	0.956	0.939	0.734	1.011	0.379	0.405	0.323	0.385	0.343	0.039
42:25:02	25.1	0.366	0.302	0.721	0.729	0.728	1.179	0.816	0.640	0.983	1.065	0.428	0.447	0.352	0.411	0.388	0.038	0.886	0.573	0.999	0.940	0.948	0.982	0.987	0.984	1.076	1.073	0.417	0.433	0.353	0.412	0.389	0.040	0.743	0.523	0.950	0.880	0.944	1.005	0.963	0.968	0.734	1.012	0.377	0.403	0.321	0.382	0.340	0.039
42:40:45	25.1	0.363	0.291	0.706	0.723	0.714	0.838	0.812	0.637	0.980	1.067	0.422	0.442	0.350	0.410	0.385	0.038	0.876	0.568	0.990	0.934	0.934	0.874	0.986	0.996	1.075	1.073	0.414	0.434	0.351	0.411	0.386	0.040	0.730	0.519	0.944	0.869	0.933	0.984	0.957	0.960	0.734	1.009	0.374	0.400	0.319	0.380	0.337	0.039
42:56:27	25.1	0.357	0.287	0.699	0.718	0.703	0.886	0.808	0.634	0.985	1.065	0.422	0.444	0.350	0.407	0.383	0.038	0.870	0.567	0.991	0.933	0.932	1.231	0.987	0.985	1.081	1.075	0.412	0.436	0.351	0.408	0.386	0.040	0.721	0.520	0.944	0.871	0.930	0.868	0.957	0.969	0.734	0.999	0.369	0.400	0.318	0.380	0.335	0.039
43:12:10	25.1	0.352	0.283	0.697	0.714	0.695	0.923	0.804	0.632	0.981	1.064	0.420	0.448	0.349	0.406	0.383	0.038	0.863	0.569	0.989	0.934	0.927	0.842	0.985	0.986	1.079	1.077	0.412	0.435	0.349	0.408	0.384	0.040	0.711	0.516	0.944	0.871	0.924	1.148	0.957	0.951	0.732	0.998	0.369	0.396	0.318	0.378	0.333	0.039
43:27:52	25.1	0.348	0.281	0.690	0.710	0.687	0.960	0.798	0.630	0.981	1.068	0.417	0.451	0.348	0.406	0.382	0.038	0.856	0.568	0.990	0.934	0.922	0.868	0.985	0.985	1.080	1.077	0.408	0.438	0.349	0.406	0.384	0.040	0.702	0.518	0.945	0.871	0.919	0.970	0.957	0.957	0.732	0.992	0.367	0.394	0.315	0.374	0.330	0.039
43:43:35	25.1	0.344	0.278	0.685	0.705	0.675	0.992	0.795	0.626	0.978	1.070	0.418	0.450	0.348	0.405	0.381	0.038	0.850	0.570	0.990	0.933	0.917	1.031	0.987	0.994	1.086	1.073	0.406	0.439	0.349	0.406	0.382	0.040	0.694	0.518	0.946	0.872	0.915	0.930	0.959	0.962	0.733	0.984	0.364	0.392	0.313	0.374	0.328	0.039
43:59:17	25.1	0.338	0.280	0.684	0.705	0.672	1.015	0.789	0.622	0.975	1.070	0.416	0.456	0.350	0.405	0.382	0.038	0.846	0.575	1.000	0.943	0.925	1.086	0.989	0.995	1.085	1.067	0.405	0.443	0.350	0.407	0.384	0.040	0.686	0.520	0.951	0.882	0.917	1.050	0.963	0.950	0.731	0.976	0.360	0.391	0.311	0.370	0.324	0.039
44:15:00	25.1	0.335	0.270	0.676	0.696	0.659	0.971	0.787	0.622	0.977	1.062	0.412	0.453	0.347	0.402	0.378	0.038	0.838	0.568	0.993	0.936	0.911	0.817	0.987	0.989	1.080	1.064	0.404	0.443	0.349	0.405	0.381	0.040	0.675	0.515	0.943	0.871	0.906	0.996	0.957	0.964	0.729	0.965	0.359	0.389	0.311	0.368	0.322	0.039
44:30:42	25.1	0.330	0.269	0.671	0.691	0.652	0.910	0.782	0.620	0.972	1.053	0.408	0.454	0.347	0.402	0.378	0.038	0.831	0.571	0.992	0.935	0.908	0.824	0.987	0.992	1.085	1.062	0.402	0.446	0.349	0.403	0.381	0.040	0.668	0.515	0.944	0.871	0.901	0.972	0.959	0.951	0.729	0.971	0.355	0.386	0.309	0.367	0.319	0.039
44:46:25	25.1	0.323	0.267	0.665	0.684	0.642	0.937	0.778	0.616	0.965	1.055	0.407	0.460	0.347	0.401	0.377	0.038	0.825	0.569	0.991	0.937	0.903	0.899	0.988	0.986	1.086	1.063	0.399	0.445	0.347	0.402	0.379	0.040	0.658	0.515	0.945	0.872	0.897	0.887	0.958	0.947	0.727	0.970	0.353	0.385	0.308	0.363	0.316	0.039
45:02:07	25.1	0.319	0.264	0.660	0.680	0.635	1.002	0.773	0.613	0.969	1.053	0.407	0.465	0.347	0.400	0.376	0.038	0.819	0.569	0.991	0.936	0.899	0.911	0.989	0.976	1.089	1.060	0.395	0.450	0.348	0.403	0.379	0.040	0.650	0.515	0.945	0.871	0.894	1.069	0.959	0.973	0.724	0.959	0.351	0.382	0.307	0.363	0.315	0.039
45:17:50	25.1	0.314	0.263	0.656	0.674	0.628	0.936	0.770	0.611	0.966	1.049	0.404	0.462	0.346	0.398	0.374	0.038	0.813	0.570	0.993	0.937	0.895	0.844	0.989	0.991	1.088	1.060	0.396	0.452	0.347	0.402	0.379	0.040	0.641	0.514	0.946	0.871	0.891	0.947	0.959	0.960	0.724	0.956	0.350	0.379	0.305	0.360	0.312	0.039
45:33:33	25.1	0.309	0.260	0.652	0.670	0.620	0.812	0.765	0.608	0.968	1.049	0.400	0.467	0.346	0.398	0.374	0.038	0.806	0.570	0.994	0.936	0.891	0.945	0.987	0.969	1.091	1.061	0.394	0.454	0.347	0.400	0.378	0.040	0.633	0.515	0.945	0.872	0.888	1.165	0.959	0.953	0.723	0.951	0.349	0.378	0.302	0.358	0.310	0.039
45:49:15	25.1	0.303	0.258	0.649	0.663	0.613	0.934	0.760	0.605	0.960	1.049	0.399	0.470	0.346	0.397	0.373	0.038	0.800	0.570	0.992	0.936	0.889	0.873	0.989	0.967	1.095	1.060	0.392	0.454	0.348	0.401	0.379	0.040	0.625	0.515	0.947	0.871	0.884	1.105	0.959	0.958	0.722	0.940	0.343	0.376	0.302	0.356	0.306	0.039
46:04:58	25.0	0.299	0.255	0.644	0.657	0.608	0.870	0.757	0.601	0.967	1.044	0.397	0.471	0.346	0.397	0.373	0.038	0.793	0.569	0.994	0.937	0.885	0.800	0.988	0.972	1.088	1.056	0.391	0.457	0.346	0.398	0.377	0.040	0.618	0.514	0.945	0.873	0.880	1.010	0.958	0.950	0.720	0.927	0.344	0.376	0.300	0.354	0.304	0.039
46:20:41	25.1	0.293	0.253	0.640	0.651	0.600	0.829	0.753	0.599	0.960	1.045	0.395	0.467	0.345	0.395	0.372	0.038	0.788	0.572	0.996	0.939	0.881	0.828	0.989	0.961	1.086	1.059	0.389	0.459	0.347	0.399	0.377	0.040	0.611	0.512	0.945	0.871	0.875	1.067	0.959	0.927	0.719	0.925	0.337	0.373	0.299	0.350	0.301	0.039
46:36:23	25.0	0.288	0.251	0.636	0.646	0.593	0.846	0.748	0.600	0.955	1.043	0.395	0.472	0.345	0.393	0.370	0.038	0.782	0.571	0.994	0.938	0.877	1.081	0.989	0.961	1.071	1.055	0.388	0.460	0.347	0.398	0.376	0.040	0.604	0.514	0.945	0.874	0.871	1.007	0.959	0.932	0.718	0.919	0.336	0.370	0.297	0.349	0.298	0.039
46:52:06	25.1	0.283	0.250	0.632	0.640	0.588	0.927	0.746	0.593	0.958	1.038	0.395	0.476	0.345	0.394	0.370	0.038	0.777	0.571	0.993	0.939	0.875	0.978	0.989	0.955	1.068	1.052	0.387	0.465	0.348	0.398	0.376	0.040	0.596	0.514	0.945	0.872	0.869	1.025	0.958	0.917	0.718	0.910	0.334	0.369	0.295	0.346	0.295	0.038
47:07:48	25.1	0.279	0.249	0.628	0.636	0.583	0.831	0.742	0.596	0.940	1.039	0.390	0.483	0.346	0.393	0.370	0.038	0.770	0.572	0.995	0.938	0.870	0.852	0.989	0.952	1.065	1.048	0.385	0.460	0.347	0.396	0.374	0.040	0.590	0.512	0.944	0.871	0.864	0.877	0.958	0.924	0.716	0.908	0.333	0.366	0.294	0.344	0.293	0.039
47:23:31	25.1	0.273	0.247	0.632	0.632	0.579	0.889	0.737	0.588	0.958	1.031	0.389	0.485	0.349	0.394	0.372	0.038	0.767	0.576	1.004	0.947	0.874	0.787	0.994	0.952	1.064	1.050	0.383	0.466	0.349	0.397	0.377	0.040	0.586	0.515	0.952	0.880	0.866	0.903	0.965	0.913	0.714	0.896	0.329	0.361	0.292	0.342	0.290	0.039
47:39:14	25.1	0.270	0.243	0.624	0.623	0.571	0.838	0.735	0.587	0.950	1.033	0.387	0.482	0.346	0.392	0.368	0.041	0.758	0.570	0.995	0.939	0.861	0.913	0.990	0.946	1.060	1.047	0.380	0.467	0.348	0.396	0.375	0.040	0.577	0.510	0.943	0.872	0.856	0.891	0.958	0.918	0.713	0.894	0.329	0.362	0.290	0.340	0.289	0.038
47:54:57	25.1	0.264	0.244	0.619	0.620	0.566	0.934	0.731	0.583	0.948	1.027	0.382	0.486	0.347	0.391	0.367	0.038	0.752	0.571	0.994	0.939	0.856	0.832	0.991	0.934	1.055	1.043	0.379	0.470	0.347	0.394	0.374	0.040	0.572	0.510	0.943	0.871	0.852	0.952	0.958	0.919	0.711	0.886	0.324	0.361	0.290	0.336	0.285	0.038
48:10:39	25.1	0.260	0.242	0.614	0.613	0.561	0.842	0.726	0.582	0.950	1.027	0.383	0.490	0.347	0.391	0.367	0.038	0.748	0.573	0.993	0.941	0.850	0.879	0.992	0.940	1.050	1.043	0.378	0.476	0.348	0.395	0.375	0.040	0.567	0.510	0.943	0.873	0.846	1.042	0.959	0.892	0.710	0.878	0.320	0.358	0.288	0.335	0.283	0.039
48:26:22	25.1	0.254	0.240	0.611	0.608	0.556	0.849	0.724	0.575	0.934	1.024	0.381	0.489	0.348	0.390	0.366	0.038	0.742	0.572	0.994	0.939	0.846	0.797	0.991	0.937	1.047	1.042	0.378	0.479	0.349	0.393	0.374	0.040	0.561	0.510	0.943	0.871	0.842	0.904	0.958	0.892	0.707	0.873	0.320	0.357	0.286	0.331	0.280	0.038
48:42:04	25.1	0.252	0.238	0.607	0.602	0.551	0.895	0.720	0.575	0.933	1.022	0.382	0.494	0.348	0.390	0.376	0.038	0.737	0.573	0.993	0.940	0.839	0.881	0.991	0.926	1.040	1.038	0.375	0.477	0.348	0.393	0.373	0.040	0.554	0.507	0.941	0.873	0.839	0.921	0.959	0.903	0.706	0.866	0.316	0.355	0.284	0.329	0.278	0.038
48:57:47	25.1	0.247	0.236	0.606	0.597	0.546	0.776	0.717	0.568	0.938	1.020	0.378	0.497	0.349	0.387	0.364	0.038	0.729	0.570	0.991	0.942	0.833	0.985	0.993	0.927	1.035	1.039	0.372	0.481	0.349	0.393	0.374	0.040	0.549	0.509	0.937	0.873	0.834	0.991	0.958	0.897	0.705	0.860	0.316	0.352	0.282	0.327	0.275	0.038
49:13:30	25.1	0.242	0.234	0.602	0.593	0.542	0.877	0.713	0.566	0.934	1.017	0.375	0.505	0.349	0.389	0.366	0.038	0.720	0.571	0.988	0.942	0.825	0.843	0.992	0.922	1.032	1.034	0.371	0.475	0.349	0.393	0.373	0.040	0.542	0.507	0.936	0.874	0.828	1.007	0.959	0.888	0.705	0.855	0.310	0.352	0.280	0.325	0.273	0.038
49:29:13	25.1	0.237	0.230	0.601	0.590	0.538	0.861	0.710	0.556	0.920	1.016	0.373	0.503	0.352	0.390	0.366	0.038	0.715	0.578	0.995	0.950	0.827	0.840	0.996	0.915	1.027	1.036	0.369	0.492	0.352	0.394	0.374	0.040	0.539	0.510	0.942	0.883	0.828	0.940	0.966	0.882	0.697	0.850	0.310	0.350	0.278	0.321	0.271	0.038
49:44:55	25.1	0.234	0.229	0.594	0.585	0.533	0.837	0.708	0.548	0.900	1.009	0.371	0.502	0.349	0.388	0.364	0.041	0.707	0.570	0.986	0.943	0.811	1.007	0.992	0.909	1.025	1.032	0.370	0.489	0.351	0.391	0.372	0.040	0.531	0.506	0.936	0.875	0.817	0.914	0.959	0.870	0.694	0.841	0.308	0.345	0.277	0.318	0.269	0.038
50:00:38	25.1	0.228	0.228	0.589	0.580	0.528	0.797	0.705	0.541	0.903	1.007	0.370	0.500	0.350	0.387	0.363	0.038	0.697	0.570	0.988	0.944	0.805	0.801	0.994	0.910	1.022	1.029	0.367	0.489	0.351	0.392	0.373	0.040	0.525	0.507	0.934	0.875	0.811	0.862	0.958	0.861	0.697	0.834	0.303	0.345	0.275	0.317	0.266	0.038
50:16:21	25.1	0.224	0.227	0.586	0.576	0.523	0.791	0.700	0.531	0.893	1.003	0.366	0.513	0.350	0.385	0.362	0.038	0.689	0.572	0.985	0.944	0.797	0.788	0.994	0.917	1.019	1.028	0.363	0.495	0.351	0.390	0.372	0.040	0.520	0.505	0.933	0.874	0.804	0.895	0.960	0.867	0.689	0.827	0.303	0.345	0.273	0.314	0.264	0.038
50:32:03	25.1	0.218	0.225	0.585	0.576	0.519	0.713	0.697	0.519	0.888	1.002	0.374	0.516	0.353	0.388	0.364	0.038	0.679	0.578	0.993	0.952	0.796	0.955	0.998	0.907	1.015	1.026	0.365	0.503	0.354	0.391	0.374	0.040	0.515	0.507	0.937	0.885	0.803	0.919	0.965	0.862	0.690	0.825	0.301	0.342	0.272	0.312	0.262	0.038

Results
	1	2	3	4	5	6	7	8
A	2.459	1.253	2.127	2.386	2.255	-21.665	4.282	1.854	Max V [600]
	1.000	1.000	1.000	1.000	1.000	1.000	1.000	1.000	R-Squared [600]
	11:39:04	11:23:22	8:46:16	10:04:49	11:39:04	42:32:54	16:21:51	11:39:04	t at Max V [600]
	8:23:38	8:40:58	7:26:21	7:07:35	7:58:41	43:17:19	15:11:00	7:27:28	Lagtime [600]
B	2.102	2.049	-10.549	2.221	3.932	2.087	3.726	-0.242	Max V [600]
	1.000	1.000	1.000	1.000	1.000	1.000	1.000	1.000	R-Squared [600]
	11:39:04	10:04:49	28:55:56	9:01:59	4:50:38	8:30:34	6:24:53	25:00:16	t at Max V [600]
	9:23:37	7:44:52	29:47:41	6:51:13	4:26:49	6:26:04	5:43:36	25:06:53	Lagtime [600]
C	2.513	1.285	1.809	2.373	2.580	-24.725	1.866	21.038	Max V [600]
	1.000	1.000	1.000	1.000	1.000	1.000	1.000	1.000	R-Squared [600]
	10:51:57	9:33:24	11:39:04	7:59:09	10:20:31	43:04:19	17:08:58	5:53:28	t at Max V [600]
	7:17:20	7:47:25	7:53:28	6:14:10	7:16:40	43:44:07	13:34:33	5:41:34	Lagtime [600]
D	1.892	2.000	2.901	1.917	5.834	3.822	3.589	-0.134	Max V [600]
	1.000	1.000	1.000	1.000	1.000	1.000	1.000	1.000	R-Squared [600]
	9:49:06	9:17:41	11:54:47	8:14:51	5:06:20	5:53:28	5:22:03	2:13:32	t at Max V [600]
	7:42:03	7:25:35	9:19:34	6:01:30	4:49:41	5:25:25	5:02:20	2:19:53	Lagtime [600]
E	1.924	1.459	1.580	2.303	2.420	-31.457	1.922	12.770	Max V [600]
	1.000	1.000	1.000	1.000	1.000	1.000	1.000	1.000	R-Squared [600]
	11:07:39	9:49:06	11:39:04	7:59:09	10:20:31	21:04:38	18:11:49	5:37:46	t at Max V [600]
	6:27:45	8:02:23	7:20:50	6:21:40	7:09:48	21:33:08	14:28:58	5:25:46	Lagtime [600]
F	1.750	1.896	1.796	1.934	2.443	1.572	1.667	-0.013	Max V [600]
	1.000	1.000	1.000	1.000	1.000	1.000	1.000	1.000	R-Squared [600]
	14:31:53	9:33:24	8:46:16	9:33:24	5:37:46	7:59:09	7:59:09	0:07:52	t at Max V [600]
	9:25:21	7:28:21	6:33:29	6:58:58	4:57:27	5:44:28	5:43:13	0:00:00	Lagtime [600]

