

Software Version	3.03.14



Experiment File Path:	C:\Users\Public\Documents\Experiments\Task2_48hr_48well_discon_171017_151625.xpt
Protocol File Path:	C:\Users\Public\Documents\Protocols\Task2_48hr_48well_discon.prt



Plate Number	Plate 1
Date	10/17/2017
Time	3:16:58 PM
Reader Type:	Synergy H1
Reader Serial Number:	1706221C
Reading Type	Reader

Procedure Details

Plate Type	Costar 48 well
Discontinuous Kinetics	Runtime 2:00:15 (D:HH:MM), Interval 0:00:15, 194 Reads
Set Temperature	Setpoint 25°C
	Preheat before moving to next step
Read	Absorbance Endpoint
	Full Plate
	Wavelengths:  600
	Read Speed: Normal,  Delay: 100 msec,  Measurements/Data Point: 8
Shake	Linear: 15:00 (MM:SS)
	Frequency: 567 cpm (3 mm)

Layout
	1	2	3	4	5	6	7	8
A	SPL1	SPL7	SPL13	SPL19	SPL25	SPL31	SPL37	SPL43	Well ID
B	SPL2	SPL8	SPL14	SPL20	SPL26	SPL32	SPL38	SPL44	Well ID
C	SPL3	SPL9	SPL15	SPL21	SPL27	SPL33	SPL39	SPL45	Well ID
D	SPL4	SPL10	SPL16	SPL22	SPL28	SPL34	SPL40	SPL46	Well ID
E	SPL5	SPL11	SPL17	SPL23	SPL29	SPL35	SPL41	SPL47	Well ID
F	SPL6	SPL12	SPL18	SPL24	SPL30	SPL36	SPL42	SPL48	Well ID

600

Time	T° 600	A1	A2	A3	A4	A5	A6	A7	A8	B1	B2	B3	B4	B5	B6	B7	B8	C1	C2	C3	C4	C5	C6	C7	C8	D1	D2	D3	D4	D5	D6	D7	D8	E1	E2	E3	E4	E5	E6	E7	E8	F1	F2	F3	F4	F5	F6	F7	F8
0:00:00	25.0	0.049	0.067	0.054	0.057	0.049	0.056	0.053	0.059	0.051	0.053	0.046	0.051	0.047	0.042	0.044	0.039	0.055	0.068	0.061	0.112	0.053	0.052	0.046	0.086	0.046	0.059	0.043	0.045	0.044	0.050	0.048	0.041	0.054	0.087	0.053	0.058	0.059	0.066	0.054	0.073	0.046	0.057	0.049	0.046	0.049	0.048	0.049	0.039
0:15:43	25.0	0.055	0.054	0.053	0.055	0.057	0.053	0.049	0.060	0.046	0.055	0.047	0.048	0.051	0.047	0.048	0.039	0.056	0.055	0.054	0.055	0.059	0.054	0.050	0.060	0.046	0.057	0.045	0.049	0.049	0.048	0.049	0.041	0.055	0.056	0.055	0.057	0.059	0.060	0.051	0.062	0.051	0.058	0.048	0.049	0.048	0.047	0.048	0.039
0:31:26	25.1	0.055	0.053	0.053	0.056	0.057	0.053	0.049	0.098	0.045	0.055	0.047	0.048	0.048	0.047	0.048	0.038	0.056	0.057	0.055	0.055	0.059	0.054	0.050	0.061	0.055	0.057	0.045	0.049	0.049	0.048	0.049	0.041	0.055	0.056	0.056	0.057	0.059	0.059	0.052	0.062	0.047	0.058	0.048	0.049	0.048	0.047	0.048	0.039
0:47:09	25.0	0.056	0.057	0.054	0.057	0.058	0.054	0.049	0.070	0.047	0.055	0.047	0.049	0.049	0.047	0.048	0.038	0.057	0.059	0.055	0.056	0.060	0.054	0.051	0.062	0.048	0.057	0.045	0.049	0.049	0.048	0.051	0.041	0.056	0.058	0.056	0.058	0.060	0.060	0.052	0.063	0.047	0.058	0.048	0.049	0.048	0.047	0.048	0.039
1:02:51	25.0	0.057	0.054	0.055	0.058	0.059	0.054	0.049	0.061	0.046	0.055	0.048	0.049	0.049	0.047	0.048	0.038	0.057	0.059	0.056	0.058	0.061	0.055	0.051	0.062	0.046	0.057	0.045	0.050	0.049	0.048	0.051	0.041	0.057	0.058	0.057	0.059	0.061	0.060	0.052	0.063	0.046	0.058	0.048	0.049	0.048	0.047	0.048	0.039
1:18:34	25.0	0.058	0.059	0.055	0.059	0.059	0.055	0.050	0.061	0.047	0.055	0.049	0.051	0.049	0.047	0.048	0.038	0.059	0.058	0.057	0.059	0.062	0.055	0.051	0.064	0.048	0.057	0.046	0.050	0.050	0.049	0.050	0.041	0.058	0.065	0.059	0.061	0.062	0.061	0.052	0.063	0.049	0.058	0.049	0.050	0.049	0.047	0.048	0.039
1:34:17	25.0	0.059	0.055	0.057	0.061	0.060	0.055	0.050	0.062	0.046	0.055	0.048	0.051	0.050	0.048	0.048	0.038	0.060	0.061	0.058	0.061	0.063	0.056	0.051	0.064	0.048	0.057	0.046	0.051	0.051	0.049	0.051	0.041	0.059	0.059	0.059	0.062	0.063	0.061	0.052	0.065	0.048	0.058	0.049	0.050	0.049	0.048	0.048	0.039
1:49:59	25.0	0.060	0.061	0.058	0.063	0.061	0.056	0.049	0.063	0.048	0.055	0.049	0.051	0.051	0.048	0.049	0.038	0.061	0.060	0.060	0.063	0.065	0.057	0.050	0.064	0.047	0.057	0.047	0.051	0.052	0.050	0.051	0.041	0.061	0.061	0.061	0.065	0.065	0.062	0.053	0.065	0.047	0.058	0.050	0.051	0.051	0.049	0.048	0.039
2:05:42	25.0	0.061	0.059	0.059	0.065	0.062	0.056	0.050	0.069	0.055	0.055	0.049	0.051	0.052	0.049	0.049	0.038	0.063	0.062	0.061	0.066	0.066	0.057	0.051	0.065	0.048	0.058	0.047	0.052	0.053	0.051	0.051	0.041	0.062	0.064	0.063	0.068	0.067	0.063	0.052	0.067	0.047	0.058	0.051	0.052	0.051	0.049	0.049	0.039
2:21:24	25.0	0.062	0.065	0.061	0.068	0.065	0.057	0.050	0.065	0.051	0.056	0.051	0.052	0.053	0.050	0.050	0.038	0.064	0.067	0.063	0.069	0.068	0.058	0.051	0.066	0.049	0.058	0.048	0.053	0.054	0.051	0.050	0.041	0.064	0.066	0.065	0.071	0.069	0.064	0.052	0.067	0.048	0.059	0.052	0.052	0.052	0.050	0.049	0.039
2:37:07	25.0	0.065	0.065	0.064	0.071	0.067	0.058	0.050	0.101	0.051	0.056	0.051	0.053	0.055	0.051	0.050	0.038	0.067	0.069	0.067	0.072	0.071	0.059	0.050	0.068	0.051	0.059	0.049	0.053	0.056	0.052	0.051	0.041	0.067	0.066	0.068	0.075	0.072	0.065	0.052	0.068	0.048	0.059	0.053	0.053	0.054	0.051	0.050	0.039
2:52:49	25.1	0.067	0.068	0.067	0.075	0.069	0.059	0.050	0.135	0.049	0.056	0.053	0.054	0.058	0.052	0.051	0.038	0.070	0.072	0.070	0.077	0.075	0.061	0.051	0.069	0.049	0.059	0.051	0.055	0.059	0.054	0.054	0.041	0.070	0.071	0.072	0.081	0.075	0.066	0.052	0.070	0.050	0.060	0.055	0.054	0.056	0.052	0.051	0.039
3:08:32	25.0	0.070	0.068	0.070	0.080	0.072	0.060	0.050	0.069	0.056	0.057	0.055	0.055	0.060	0.054	0.053	0.038	0.074	0.077	0.074	0.082	0.079	0.062	0.051	0.070	0.052	0.060	0.052	0.056	0.061	0.056	0.053	0.041	0.074	0.077	0.076	0.085	0.080	0.068	0.052	0.071	0.050	0.061	0.057	0.056	0.059	0.054	0.052	0.039
3:24:14	25.1	0.073	0.076	0.075	0.085	0.076	0.062	0.050	0.128	0.052	0.057	0.057	0.057	0.062	0.055	0.054	0.038	0.079	0.083	0.078	0.088	0.085	0.064	0.051	0.072	0.051	0.061	0.054	0.058	0.064	0.058	0.057	0.041	0.078	0.081	0.082	0.091	0.085	0.069	0.052	0.073	0.054	0.061	0.059	0.057	0.061	0.056	0.053	0.039
3:39:57	25.1	0.078	0.078	0.080	0.090	0.081	0.064	0.050	0.132	0.054	0.058	0.061	0.059	0.066	0.057	0.057	0.038	0.086	0.090	0.085	0.096	0.091	0.066	0.051	0.076	0.058	0.061	0.057	0.060	0.069	0.060	0.058	0.041	0.085	0.086	0.089	0.100	0.091	0.071	0.052	0.076	0.052	0.063	0.063	0.059	0.065	0.058	0.055	0.039
3:55:40	25.1	0.083	0.082	0.085	0.098	0.086	0.065	0.050	0.087	0.055	0.059	0.064	0.061	0.070	0.060	0.059	0.038	0.092	0.097	0.092	0.105	0.098	0.068	0.051	0.077	0.052	0.063	0.060	0.062	0.074	0.064	0.062	0.041	0.092	0.090	0.097	0.109	0.098	0.074	0.053	0.078	0.053	0.064	0.067	0.062	0.070	0.062	0.057	0.039
4:11:22	25.1	0.090	0.093	0.093	0.105	0.092	0.068	0.052	0.134	0.061	0.060	0.069	0.064	0.076	0.063	0.062	0.038	0.102	0.109	0.101	0.116	0.107	0.071	0.051	0.082	0.059	0.064	0.065	0.066	0.081	0.067	0.064	0.041	0.103	0.102	0.107	0.122	0.109	0.077	0.053	0.082	0.057	0.065	0.072	0.065	0.076	0.065	0.060	0.039
4:27:05	25.1	0.096	0.097	0.100	0.115	0.101	0.071	0.050	0.128	0.059	0.062	0.072	0.067	0.083	0.068	0.066	0.038	0.111	0.120	0.111	0.127	0.116	0.074	0.051	0.085	0.058	0.066	0.068	0.069	0.089	0.072	0.069	0.041	0.112	0.111	0.117	0.134	0.118	0.080	0.055	0.087	0.059	0.067	0.077	0.068	0.083	0.070	0.064	0.039
4:42:47	25.1	0.102	0.106	0.108	0.128	0.107	0.073	0.050	0.196	0.058	0.062	0.077	0.069	0.093	0.073	0.070	0.038	0.122	0.132	0.122	0.142	0.127	0.077	0.052	0.089	0.062	0.067	0.073	0.072	0.097	0.078	0.074	0.041	0.123	0.121	0.128	0.148	0.129	0.083	0.054	0.090	0.058	0.068	0.083	0.072	0.093	0.075	0.068	0.039
4:58:30	25.1	0.112	0.119	0.120	0.145	0.118	0.077	0.051	0.219	0.065	0.064	0.084	0.074	0.101	0.079	0.076	0.038	0.135	0.144	0.135	0.161	0.142	0.081	0.052	0.096	0.063	0.070	0.079	0.076	0.110	0.086	0.080	0.041	0.136	0.135	0.144	0.165	0.144	0.087	0.061	0.096	0.060	0.071	0.091	0.076	0.101	0.081	0.073	0.039
5:14:13	25.1	0.120	0.128	0.132	0.160	0.129	0.079	0.051	0.138	0.065	0.066	0.091	0.076	0.111	0.086	0.082	0.038	0.147	0.157	0.151	0.176	0.150	0.085	0.052	0.100	0.065	0.072	0.085	0.081	0.122	0.093	0.085	0.041	0.148	0.146	0.158	0.183	0.155	0.091	0.054	0.101	0.063	0.074	0.099	0.081	0.112	0.089	0.078	0.039
5:29:55	25.1	0.133	0.140	0.150	0.178	0.138	0.084	0.051	0.211	0.073	0.068	0.101	0.088	0.127	0.094	0.090	0.038	0.165	0.171	0.168	0.204	0.173	0.091	0.052	0.108	0.068	0.076	0.095	0.088	0.137	0.103	0.095	0.041	0.165	0.158	0.173	0.210	0.171	0.096	0.055	0.108	0.068	0.077	0.111	0.086	0.127	0.098	0.085	0.039
5:45:38	25.1	0.145	0.151	0.163	0.203	0.148	0.088	0.051	0.180	0.071	0.070	0.112	0.092	0.140	0.104	0.098	0.038	0.176	0.193	0.185	0.227	0.182	0.096	0.053	0.113	0.071	0.079	0.105	0.097	0.152	0.115	0.103	0.041	0.175	0.175	0.191	0.232	0.188	0.102	0.056	0.113	0.070	0.081	0.124	0.095	0.138	0.109	0.093	0.039
6:01:20	25.1	0.157	0.167	0.182	0.224	0.165	0.095	0.052	0.222	0.075	0.074	0.127	0.100	0.166	0.115	0.110	0.038	0.196	0.215	0.209	0.249	0.208	0.104	0.053	0.120	0.077	0.084	0.119	0.106	0.170	0.125	0.118	0.041	0.195	0.193	0.212	0.255	0.207	0.109	0.056	0.119	0.071	0.085	0.140	0.106	0.155	0.118	0.104	0.039
6:17:03	25.1	0.172	0.189	0.201	0.245	0.180	0.101	0.052	0.192	0.079	0.077	0.143	0.112	0.203	0.125	0.123	0.038	0.218	0.237	0.232	0.269	0.219	0.112	0.054	0.128	0.081	0.089	0.136	0.118	0.190	0.135	0.131	0.041	0.216	0.214	0.235	0.274	0.221	0.117	0.057	0.126	0.077	0.091	0.158	0.117	0.170	0.130	0.116	0.039
6:32:46	25.1	0.191	0.203	0.222	0.264	0.195	0.109	0.052	0.262	0.084	0.081	0.163	0.126	0.194	0.135	0.138	0.038	0.239	0.262	0.256	0.289	0.240	0.121	0.055	0.136	0.087	0.094	0.155	0.134	0.210	0.147	0.148	0.041	0.236	0.234	0.256	0.293	0.238	0.127	0.058	0.133	0.082	0.096	0.176	0.132	0.187	0.140	0.129	0.039
6:48:28	25.1	0.205	0.219	0.240	0.279	0.207	0.115	0.053	0.191	0.090	0.084	0.175	0.140	0.209	0.147	0.153	0.038	0.255	0.288	0.274	0.302	0.258	0.131	0.057	0.144	0.093	0.099	0.170	0.148	0.224	0.160	0.166	0.041	0.251	0.263	0.275	0.305	0.256	0.137	0.057	0.140	0.085	0.101	0.191	0.146	0.203	0.152	0.143	0.039
7:04:11	25.1	0.217	0.244	0.262	0.292	0.230	0.125	0.054	0.257	0.096	0.089	0.196	0.159	0.227	0.160	0.172	0.038	0.267	0.313	0.292	0.316	0.271	0.143	0.056	0.154	0.098	0.105	0.188	0.169	0.244	0.171	0.183	0.041	0.265	0.287	0.288	0.318	0.272	0.148	0.059	0.148	0.091	0.107	0.213	0.166	0.221	0.163	0.161	0.039
7:19:54	25.1	0.233	0.268	0.280	0.305	0.244	0.138	0.055	0.337	0.114	0.094	0.220	0.180	0.248	0.169	0.191	0.038	0.287	0.338	0.312	0.330	0.290	0.157	0.058	0.165	0.105	0.114	0.212	0.186	0.260	0.184	0.203	0.041	0.285	0.310	0.308	0.331	0.292	0.161	0.062	0.168	0.095	0.116	0.236	0.184	0.239	0.174	0.179	0.039
7:35:36	25.1	0.249	0.293	0.290	0.320	0.256	0.148	0.056	0.274	0.111	0.100	0.243	0.191	0.265	0.182	0.213	0.038	0.303	0.367	0.333	0.342	0.307	0.173	0.059	0.171	0.113	0.122	0.237	0.208	0.268	0.195	0.230	0.041	0.300	0.338	0.328	0.343	0.310	0.176	0.064	0.164	0.102	0.124	0.258	0.204	0.256	0.186	0.197	0.039
7:51:19	25.1	0.255	0.306	0.301	0.326	0.270	0.159	0.057	0.316	0.116	0.105	0.261	0.206	0.266	0.192	0.232	0.038	0.310	0.383	0.340	0.348	0.321	0.186	0.062	0.182	0.118	0.128	0.254	0.223	0.266	0.202	0.244	0.041	0.305	0.357	0.336	0.352	0.325	0.190	0.066	0.180	0.109	0.131	0.274	0.219	0.262	0.196	0.213	0.039
8:07:01	25.0	0.265	0.328	0.322	0.335	0.288	0.173	0.059	0.256	0.129	0.111	0.283	0.235	0.269	0.199	0.256	0.038	0.320	0.410	0.356	0.360	0.338	0.203	0.070	0.200	0.132	0.138	0.277	0.246	0.269	0.210	0.271	0.041	0.314	0.380	0.348	0.361	0.340	0.207	0.069	0.195	0.115	0.140	0.290	0.237	0.262	0.203	0.235	0.039
8:22:44	25.1	0.277	0.355	0.341	0.349	0.310	0.194	0.062	0.319	0.136	0.121	0.300	0.258	0.273	0.208	0.283	0.038	0.335	0.435	0.368	0.375	0.363	0.217	0.067	0.217	0.140	0.149	0.296	0.271	0.276	0.211	0.292	0.041	0.328	0.403	0.364	0.376	0.361	0.220	0.080	0.206	0.125	0.151	0.297	0.263	0.265	0.209	0.260	0.039
8:38:27	25.1	0.285	0.368	0.340	0.359	0.315	0.205	0.063	0.219	0.146	0.127	0.294	0.272	0.273	0.207	0.292	0.038	0.343	0.450	0.377	0.385	0.379	0.233	0.070	0.227	0.150	0.161	0.293	0.290	0.274	0.209	0.304	0.041	0.336	0.420	0.375	0.387	0.381	0.236	0.078	0.215	0.135	0.161	0.291	0.279	0.267	0.209	0.274	0.039
8:54:09	25.1	0.298	0.395	0.366	0.375	0.344	0.221	0.068	0.352	0.158	0.140	0.294	0.302	0.280	0.206	0.308	0.038	0.358	0.473	0.396	0.402	0.408	0.259	0.076	0.252	0.162	0.176	0.292	0.314	0.284	0.205	0.317	0.041	0.351	0.439	0.395	0.403	0.406	0.260	0.080	0.239	0.142	0.177	0.290	0.302	0.274	0.207	0.290	0.039
9:09:52	25.1	0.304	0.407	0.362	0.383	0.347	0.235	0.069	0.221	0.168	0.148	0.287	0.306	0.281	0.202	0.299	0.038	0.369	0.493	0.403	0.411	0.423	0.275	0.081	0.266	0.174	0.187	0.285	0.311	0.286	0.197	0.306	0.041	0.360	0.460	0.403	0.413	0.422	0.278	0.087	0.252	0.152	0.186	0.286	0.302	0.272	0.200	0.286	0.039
9:25:34	25.1	0.314	0.428	0.385	0.396	0.376	0.256	0.078	0.240	0.177	0.159	0.287	0.313	0.283	0.195	0.293	0.038	0.383	0.520	0.422	0.422	0.441	0.298	0.084	0.286	0.185	0.200	0.284	0.310	0.287	0.189	0.299	0.041	0.373	0.484	0.416	0.426	0.445	0.301	0.095	0.272	0.164	0.199	0.285	0.301	0.281	0.192	0.282	0.039
9:41:17	25.1	0.328	0.457	0.396	0.410	0.390	0.285	0.080	0.264	0.194	0.172	0.290	0.322	0.290	0.189	0.295	0.038	0.400	0.545	0.441	0.443	0.469	0.325	0.094	0.311	0.199	0.216	0.286	0.314	0.296	0.183	0.298	0.041	0.390	0.505	0.435	0.446	0.467	0.327	0.103	0.294	0.170	0.216	0.286	0.304	0.283	0.184	0.280	0.039
9:57:00	25.1	0.344	0.483	0.411	0.420	0.405	0.308	0.085	0.284	0.209	0.186	0.290	0.323	0.295	0.181	0.294	0.038	0.417	0.570	0.451	0.460	0.495	0.348	0.102	0.333	0.212	0.229	0.287	0.316	0.298	0.175	0.297	0.041	0.407	0.531	0.451	0.465	0.493	0.350	0.111	0.315	0.183	0.229	0.286	0.306	0.286	0.176	0.279	0.039
10:12:42	25.1	0.357	0.501	0.419	0.430	0.420	0.327	0.095	0.313	0.217	0.196	0.288	0.321	0.296	0.173	0.288	0.038	0.434	0.599	0.467	0.477	0.519	0.366	0.112	0.356	0.229	0.240	0.285	0.314	0.299	0.169	0.296	0.041	0.424	0.559	0.468	0.482	0.512	0.367	0.121	0.337	0.197	0.239	0.284	0.304	0.286	0.169	0.276	0.039
10:28:24	25.1	0.371	0.524	0.437	0.451	0.446	0.349	0.102	0.324	0.235	0.210	0.289	0.323	0.299	0.167	0.290	0.038	0.451	0.625	0.488	0.497	0.537	0.388	0.119	0.377	0.242	0.252	0.286	0.316	0.303	0.163	0.299	0.041	0.442	0.583	0.489	0.503	0.539	0.390	0.133	0.362	0.209	0.250	0.285	0.306	0.290	0.163	0.276	0.039
10:44:07	25.1	0.386	0.550	0.458	0.467	0.469	0.372	0.112	0.354	0.245	0.223	0.290	0.328	0.306	0.161	0.293	0.038	0.472	0.657	0.511	0.520	0.570	0.412	0.130	0.404	0.260	0.268	0.288	0.320	0.305	0.158	0.302	0.041	0.464	0.609	0.515	0.527	0.567	0.413	0.150	0.382	0.216	0.264	0.285	0.308	0.292	0.158	0.280	0.039
10:59:49	25.1	0.402	0.578	0.480	0.491	0.503	0.396	0.124	0.380	0.260	0.234	0.289	0.331	0.305	0.156	0.296	0.038	0.497	0.688	0.535	0.546	0.598	0.435	0.147	0.428	0.274	0.286	0.288	0.324	0.308	0.153	0.304	0.041	0.490	0.638	0.538	0.550	0.590	0.437	0.160	0.412	0.228	0.282	0.285	0.312	0.294	0.153	0.283	0.039
11:15:32	25.0	0.419	0.608	0.501	0.513	0.530	0.420	0.131	0.400	0.268	0.248	0.290	0.335	0.311	0.151	0.300	0.038	0.524	0.714	0.561	0.573	0.626	0.458	0.158	0.449	0.281	0.300	0.288	0.326	0.308	0.150	0.307	0.041	0.514	0.662	0.560	0.576	0.620	0.460	0.173	0.431	0.238	0.297	0.285	0.315	0.295	0.150	0.286	0.039
11:31:14	25.1	0.437	0.634	0.524	0.537	0.537	0.443	0.145	0.424	0.279	0.265	0.291	0.337	0.312	0.147	0.303	0.038	0.549	0.737	0.586	0.599	0.650	0.480	0.172	0.481	0.288	0.315	0.289	0.329	0.312	0.146	0.313	0.041	0.539	0.692	0.585	0.603	0.648	0.481	0.188	0.456	0.242	0.311	0.285	0.317	0.299	0.147	0.290	0.039
11:46:57	25.1	0.456	0.661	0.548	0.564	0.571	0.466	0.153	0.439	0.283	0.280	0.291	0.340	0.313	0.143	0.308	0.038	0.578	0.760	0.613	0.624	0.676	0.500	0.187	0.495	0.297	0.330	0.289	0.331	0.315	0.144	0.317	0.041	0.568	0.716	0.612	0.631	0.670	0.503	0.205	0.481	0.255	0.325	0.285	0.319	0.298	0.145	0.293	0.039
12:02:40	25.1	0.476	0.689	0.571	0.588	0.584	0.487	0.168	0.477	0.295	0.293	0.290	0.344	0.317	0.140	0.312	0.038	0.609	0.785	0.641	0.647	0.698	0.519	0.209	0.522	0.305	0.346	0.290	0.334	0.317	0.142	0.319	0.041	0.598	0.740	0.640	0.653	0.697	0.523	0.221	0.491	0.261	0.341	0.285	0.323	0.300	0.142	0.297	0.039
12:18:22	25.0	0.499	0.705	0.599	0.612	0.616	0.508	0.182	0.492	0.303	0.307	0.292	0.347	0.321	0.137	0.315	0.038	0.639	0.809	0.669	0.664	0.723	0.540	0.218	0.535	0.319	0.363	0.290	0.335	0.319	0.140	0.323	0.041	0.623	0.763	0.666	0.669	0.722	0.543	0.239	0.520	0.269	0.358	0.286	0.324	0.301	0.140	0.301	0.039
12:34:05	25.1	0.521	0.726	0.627	0.633	0.634	0.529	0.198	0.508	0.318	0.323	0.292	0.349	0.322	0.135	0.320	0.038	0.663	0.822	0.701	0.675	0.747	0.556	0.235	0.558	0.323	0.381	0.290	0.336	0.320	0.138	0.325	0.041	0.645	0.784	0.691	0.682	0.740	0.559	0.247	0.533	0.284	0.375	0.285	0.327	0.302	0.139	0.303	0.039
12:49:47	25.1	0.538	0.738	0.651	0.647	0.659	0.549	0.210	0.514	0.327	0.340	0.292	0.351	0.324	0.134	0.322	0.038	0.685	0.845	0.723	0.693	0.765	0.573	0.249	0.574	0.351	0.398	0.290	0.337	0.322	0.138	0.329	0.041	0.667	0.802	0.711	0.699	0.761	0.574	0.252	0.543	0.292	0.392	0.285	0.330	0.302	0.138	0.307	0.039
13:05:30	25.1	0.553	0.760	0.688	0.663	0.689	0.574	0.217	0.546	0.335	0.360	0.296	0.358	0.331	0.133	0.330	0.038	0.714	0.859	0.748	0.715	0.791	0.593	0.252	0.589	0.353	0.418	0.292	0.341	0.326	0.137	0.334	0.041	0.696	0.815	0.736	0.721	0.781	0.592	0.255	0.579	0.306	0.411	0.287	0.334	0.306	0.137	0.312	0.039
13:21:12	25.1	0.573	0.771	0.696	0.677	0.688	0.579	0.230	0.559	0.347	0.374	0.294	0.355	0.327	0.133	0.328	0.038	0.743	0.871	0.764	0.734	0.795	0.599	0.255	0.601	0.373	0.433	0.292	0.342	0.325	0.138	0.334	0.041	0.724	0.832	0.752	0.741	0.789	0.601	0.256	0.587	0.314	0.425	0.286	0.333	0.304	0.137	0.311	0.039
13:36:55	25.1	0.596	0.791	0.714	0.696	0.715	0.630	0.236	0.570	0.360	0.389	0.294	0.356	0.330	0.132	0.329	0.038	0.774	0.894	0.789	0.756	0.810	0.612	0.259	0.618	0.383	0.451	0.293	0.343	0.326	0.138	0.334	0.041	0.752	0.849	0.777	0.763	0.801	0.612	0.259	0.595	0.321	0.442	0.287	0.334	0.304	0.137	0.315	0.039
13:52:38	25.1	0.618	0.813	0.749	0.722	0.736	0.613	0.242	0.589	0.367	0.409	0.297	0.363	0.336	0.133	0.338	0.038	0.804	0.916	0.821	0.778	0.832	0.627	0.263	0.643	0.395	0.469	0.294	0.345	0.331	0.139	0.341	0.041	0.778	0.871	0.807	0.787	0.823	0.628	0.266	0.618	0.330	0.461	0.289	0.337	0.308	0.137	0.318	0.039
14:08:20	25.1	0.634	0.825	0.775	0.743	0.728	0.624	0.242	0.614	0.380	0.427	0.298	0.364	0.337	0.133	0.342	0.038	0.829	0.935	0.845	0.802	0.845	0.640	0.265	0.664	0.416	0.487	0.295	0.348	0.333	0.141	0.343	0.041	0.800	0.885	0.828	0.808	0.835	0.639	0.266	0.627	0.340	0.476	0.290	0.339	0.310	0.138	0.322	0.039
14:24:03	25.1	0.647	0.824	0.789	0.762	0.738	0.626	0.248	0.612	0.391	0.440	0.297	0.360	0.338	0.134	0.337	0.038	0.847	0.945	0.859	0.820	0.845	0.646	0.272	0.672	0.427	0.501	0.294	0.348	0.332	0.142	0.342	0.041	0.817	0.900	0.842	0.827	0.842	0.646	0.267	0.647	0.353	0.489	0.290	0.337	0.308	0.138	0.320	0.039
14:39:45	25.1	0.662	0.860	0.823	0.786	0.758	0.643	0.250	0.636	0.405	0.457	0.299	0.366	0.342	0.135	0.345	0.038	0.867	0.962	0.878	0.840	0.859	0.654	0.275	0.685	0.434	0.519	0.295	0.349	0.336	0.144	0.346	0.041	0.838	0.918	0.862	0.848	0.854	0.655	0.272	0.648	0.355	0.508	0.291	0.341	0.311	0.139	0.325	0.039
14:55:28	25.1	0.674	0.881	0.842	0.809	0.776	0.653	0.257	0.661	0.408	0.475	0.301	0.368	0.343	0.137	0.347	0.038	0.888	0.975	0.891	0.857	0.870	0.663	0.276	0.696	0.446	0.533	0.297	0.351	0.338	0.146	0.347	0.041	0.856	0.932	0.874	0.863	0.868	0.663	0.276	0.665	0.364	0.521	0.292	0.343	0.311	0.141	0.326	0.039
15:11:11	25.1	0.686	0.874	0.842	0.822	0.776	0.646	0.261	0.648	0.416	0.489	0.299	0.365	0.341	0.138	0.342	0.038	0.902	0.972	0.900	0.869	0.876	0.669	0.274	0.712	0.459	0.548	0.297	0.352	0.335	0.150	0.346	0.041	0.872	0.942	0.882	0.875	0.877	0.669	0.274	0.679	0.380	0.533	0.291	0.341	0.309	0.143	0.325	0.039
15:26:53	25.1	0.695	0.876	0.854	0.835	0.794	0.654	0.263	0.657	0.423	0.502	0.298	0.367	0.343	0.141	0.342	0.038	0.918	0.974	0.909	0.880	0.889	0.677	0.275	0.722	0.463	0.560	0.296	0.351	0.337	0.152	0.347	0.041	0.887	0.942	0.891	0.885	0.891	0.677	0.279	0.688	0.385	0.547	0.291	0.343	0.311	0.143	0.326	0.039
15:42:36	25.0	0.708	0.884	0.866	0.848	0.810	0.664	0.265	0.662	0.433	0.518	0.300	0.368	0.346	0.144	0.345	0.038	0.933	0.975	0.919	0.890	0.906	0.685	0.279	0.717	0.475	0.576	0.297	0.353	0.337	0.156	0.348	0.041	0.904	0.946	0.901	0.895	0.906	0.686	0.280	0.682	0.395	0.561	0.292	0.343	0.312	0.147	0.328	0.039
15:58:18	25.1	0.717	0.879	0.878	0.859	0.825	0.671	0.269	0.674	0.445	0.532	0.300	0.368	0.347	0.148	0.346	0.038	0.946	0.985	0.928	0.898	0.919	0.693	0.282	0.739	0.481	0.589	0.299	0.356	0.338	0.161	0.351	0.041	0.916	0.952	0.910	0.903	0.923	0.692	0.283	0.708	0.399	0.571	0.293	0.345	0.311	0.149	0.329	0.039
16:14:01	25.1	0.724	0.875	0.900	0.872	0.850	0.685	0.272	0.705	0.446	0.551	0.304	0.375	0.354	0.152	0.355	0.038	0.958	0.985	0.944	0.902	0.940	0.702	0.283	0.753	0.486	0.602	0.300	0.359	0.343	0.165	0.353	0.041	0.924	0.945	0.922	0.905	0.937	0.701	0.285	0.716	0.407	0.586	0.293	0.347	0.314	0.153	0.333	0.039
16:29:44	25.1	0.726	0.905	0.899	0.873	0.855	0.681	0.269	0.717	0.456	0.559	0.302	0.373	0.350	0.158	0.348	0.038	0.955	0.992	0.946	0.898	0.943	0.702	0.284	0.754	0.495	0.613	0.301	0.359	0.340	0.172	0.354	0.041	0.923	0.956	0.925	0.902	0.944	0.704	0.283	0.712	0.414	0.593	0.293	0.346	0.312	0.156	0.332	0.039
16:45:26	25.0	0.722	0.879	0.906	0.872	0.866	0.686	0.270	0.697	0.464	0.571	0.302	0.372	0.352	0.163	0.351	0.038	0.954	1.004	0.953	0.895	0.949	0.704	0.286	0.760	0.503	0.625	0.301	0.360	0.344	0.178	0.354	0.041	0.921	0.961	0.932	0.900	0.953	0.705	0.284	0.718	0.419	0.605	0.293	0.347	0.312	0.162	0.334	0.039
17:01:09	25.0	0.716	0.897	0.913	0.870	0.880	0.691	0.274	0.716	0.470	0.582	0.303	0.375	0.353	0.169	0.352	0.038	0.954	1.002	0.952	0.893	0.949	0.701	0.285	0.757	0.493	0.634	0.301	0.362	0.345	0.185	0.356	0.041	0.920	0.967	0.927	0.899	0.953	0.705	0.285	0.719	0.429	0.616	0.294	0.348	0.313	0.166	0.335	0.039
17:16:51	25.1	0.709	0.912	0.922	0.872	0.895	0.700	0.272	0.721	0.476	0.598	0.306	0.379	0.358	0.176	0.360	0.038	0.958	1.011	0.952	0.894	0.952	0.701	0.289	0.784	0.500	0.644	0.305	0.364	0.348	0.192	0.360	0.041	0.923	0.983	0.926	0.900	0.955	0.705	0.289	0.753	0.430	0.628	0.296	0.353	0.317	0.170	0.339	0.039
17:32:34	25.1	0.706	0.913	0.913	0.865	0.889	0.693	0.274	0.714	0.484	0.604	0.306	0.378	0.356	0.183	0.354	0.038	0.957	1.010	0.944	0.891	0.944	0.694	0.289	0.771	0.535	0.648	0.304	0.364	0.347	0.201	0.360	0.041	0.925	0.978	0.918	0.898	0.950	0.698	0.286	0.742	0.442	0.631	0.295	0.352	0.316	0.176	0.338	0.039
17:48:17	25.1	0.701	0.905	0.918	0.869	0.894	0.698	0.275	0.726	0.489	0.619	0.308	0.383	0.362	0.191	0.363	0.038	0.962	1.019	0.943	0.894	0.947	0.687	0.290	0.780	0.544	0.656	0.306	0.368	0.350	0.209	0.361	0.041	0.928	0.983	0.915	0.901	0.951	0.693	0.292	0.746	0.449	0.639	0.296	0.353	0.318	0.182	0.342	0.039
18:03:59	25.1	0.698	0.897	0.906	0.865	0.885	0.687	0.275	0.714	0.497	0.620	0.306	0.382	0.357	0.200	0.358	0.038	0.963	1.018	0.934	0.894	0.941	0.675	0.291	0.783	0.549	0.661	0.306	0.369	0.350	0.217	0.363	0.041	0.929	0.990	0.906	0.901	0.946	0.680	0.290	0.753	0.460	0.641	0.296	0.353	0.316	0.189	0.340	0.039
18:19:42	25.1	0.694	0.928	0.901	0.867	0.888	0.682	0.275	0.741	0.499	0.627	0.308	0.383	0.361	0.210	0.361	0.038	0.968	1.021	0.929	0.897	0.940	0.662	0.290	0.783	0.531	0.669	0.307	0.370	0.349	0.227	0.363	0.041	0.935	0.989	0.899	0.902	0.947	0.670	0.292	0.752	0.467	0.648	0.296	0.354	0.318	0.195	0.341	0.039
18:35:24	25.1	0.690	0.926	0.903	0.866	0.883	0.672	0.276	0.738	0.506	0.632	0.309	0.385	0.361	0.219	0.362	0.038	0.973	1.020	0.927	0.900	0.942	0.649	0.289	0.795	0.551	0.679	0.307	0.372	0.351	0.236	0.365	0.040	0.938	0.984	0.895	0.905	0.947	0.658	0.293	0.759	0.470	0.654	0.296	0.355	0.316	0.203	0.343	0.039
18:51:07	25.1	0.683	0.939	0.896	0.870	0.881	0.663	0.279	0.751	0.506	0.639	0.311	0.386	0.362	0.229	0.364	0.038	0.976	1.017	0.922	0.904	0.943	0.634	0.293	0.796	0.565	0.686	0.309	0.374	0.353	0.246	0.367	0.041	0.941	0.993	0.886	0.908	0.948	0.645	0.292	0.765	0.478	0.662	0.297	0.357	0.317	0.211	0.344	0.039
19:06:50	25.0	0.680	0.912	0.902	0.875	0.885	0.659	0.279	0.751	0.515	0.650	0.312	0.390	0.367	0.238	0.371	0.038	0.982	1.030	0.918	0.908	0.947	0.622	0.293	0.793	0.566	0.695	0.310	0.377	0.356	0.256	0.372	0.041	0.946	0.984	0.885	0.913	0.954	0.633	0.303	0.752	0.484	0.671	0.299	0.360	0.321	0.220	0.348	0.039
19:22:32	25.0	0.673	0.896	0.888	0.874	0.881	0.644	0.276	0.755	0.513	0.653	0.311	0.390	0.365	0.248	0.367	0.038	0.982	1.024	0.910	0.908	0.945	0.605	0.294	0.799	0.569	0.699	0.310	0.376	0.354	0.265	0.369	0.041	0.946	0.991	0.869	0.915	0.951	0.617	0.292	0.763	0.484	0.675	0.298	0.359	0.318	0.230	0.345	0.039
19:38:15	25.1	0.667	0.944	0.884	0.877	0.880	0.631	0.277	0.743	0.520	0.662	0.312	0.389	0.366	0.258	0.367	0.038	0.985	1.026	0.901	0.912	0.946	0.591	0.292	0.799	0.575	0.703	0.311	0.377	0.357	0.274	0.372	0.041	0.951	0.998	0.865	0.918	0.953	0.604	0.302	0.756	0.485	0.678	0.298	0.359	0.317	0.236	0.347	0.039
19:53:57	25.0	0.660	0.925	0.878	0.879	0.883	0.622	0.278	0.752	0.523	0.668	0.312	0.390	0.367	0.268	0.370	0.038	0.988	1.028	0.897	0.915	0.947	0.576	0.293	0.800	0.583	0.708	0.312	0.378	0.356	0.283	0.372	0.041	0.950	0.996	0.855	0.919	0.954	0.591	0.300	0.758	0.486	0.683	0.299	0.360	0.320	0.246	0.348	0.039
20:09:40	25.1	0.656	0.923	0.875	0.881	0.883	0.607	0.277	0.751	0.525	0.675	0.314	0.393	0.368	0.279	0.370	0.038	0.992	1.029	0.889	0.918	0.948	0.565	0.294	0.797	0.591	0.710	0.312	0.379	0.355	0.292	0.373	0.041	0.954	1.000	0.847	0.923	0.954	0.579	0.303	0.767	0.488	0.687	0.299	0.361	0.319	0.253	0.349	0.039
20:25:22	25.1	0.650	0.938	0.869	0.883	0.883	0.597	0.275	0.749	0.527	0.678	0.314	0.394	0.370	0.288	0.371	0.038	0.995	1.028	0.882	0.920	0.949	0.553	0.295	0.803	0.587	0.716	0.314	0.381	0.359	0.300	0.375	0.041	0.956	0.995	0.839	0.925	0.955	0.568	0.299	0.775	0.494	0.690	0.299	0.361	0.319	0.261	0.349	0.039
20:41:05	25.1	0.645	0.895	0.861	0.884	0.883	0.586	0.278	0.748	0.526	0.682	0.315	0.395	0.370	0.296	0.371	0.038	0.999	1.032	0.875	0.923	0.951	0.543	0.297	0.815	0.592	0.718	0.314	0.383	0.360	0.306	0.379	0.041	0.958	1.003	0.830	0.926	0.956	0.558	0.299	0.766	0.496	0.692	0.300	0.363	0.320	0.269	0.350	0.039
20:56:48	25.1	0.642	0.927	0.861	0.888	0.887	0.579	0.275	0.754	0.531	0.690	0.317	0.400	0.374	0.303	0.377	0.038	1.005	1.034	0.871	0.925	0.956	0.536	0.302	0.813	0.601	0.725	0.316	0.385	0.362	0.313	0.383	0.041	0.962	1.001	0.823	0.930	0.959	0.551	0.307	0.769	0.505	0.697	0.300	0.365	0.323	0.276	0.354	0.039
21:12:30	25.1	0.636	0.915	0.848	0.886	0.882	0.565	0.277	0.751	0.532	0.690	0.315	0.396	0.371	0.312	0.374	0.038	1.006	1.026	0.859	0.927	0.953	0.525	0.297	0.814	0.593	0.727	0.316	0.384	0.362	0.317	0.378	0.041	0.964	1.001	0.813	0.932	0.959	0.541	0.297	0.770	0.508	0.696	0.300	0.363	0.321	0.282	0.352	0.039
21:28:13	25.1	0.633	0.933	0.834	0.888	0.883	0.556	0.276	0.744	0.537	0.692	0.316	0.398	0.371	0.317	0.374	0.038	1.009	1.033	0.852	0.928	0.954	0.518	0.299	0.808	0.606	0.728	0.315	0.385	0.363	0.322	0.382	0.041	0.967	1.010	0.803	0.932	0.960	0.533	0.306	0.777	0.509	0.698	0.300	0.363	0.321	0.288	0.353	0.039
21:43:55	25.1	0.629	0.911	0.829	0.888	0.883	0.547	0.278	0.750	0.536	0.696	0.316	0.399	0.373	0.324	0.375	0.038	1.012	1.032	0.844	0.931	0.955	0.512	0.301	0.813	0.605	0.731	0.316	0.386	0.363	0.328	0.381	0.041	0.970	1.007	0.796	0.934	0.960	0.526	0.301	0.774	0.510	0.701	0.301	0.364	0.320	0.292	0.352	0.039
21:59:38	25.1	0.625	0.894	0.823	0.890	0.883	0.551	0.278	0.741	0.536	0.698	0.317	0.400	0.374	0.328	0.376	0.038	1.016	1.041	0.836	0.932	0.956	0.506	0.299	0.811	0.610	0.734	0.316	0.386	0.364	0.332	0.382	0.041	0.972	1.003	0.786	0.936	0.961	0.520	0.302	0.772	0.513	0.702	0.300	0.365	0.320	0.296	0.353	0.039
22:15:20	25.0	0.623	0.919	0.816	0.891	0.884	0.533	0.276	0.740	0.546	0.701	0.317	0.400	0.376	0.335	0.377	0.038	1.019	1.027	0.830	0.934	0.958	0.500	0.299	0.814	0.615	0.737	0.317	0.386	0.363	0.339	0.382	0.041	0.975	1.001	0.777	0.938	0.963	0.515	0.310	0.778	0.514	0.705	0.301	0.365	0.322	0.301	0.354	0.039
22:31:03	25.1	0.618	0.930	0.809	0.892	0.884	0.528	0.279	0.740	0.543	0.705	0.318	0.402	0.376	0.340	0.377	0.038	1.023	1.022	0.823	0.936	0.959	0.494	0.302	0.813	0.613	0.741	0.319	0.387	0.366	0.343	0.383	0.041	0.977	1.003	0.770	0.940	0.966	0.508	0.302	0.773	0.508	0.707	0.301	0.365	0.322	0.304	0.355	0.039
22:46:46	25.1	0.616	0.924	0.799	0.894	0.884	0.520	0.277	0.742	0.549	0.707	0.318	0.401	0.376	0.342	0.377	0.038	1.025	1.039	0.814	0.938	0.962	0.489	0.301	0.810	0.616	0.744	0.319	0.388	0.367	0.349	0.384	0.041	0.980	0.998	0.762	0.943	0.968	0.504	0.312	0.781	0.509	0.710	0.301	0.366	0.322	0.309	0.356	0.039
23:02:28	25.1	0.611	0.905	0.795	0.896	0.887	0.516	0.275	0.736	0.548	0.715	0.321	0.406	0.381	0.349	0.385	0.038	1.031	1.031	0.813	0.941	0.966	0.487	0.302	0.813	0.633	0.748	0.320	0.390	0.370	0.354	0.385	0.041	0.983	1.009	0.759	0.944	0.971	0.501	0.311	0.785	0.512	0.713	0.302	0.367	0.323	0.313	0.358	0.039
23:18:11	25.1	0.611	0.898	0.784	0.895	0.884	0.509	0.274	0.738	0.546	0.712	0.320	0.403	0.377	0.353	0.378	0.038	1.031	1.039	0.800	0.942	0.965	0.481	0.302	0.818	0.624	0.749	0.320	0.389	0.367	0.359	0.385	0.041	0.983	1.008	0.746	0.945	0.971	0.495	0.308	0.777	0.509	0.712	0.301	0.366	0.323	0.317	0.356	0.039
23:33:54	25.1	0.608	0.915	0.778	0.895	0.885	0.502	0.277	0.730	0.553	0.716	0.319	0.403	0.379	0.360	0.379	0.038	1.033	1.041	0.795	0.943	0.966	0.477	0.302	0.812	0.625	0.752	0.321	0.390	0.368	0.365	0.384	0.041	0.986	1.014	0.739	0.946	0.974	0.491	0.310	0.781	0.504	0.712	0.301	0.366	0.323	0.321	0.356	0.039
23:49:36	25.1	0.605	0.898	0.769	0.896	0.885	0.498	0.277	0.727	0.552	0.719	0.320	0.405	0.380	0.366	0.380	0.038	1.036	1.049	0.789	0.945	0.968	0.473	0.301	0.812	0.627	0.753	0.320	0.389	0.368	0.370	0.385	0.040	0.988	1.011	0.729	0.947	0.974	0.487	0.303	0.779	0.506	0.714	0.301	0.365	0.323	0.326	0.357	0.039
24:05:19	25.1	0.603	0.903	0.761	0.896	0.884	0.494	0.275	0.711	0.555	0.719	0.320	0.405	0.381	0.369	0.380	0.038	1.038	1.047	0.780	0.946	0.970	0.469	0.303	0.812	0.622	0.756	0.322	0.390	0.369	0.375	0.385	0.040	0.989	1.016	0.722	0.948	0.976	0.484	0.310	0.778	0.500	0.715	0.300	0.365	0.323	0.329	0.356	0.039
24:21:01	25.1	0.601	0.907	0.755	0.896	0.884	0.489	0.277	0.718	0.553	0.721	0.320	0.403	0.380	0.377	0.379	0.038	1.041	1.049	0.777	0.948	0.971	0.466	0.304	0.823	0.629	0.757	0.322	0.390	0.370	0.380	0.385	0.041	0.991	1.025	0.715	0.950	0.978	0.480	0.305	0.773	0.506	0.714	0.300	0.364	0.323	0.333	0.356	0.039
24:36:44	25.1	0.597	0.915	0.747	0.896	0.886	0.486	0.274	0.704	0.554	0.729	0.322	0.406	0.384	0.380	0.386	0.038	1.045	1.048	0.773	0.950	0.976	0.464	0.306	0.823	0.628	0.763	0.323	0.393	0.374	0.386	0.388	0.041	0.994	1.021	0.713	0.953	0.982	0.478	0.307	0.783	0.505	0.718	0.301	0.367	0.326	0.337	0.361	0.039
24:52:26	25.1	0.597	0.902	0.738	0.894	0.885	0.480	0.274	0.706	0.556	0.726	0.320	0.405	0.381	0.386	0.379	0.038	1.045	1.041	0.762	0.950	0.974	0.461	0.300	0.824	0.637	0.761	0.323	0.390	0.371	0.389	0.386	0.041	0.993	1.019	0.702	0.952	0.982	0.474	0.303	0.781	0.505	0.717	0.301	0.365	0.325	0.340	0.357	0.039
25:08:09	25.1	0.593	0.913	0.733	0.892	0.884	0.477	0.275	0.700	0.558	0.728	0.320	0.404	0.381	0.389	0.379	0.038	1.048	1.048	0.759	0.950	0.976	0.457	0.303	0.826	0.635	0.763	0.323	0.391	0.372	0.392	0.384	0.041	0.995	1.025	0.692	0.952	0.983	0.471	0.312	0.779	0.504	0.715	0.300	0.364	0.323	0.344	0.356	0.039
25:23:52	25.0	0.591	0.911	0.726	0.892	0.885	0.472	0.273	0.692	0.560	0.728	0.321	0.404	0.382	0.394	0.381	0.038	1.050	1.049	0.750	0.950	0.977	0.455	0.305	0.816	0.636	0.764	0.322	0.391	0.372	0.397	0.384	0.040	0.995	1.032	0.685	0.952	0.984	0.468	0.317	0.780	0.506	0.715	0.299	0.364	0.324	0.348	0.356	0.039
25:39:34	25.1	0.589	0.904	0.717	0.891	0.886	0.472	0.277	0.693	0.562	0.731	0.321	0.405	0.383	0.399	0.380	0.038	1.051	1.051	0.743	0.951	0.978	0.453	0.310	0.817	0.636	0.767	0.323	0.392	0.374	0.399	0.386	0.041	0.996	1.026	0.680	0.953	0.985	0.466	0.312	0.771	0.501	0.716	0.300	0.364	0.323	0.349	0.356	0.039
25:55:17	25.1	0.587	0.890	0.712	0.889	0.886	0.465	0.275	0.682	0.565	0.733	0.321	0.405	0.384	0.407	0.381	0.038	1.054	1.049	0.737	0.952	0.980	0.451	0.306	0.813	0.642	0.768	0.323	0.391	0.372	0.403	0.385	0.041	0.996	1.030	0.672	0.952	0.986	0.463	0.314	0.782	0.502	0.715	0.299	0.363	0.324	0.352	0.356	0.039
26:10:59	25.1	0.584	0.916	0.706	0.890	0.884	0.461	0.271	0.678	0.565	0.733	0.321	0.402	0.383	0.406	0.380	0.038	1.053	1.053	0.730	0.951	0.980	0.448	0.304	0.818	0.638	0.769	0.322	0.391	0.374	0.405	0.387	0.040	0.997	1.021	0.668	0.952	0.988	0.461	0.306	0.780	0.501	0.715	0.299	0.363	0.324	0.355	0.356	0.039
26:26:42	25.1	0.582	0.888	0.700	0.887	0.883	0.457	0.271	0.675	0.565	0.733	0.321	0.403	0.383	0.407	0.378	0.038	1.055	1.063	0.727	0.951	0.982	0.447	0.308	0.825	0.645	0.772	0.324	0.391	0.374	0.406	0.385	0.041	0.998	1.030	0.660	0.953	0.989	0.459	0.312	0.781	0.500	0.715	0.299	0.363	0.324	0.355	0.356	0.039
26:42:25	25.1	0.580	0.902	0.692	0.885	0.881	0.454	0.272	0.670	0.565	0.734	0.320	0.403	0.383	0.411	0.378	0.038	1.055	1.055	0.722	0.951	0.983	0.445	0.306	0.809	0.645	0.771	0.323	0.391	0.373	0.410	0.383	0.040	0.998	1.017	0.656	0.952	0.990	0.456	0.314	0.772	0.502	0.713	0.298	0.361	0.324	0.357	0.355	0.039
26:58:07	25.0	0.577	0.899	0.689	0.883	0.882	0.453	0.266	0.652	0.558	0.742	0.323	0.407	0.388	0.412	0.384	0.038	1.061	1.064	0.724	0.953	0.989	0.446	0.309	0.828	0.644	0.777	0.325	0.393	0.378	0.413	0.389	0.041	1.002	1.023	0.656	0.955	0.996	0.457	0.323	0.784	0.497	0.718	0.299	0.364	0.327	0.360	0.360	0.039
27:13:50	25.1	0.575	0.890	0.682	0.882	0.881	0.448	0.269	0.654	0.571	0.736	0.319	0.403	0.384	0.414	0.377	0.038	1.059	1.063	0.712	0.951	0.986	0.442	0.308	0.816	0.648	0.775	0.324	0.389	0.375	0.414	0.381	0.040	0.998	1.032	0.647	0.953	0.992	0.453	0.314	0.783	0.496	0.714	0.297	0.361	0.324	0.361	0.355	0.039
27:29:32	25.1	0.572	0.888	0.677	0.881	0.880	0.446	0.268	0.644	0.564	0.741	0.322	0.405	0.390	0.417	0.383	0.038	1.062	1.073	0.710	0.952	0.988	0.442	0.309	0.828	0.650	0.776	0.324	0.390	0.376	0.416	0.384	0.041	1.000	1.036	0.644	0.954	0.995	0.452	0.319	0.782	0.497	0.715	0.298	0.362	0.325	0.364	0.357	0.039
27:45:15	25.1	0.570	0.877	0.672	0.879	0.879	0.441	0.269	0.641	0.567	0.736	0.318	0.402	0.384	0.418	0.376	0.038	1.060	1.054	0.705	0.952	0.988	0.439	0.309	0.821	0.652	0.778	0.323	0.390	0.375	0.418	0.381	0.040	0.999	1.011	0.636	0.953	0.994	0.449	0.305	0.780	0.490	0.711	0.296	0.360	0.324	0.363	0.353	0.039
28:00:57	25.0	0.568	0.886	0.669	0.878	0.878	0.438	0.267	0.641	0.568	0.737	0.318	0.402	0.384	0.419	0.374	0.038	1.063	1.071	0.700	0.952	0.988	0.438	0.308	0.829	0.650	0.777	0.322	0.390	0.376	0.419	0.380	0.041	0.998	1.024	0.633	0.953	0.996	0.448	0.317	0.783	0.491	0.711	0.296	0.360	0.324	0.366	0.352	0.039
28:16:40	25.1	0.565	0.883	0.663	0.876	0.877	0.435	0.273	0.626	0.565	0.737	0.319	0.401	0.386	0.420	0.374	0.038	1.062	1.054	0.697	0.952	0.989	0.437	0.310	0.820	0.649	0.778	0.322	0.389	0.375	0.420	0.378	0.041	0.999	1.033	0.630	0.952	0.996	0.446	0.315	0.784	0.492	0.709	0.295	0.358	0.323	0.364	0.352	0.039
28:32:23	25.1	0.563	0.862	0.660	0.874	0.874	0.434	0.271	0.621	0.561	0.741	0.320	0.405	0.388	0.421	0.378	0.038	1.066	1.070	0.696	0.953	0.992	0.437	0.311	0.828	0.654	0.782	0.323	0.391	0.378	0.422	0.382	0.041	1.000	1.041	0.631	0.954	0.999	0.445	0.319	0.785	0.487	0.711	0.294	0.360	0.325	0.365	0.355	0.039
28:48:05	25.1	0.559	0.878	0.657	0.874	0.876	0.431	0.271	0.613	0.567	0.739	0.318	0.401	0.386	0.423	0.373	0.038	1.065	1.064	0.691	0.951	0.990	0.435	0.313	0.826	0.654	0.779	0.322	0.388	0.375	0.421	0.376	0.040	1.000	1.026	0.625	0.952	0.997	0.443	0.312	0.783	0.484	0.707	0.294	0.358	0.323	0.366	0.351	0.039
29:03:48	25.1	0.555	0.857	0.652	0.871	0.874	0.428	0.269	0.613	0.558	0.739	0.317	0.402	0.385	0.424	0.373	0.038	1.067	1.067	0.689	0.952	0.993	0.434	0.311	0.828	0.648	0.783	0.322	0.389	0.376	0.424	0.376	0.040	0.999	1.036	0.621	0.953	0.999	0.442	0.308	0.787	0.478	0.706	0.293	0.356	0.324	0.366	0.350	0.039
29:19:30	25.1	0.552	0.866	0.648	0.870	0.874	0.425	0.265	0.605	0.557	0.740	0.317	0.401	0.387	0.421	0.372	0.038	1.068	1.059	0.687	0.953	0.993	0.433	0.309	0.818	0.652	0.782	0.322	0.388	0.376	0.422	0.377	0.041	0.999	1.030	0.621	0.953	0.999	0.440	0.307	0.780	0.478	0.705	0.292	0.355	0.322	0.368	0.348	0.039
29:35:13	25.1	0.550	0.863	0.645	0.868	0.870	0.426	0.264	0.603	0.556	0.738	0.316	0.400	0.385	0.425	0.370	0.038	1.068	1.068	0.687	0.952	0.994	0.432	0.309	0.826	0.651	0.783	0.322	0.388	0.375	0.422	0.374	0.040	0.999	1.044	0.619	0.953	1.000	0.439	0.320	0.783	0.472	0.708	0.291	0.355	0.322	0.367	0.348	0.039
29:50:56	25.1	0.546	0.854	0.644	0.867	0.870	0.420	0.270	0.597	0.559	0.738	0.316	0.400	0.387	0.423	0.369	0.038	1.069	1.067	0.684	0.952	0.994	0.431	0.309	0.824	0.651	0.782	0.320	0.387	0.376	0.424	0.372	0.040	0.999	1.037	0.618	0.952	1.001	0.439	0.323	0.779	0.471	0.703	0.290	0.354	0.324	0.367	0.347	0.039
30:06:38	25.1	0.543	0.844	0.639	0.864	0.867	0.417	0.269	0.592	0.551	0.739	0.316	0.400	0.385	0.424	0.368	0.038	1.071	1.073	0.683	0.953	0.996	0.430	0.310	0.825	0.651	0.785	0.321	0.386	0.377	0.424	0.373	0.040	0.999	1.025	0.616	0.953	1.001	0.438	0.323	0.777	0.469	0.700	0.288	0.354	0.323	0.367	0.346	0.039
30:22:21	25.1	0.540	0.844	0.636	0.863	0.866	0.415	0.264	0.589	0.554	0.737	0.314	0.399	0.386	0.424	0.366	0.038	1.071	1.075	0.682	0.954	0.996	0.430	0.310	0.821	0.653	0.784	0.321	0.387	0.377	0.426	0.371	0.040	0.998	1.021	0.616	0.953	1.001	0.436	0.316	0.784	0.468	0.699	0.289	0.352	0.322	0.368	0.345	0.039
30:38:04	25.1	0.536	0.837	0.634	0.862	0.863	0.413	0.265	0.577	0.550	0.737	0.313	0.398	0.386	0.423	0.365	0.038	1.072	1.070	0.682	0.954	0.998	0.429	0.315	0.829	0.651	0.785	0.320	0.387	0.376	0.425	0.371	0.040	0.999	1.042	0.613	0.954	1.002	0.435	0.315	0.780	0.469	0.698	0.288	0.352	0.322	0.368	0.343	0.039
30:53:46	25.1	0.534	0.833	0.632	0.860	0.861	0.410	0.263	0.581	0.547	0.736	0.313	0.398	0.385	0.425	0.363	0.038	1.072	1.077	0.679	0.953	0.996	0.428	0.312	0.825	0.651	0.786	0.320	0.385	0.374	0.426	0.373	0.040	0.997	1.039	0.614	0.955	1.003	0.434	0.321	0.778	0.463	0.695	0.287	0.352	0.321	0.366	0.341	0.039
31:09:29	25.1	0.529	0.829	0.628	0.858	0.859	0.408	0.265	0.575	0.545	0.736	0.312	0.398	0.384	0.424	0.362	0.038	1.073	1.077	0.679	0.955	0.998	0.427	0.312	0.831	0.648	0.786	0.319	0.386	0.376	0.425	0.370	0.041	0.997	1.035	0.613	0.954	1.003	0.433	0.309	0.777	0.463	0.693	0.285	0.350	0.320	0.364	0.339	0.039
31:25:11	25.1	0.526	0.831	0.625	0.857	0.857	0.406	0.262	0.568	0.543	0.737	0.312	0.397	0.385	0.424	0.360	0.038	1.074	1.085	0.680	0.955	0.998	0.426	0.315	0.826	0.648	0.785	0.318	0.385	0.374	0.426	0.372	0.041	0.997	1.038	0.614	0.956	1.004	0.432	0.321	0.778	0.461	0.691	0.284	0.350	0.320	0.366	0.338	0.039
31:40:54	25.1	0.523	0.815	0.623	0.854	0.855	0.404	0.263	0.560	0.538	0.735	0.311	0.396	0.386	0.425	0.360	0.038	1.074	1.084	0.679	0.955	0.999	0.426	0.310	0.826	0.649	0.786	0.318	0.384	0.374	0.425	0.369	0.040	0.996	1.042	0.613	0.954	1.004	0.431	0.325	0.779	0.455	0.688	0.284	0.347	0.319	0.364	0.336	0.039
31:56:37	25.0	0.518	0.818	0.618	0.851	0.853	0.402	0.263	0.558	0.539	0.737	0.310	0.395	0.385	0.423	0.358	0.038	1.075	1.083	0.681	0.956	1.000	0.425	0.311	0.826	0.655	0.787	0.317	0.384	0.374	0.425	0.369	0.040	0.997	1.037	0.612	0.956	1.006	0.430	0.320	0.781	0.454	0.686	0.282	0.347	0.319	0.365	0.335	0.039
32:12:19	25.1	0.514	0.805	0.616	0.851	0.851	0.400	0.259	0.555	0.535	0.736	0.310	0.396	0.384	0.424	0.357	0.038	1.077	1.080	0.681	0.956	1.001	0.424	0.312	0.829	0.645	0.786	0.317	0.383	0.375	0.426	0.368	0.041	0.994	1.039	0.613	0.956	1.005	0.429	0.318	0.780	0.449	0.683	0.282	0.345	0.319	0.362	0.332	0.039
32:28:02	25.1	0.510	0.806	0.612	0.848	0.849	0.398	0.261	0.548	0.534	0.735	0.309	0.394	0.384	0.425	0.354	0.038	1.076	1.087	0.680	0.956	1.000	0.424	0.312	0.827	0.651	0.786	0.316	0.383	0.373	0.426	0.367	0.041	0.993	1.051	0.614	0.956	1.006	0.428	0.328	0.778	0.450	0.682	0.281	0.344	0.318	0.362	0.331	0.039
32:43:44	25.0	0.506	0.796	0.609	0.845	0.846	0.395	0.261	0.543	0.526	0.734	0.308	0.394	0.385	0.425	0.353	0.038	1.076	1.077	0.681	0.956	1.002	0.423	0.315	0.824	0.649	0.789	0.316	0.383	0.373	0.424	0.365	0.040	0.993	1.056	0.615	0.955	1.007	0.428	0.318	0.776	0.443	0.679	0.280	0.345	0.318	0.360	0.329	0.038
32:59:27	25.1	0.501	0.785	0.606	0.843	0.843	0.394	0.257	0.539	0.527	0.735	0.308	0.394	0.386	0.424	0.352	0.038	1.076	1.086	0.681	0.958	1.003	0.423	0.319	0.820	0.644	0.789	0.315	0.382	0.373	0.425	0.364	0.041	0.992	1.049	0.615	0.956	1.008	0.427	0.314	0.778	0.438	0.676	0.278	0.344	0.317	0.359	0.327	0.039
33:15:10	25.1	0.498	0.795	0.602	0.841	0.840	0.391	0.257	0.533	0.523	0.733	0.307	0.393	0.381	0.423	0.349	0.038	1.076	1.088	0.682	0.958	1.003	0.423	0.316	0.821	0.646	0.787	0.315	0.382	0.372	0.423	0.361	0.041	0.990	1.047	0.615	0.958	1.008	0.426	0.317	0.774	0.435	0.674	0.278	0.341	0.315	0.358	0.324	0.039
33:30:52	25.1	0.491	0.775	0.599	0.838	0.839	0.390	0.258	0.534	0.517	0.732	0.306	0.392	0.381	0.424	0.348	0.038	1.075	1.079	0.681	0.958	1.003	0.421	0.318	0.829	0.645	0.786	0.314	0.380	0.372	0.423	0.357	0.041	0.989	1.065	0.615	0.957	1.007	0.426	0.320	0.775	0.431	0.671	0.277	0.341	0.315	0.357	0.323	0.039
33:46:35	25.1	0.485	0.772	0.595	0.835	0.834	0.388	0.256	0.526	0.517	0.732	0.306	0.390	0.381	0.422	0.346	0.038	1.075	1.091	0.683	0.958	1.005	0.422	0.314	0.825	0.646	0.789	0.314	0.381	0.373	0.423	0.356	0.040	0.987	1.055	0.617	0.957	1.009	0.424	0.326	0.774	0.429	0.669	0.276	0.340	0.315	0.357	0.321	0.039
34:02:17	25.1	0.479	0.787	0.592	0.834	0.832	0.385	0.254	0.522	0.511	0.732	0.306	0.391	0.382	0.420	0.345	0.038	1.075	1.088	0.683	0.959	1.005	0.421	0.314	0.821	0.645	0.789	0.314	0.379	0.371	0.421	0.352	0.041	0.985	1.052	0.617	0.957	1.009	0.424	0.326	0.773	0.426	0.665	0.275	0.339	0.315	0.355	0.318	0.039
34:18:00	25.0	0.474	0.774	0.588	0.830	0.830	0.383	0.255	0.519	0.510	0.729	0.304	0.390	0.381	0.421	0.342	0.038	1.075	1.095	0.684	0.959	1.005	0.421	0.315	0.827	0.644	0.789	0.313	0.378	0.370	0.422	0.350	0.040	0.983	1.059	0.617	0.958	1.009	0.423	0.326	0.771	0.421	0.662	0.273	0.338	0.313	0.354	0.316	0.038
34:33:43	25.1	0.469	0.780	0.588	0.827	0.826	0.381	0.254	0.514	0.511	0.727	0.303	0.389	0.381	0.420	0.341	0.038	1.073	1.085	0.685	0.958	1.004	0.421	0.317	0.813	0.645	0.787	0.313	0.378	0.369	0.420	0.348	0.040	0.981	1.043	0.617	0.957	1.008	0.422	0.321	0.770	0.422	0.658	0.272	0.336	0.312	0.353	0.314	0.039
34:49:25	25.1	0.461	0.756	0.582	0.824	0.823	0.379	0.252	0.509	0.505	0.727	0.303	0.388	0.380	0.419	0.339	0.038	1.074	1.093	0.684	0.960	1.005	0.420	0.317	0.823	0.641	0.788	0.311	0.378	0.370	0.420	0.345	0.040	0.979	1.067	0.619	0.958	1.009	0.422	0.314	0.771	0.420	0.655	0.271	0.334	0.311	0.352	0.311	0.039
35:05:08	25.1	0.454	0.764	0.578	0.821	0.820	0.377	0.250	0.504	0.503	0.726	0.302	0.388	0.379	0.416	0.337	0.038	1.073	1.082	0.687	0.960	1.005	0.420	0.315	0.824	0.644	0.787	0.311	0.378	0.369	0.419	0.343	0.040	0.978	1.052	0.619	0.958	1.009	0.421	0.323	0.767	0.418	0.651	0.270	0.333	0.311	0.350	0.308	0.039
35:20:51	25.1	0.447	0.750	0.578	0.818	0.816	0.375	0.252	0.503	0.499	0.724	0.302	0.385	0.378	0.417	0.335	0.038	1.073	1.095	0.687	0.959	1.005	0.419	0.318	0.819	0.641	0.786	0.311	0.375	0.367	0.416	0.338	0.040	0.976	1.058	0.621	0.958	1.009	0.420	0.335	0.772	0.413	0.648	0.269	0.331	0.309	0.349	0.305	0.039
35:36:33	25.1	0.440	0.764	0.574	0.816	0.814	0.373	0.250	0.498	0.493	0.723	0.300	0.384	0.377	0.415	0.334	0.038	1.071	1.093	0.688	0.961	1.006	0.419	0.318	0.817	0.643	0.786	0.310	0.376	0.367	0.416	0.335	0.040	0.974	1.049	0.621	0.958	1.009	0.420	0.318	0.769	0.412	0.645	0.268	0.331	0.308	0.347	0.302	0.039
35:52:16	25.1	0.432	0.745	0.572	0.812	0.811	0.371	0.249	0.497	0.492	0.721	0.299	0.383	0.376	0.414	0.331	0.038	1.072	1.091	0.690	0.959	1.004	0.419	0.320	0.816	0.642	0.786	0.308	0.375	0.367	0.415	0.334	0.041	0.971	1.065	0.623	0.958	1.009	0.420	0.327	0.766	0.409	0.640	0.266	0.330	0.308	0.346	0.300	0.039
36:07:58	25.1	0.424	0.754	0.567	0.808	0.808	0.368	0.249	0.490	0.490	0.720	0.299	0.382	0.376	0.412	0.330	0.038	1.070	1.097	0.690	0.961	1.005	0.419	0.316	0.816	0.639	0.787	0.309	0.374	0.366	0.413	0.332	0.040	0.970	1.053	0.626	0.958	1.009	0.420	0.333	0.766	0.410	0.636	0.266	0.329	0.306	0.345	0.296	0.038
36:23:41	25.1	0.417	0.744	0.564	0.805	0.805	0.366	0.247	0.487	0.487	0.721	0.299	0.382	0.376	0.411	0.329	0.038	1.070	1.104	0.692	0.961	1.005	0.419	0.316	0.812	0.640	0.786	0.308	0.371	0.367	0.412	0.327	0.040	0.968	1.062	0.627	0.957	1.009	0.418	0.335	0.767	0.406	0.632	0.264	0.327	0.305	0.344	0.293	0.039
36:39:24	25.1	0.410	0.754	0.561	0.802	0.801	0.364	0.244	0.483	0.484	0.718	0.297	0.379	0.374	0.410	0.328	0.038	1.071	1.102	0.692	0.960	1.004	0.418	0.320	0.816	0.638	0.785	0.307	0.371	0.365	0.409	0.328	0.040	0.965	1.054	0.627	0.957	1.009	0.418	0.325	0.768	0.401	0.627	0.263	0.325	0.306	0.344	0.290	0.039
36:55:06	25.1	0.404	0.736	0.558	0.798	0.797	0.362	0.243	0.480	0.483	0.716	0.297	0.379	0.374	0.407	0.325	0.038	1.069	1.105	0.693	0.961	1.006	0.419	0.316	0.815	0.637	0.786	0.308	0.371	0.365	0.407	0.323	0.040	0.963	1.062	0.628	0.957	1.010	0.418	0.335	0.769	0.401	0.622	0.262	0.325	0.303	0.341	0.288	0.039
37:10:49	25.1	0.398	0.749	0.557	0.795	0.795	0.359	0.244	0.476	0.482	0.716	0.296	0.379	0.374	0.405	0.324	0.038	1.069	1.096	0.695	0.961	1.006	0.418	0.320	0.810	0.636	0.785	0.306	0.371	0.364	0.404	0.321	0.040	0.962	1.063	0.630	0.958	1.009	0.418	0.331	0.762	0.398	0.617	0.260	0.323	0.302	0.338	0.284	0.038
37:26:31	25.1	0.392	0.736	0.554	0.793	0.791	0.367	0.243	0.474	0.481	0.714	0.296	0.377	0.373	0.402	0.322	0.038	1.070	1.092	0.696	0.961	1.006	0.418	0.321	0.813	0.637	0.785	0.306	0.369	0.363	0.401	0.318	0.040	0.959	1.060	0.631	0.958	1.009	0.417	0.328	0.761	0.395	0.612	0.260	0.322	0.301	0.338	0.282	0.038
37:42:14	25.1	0.386	0.737	0.552	0.789	0.788	0.356	0.241	0.470	0.475	0.713	0.295	0.377	0.372	0.400	0.321	0.038	1.068	1.103	0.697	0.961	1.005	0.417	0.319	0.809	0.635	0.783	0.305	0.368	0.363	0.398	0.315	0.040	0.956	1.072	0.632	0.958	1.009	0.417	0.322	0.763	0.393	0.608	0.258	0.320	0.299	0.336	0.278	0.038
37:57:57	25.0	0.382	0.721	0.548	0.785	0.785	0.367	0.240	0.466	0.474	0.711	0.295	0.376	0.371	0.396	0.320	0.038	1.068	1.109	0.699	0.962	1.005	0.417	0.318	0.809	0.635	0.784	0.305	0.369	0.362	0.394	0.313	0.041	0.955	1.069	0.633	0.957	1.009	0.416	0.329	0.755	0.389	0.600	0.256	0.318	0.298	0.334	0.274	0.038
38:13:39	25.1	0.377	0.723	0.547	0.782	0.780	0.351	0.238	0.460	0.472	0.709	0.293	0.373	0.371	0.396	0.316	0.038	1.066	1.113	0.701	0.962	1.005	0.418	0.319	0.810	0.634	0.784	0.304	0.367	0.362	0.392	0.310	0.040	0.952	1.053	0.635	0.958	1.008	0.416	0.330	0.758	0.385	0.595	0.255	0.317	0.297	0.332	0.271	0.038
38:29:22	25.1	0.370	0.732	0.544	0.779	0.778	0.349	0.238	0.460	0.470	0.708	0.293	0.373	0.370	0.391	0.319	0.038	1.067	1.101	0.702	0.962	1.006	0.417	0.324	0.807	0.630	0.783	0.304	0.366	0.362	0.389	0.313	0.040	0.950	1.063	0.637	0.958	1.008	0.415	0.331	0.757	0.383	0.589	0.254	0.315	0.296	0.330	0.267	0.038
38:45:04	25.1	0.362	0.719	0.540	0.775	0.774	0.347	0.236	0.454	0.468	0.707	0.292	0.373	0.369	0.388	0.320	0.038	1.066	1.112	0.704	0.963	1.006	0.418	0.323	0.808	0.634	0.781	0.303	0.365	0.361	0.386	0.306	0.040	0.946	1.065	0.638	0.957	1.007	0.415	0.332	0.754	0.382	0.584	0.252	0.314	0.295	0.329	0.264	0.038
39:00:47	25.1	0.355	0.718	0.538	0.772	0.771	0.344	0.235	0.451	0.467	0.705	0.291	0.370	0.368	0.385	0.312	0.038	1.066	1.104	0.704	0.963	1.007	0.417	0.325	0.808	0.633	0.783	0.303	0.366	0.361	0.383	0.306	0.041	0.944	1.063	0.637	0.958	1.008	0.415	0.331	0.757	0.378	0.578	0.251	0.312	0.294	0.327	0.260	0.038
39:16:30	25.0	0.348	0.715	0.537	0.769	0.768	0.342	0.233	0.447	0.464	0.705	0.289	0.369	0.367	0.382	0.310	0.038	1.064	1.111	0.705	0.961	1.006	0.417	0.317	0.806	0.630	0.781	0.302	0.364	0.358	0.378	0.302	0.040	0.940	1.068	0.638	0.959	1.008	0.414	0.333	0.747	0.376	0.572	0.249	0.311	0.291	0.325	0.257	0.038
39:32:12	25.0	0.341	0.709	0.535	0.765	0.764	0.340	0.233	0.442	0.463	0.701	0.290	0.369	0.367	0.379	0.309	0.038	1.065	1.095	0.706	0.963	1.006	0.417	0.319	0.799	0.628	0.780	0.301	0.362	0.359	0.377	0.300	0.040	0.939	1.063	0.640	0.957	1.007	0.414	0.319	0.750	0.382	0.565	0.247	0.309	0.291	0.324	0.254	0.038
39:47:55	25.1	0.334	0.720	0.532	0.763	0.761	0.338	0.234	0.440	0.461	0.700	0.289	0.367	0.367	0.376	0.308	0.038	1.063	1.093	0.709	0.963	1.005	0.416	0.323	0.792	0.630	0.779	0.300	0.362	0.358	0.373	0.298	0.040	0.934	1.045	0.642	0.957	1.008	0.414	0.322	0.755	0.377	0.559	0.245	0.307	0.288	0.320	0.251	0.038
40:03:38	25.1	0.326	0.704	0.532	0.759	0.758	0.336	0.232	0.436	0.458	0.699	0.288	0.366	0.366	0.373	0.305	0.038	1.064	1.088	0.711	0.963	1.007	0.417	0.316	0.798	0.624	0.781	0.301	0.361	0.357	0.370	0.297	0.040	0.932	1.036	0.643	0.959	1.007	0.413	0.331	0.751	0.374	0.554	0.243	0.305	0.288	0.319	0.247	0.039
40:19:20	25.1	0.319	0.699	0.530	0.756	0.754	0.333	0.228	0.432	0.457	0.698	0.288	0.366	0.365	0.373	0.303	0.038	1.063	1.107	0.711	0.963	1.006	0.417	0.324	0.800	0.627	0.779	0.300	0.360	0.358	0.367	0.294	0.040	0.929	1.044	0.644	0.959	1.007	0.413	0.323	0.749	0.376	0.549	0.242	0.302	0.285	0.318	0.244	0.038
40:35:03	25.1	0.311	0.694	0.528	0.754	0.751	0.331	0.226	0.425	0.454	0.696	0.287	0.364	0.365	0.366	0.302	0.038	1.061	1.095	0.712	0.965	1.006	0.417	0.320	0.796	0.625	0.779	0.300	0.360	0.357	0.364	0.292	0.040	0.925	1.067	0.645	0.958	1.008	0.413	0.328	0.741	0.372	0.544	0.240	0.301	0.284	0.315	0.241	0.038
40:50:45	25.1	0.301	0.686	0.527	0.752	0.747	0.329	0.223	0.423	0.452	0.696	0.287	0.366	0.366	0.363	0.303	0.038	1.059	1.101	0.717	0.965	1.008	0.418	0.321	0.797	0.624	0.780	0.300	0.359	0.358	0.362	0.291	0.041	0.922	1.066	0.650	0.960	1.007	0.414	0.335	0.745	0.373	0.540	0.238	0.298	0.282	0.311	0.238	0.038
41:06:28	25.1	0.295	0.694	0.524	0.749	0.745	0.327	0.223	0.418	0.450	0.691	0.285	0.364	0.363	0.359	0.300	0.038	1.052	1.111	0.716	0.965	1.006	0.417	0.322	0.795	0.622	0.776	0.297	0.356	0.354	0.358	0.287	0.040	0.916	1.053	0.650	0.959	1.007	0.413	0.333	0.743	0.369	0.535	0.236	0.297	0.281	0.309	0.234	0.038
41:22:11	25.1	0.285	0.684	0.522	0.746	0.741	0.325	0.225	0.415	0.449	0.690	0.285	0.362	0.364	0.359	0.300	0.038	1.050	1.119	0.717	0.966	1.006	0.417	0.321	0.788	0.621	0.777	0.297	0.357	0.354	0.356	0.287	0.040	0.910	1.056	0.651	0.959	1.006	0.412	0.335	0.741	0.370	0.531	0.234	0.295	0.278	0.308	0.233	0.038
41:37:53	25.1	0.274	0.690	0.522	0.742	0.738	0.323	0.223	0.412	0.449	0.689	0.284	0.361	0.362	0.356	0.297	0.038	1.046	1.099	0.719	0.966	1.006	0.417	0.320	0.780	0.624	0.774	0.296	0.355	0.353	0.352	0.285	0.040	0.905	1.069	0.652	0.959	1.006	0.412	0.333	0.737	0.370	0.526	0.233	0.293	0.278	0.305	0.229	0.038
41:53:36	25.0	0.262	0.688	0.521	0.739	0.736	0.321	0.223	0.408	0.446	0.686	0.283	0.360	0.360	0.352	0.294	0.038	1.043	1.099	0.720	0.967	1.007	0.417	0.328	0.787	0.621	0.777	0.297	0.354	0.353	0.351	0.285	0.040	0.900	1.078	0.653	0.959	1.006	0.412	0.327	0.737	0.362	0.523	0.230	0.291	0.276	0.304	0.226	0.038
42:09:19	25.1	0.252	0.682	0.518	0.736	0.732	0.319	0.223	0.405	0.448	0.685	0.282	0.358	0.360	0.351	0.292	0.038	1.040	1.102	0.721	0.967	1.006	0.417	0.323	0.785	0.621	0.775	0.296	0.354	0.352	0.348	0.281	0.040	0.895	1.061	0.654	0.959	1.006	0.411	0.325	0.729	0.361	0.518	0.229	0.288	0.274	0.301	0.223	0.038
42:25:01	25.1	0.240	0.677	0.519	0.735	0.728	0.317	0.218	0.397	0.441	0.684	0.282	0.359	0.362	0.347	0.292	0.038	1.038	1.099	0.728	0.967	1.008	0.418	0.325	0.787	0.617	0.776	0.296	0.354	0.353	0.346	0.281	0.041	0.891	1.067	0.661	0.962	1.008	0.412	0.334	0.724	0.355	0.515	0.226	0.287	0.271	0.299	0.221	0.038
42:40:44	25.1	0.229	0.674	0.517	0.731	0.726	0.314	0.220	0.395	0.442	0.682	0.281	0.357	0.358	0.345	0.289	0.038	1.034	1.103	0.724	0.968	1.007	0.416	0.323	0.781	0.614	0.774	0.295	0.353	0.351	0.344	0.278	0.040	0.885	1.057	0.660	0.960	1.007	0.412	0.327	0.729	0.355	0.510	0.225	0.284	0.269	0.296	0.219	0.038
42:56:27	25.1	0.216	0.671	0.514	0.728	0.723	0.312	0.218	0.390	0.443	0.681	0.281	0.356	0.359	0.344	0.288	0.038	1.031	1.093	0.725	0.968	1.007	0.417	0.321	0.785	0.615	0.773	0.294	0.351	0.350	0.342	0.276	0.040	0.882	1.060	0.659	0.960	1.006	0.411	0.321	0.716	0.351	0.507	0.223	0.282	0.268	0.294	0.216	0.038
43:12:09	25.1	0.205	0.674	0.513	0.725	0.721	0.310	0.218	0.388	0.440	0.676	0.280	0.355	0.356	0.341	0.286	0.038	1.028	1.091	0.727	0.965	1.007	0.417	0.321	0.781	0.609	0.771	0.294	0.351	0.350	0.340	0.275	0.040	0.878	1.057	0.660	0.957	1.006	0.411	0.324	0.726	0.346	0.504	0.220	0.280	0.265	0.291	0.214	0.038
43:27:52	25.1	0.194	0.666	0.513	0.720	0.718	0.308	0.216	0.383	0.439	0.676	0.279	0.354	0.357	0.339	0.285	0.038	1.025	1.090	0.730	0.965	1.007	0.417	0.318	0.778	0.609	0.772	0.293	0.350	0.348	0.337	0.273	0.040	0.874	1.047	0.662	0.957	1.007	0.411	0.324	0.721	0.342	0.501	0.219	0.278	0.263	0.289	0.211	0.038
43:43:35	25.1	0.183	0.662	0.512	0.717	0.714	0.307	0.214	0.378	0.438	0.675	0.278	0.352	0.355	0.337	0.283	0.038	1.023	1.083	0.731	0.965	1.008	0.418	0.323	0.775	0.612	0.770	0.293	0.349	0.348	0.336	0.271	0.040	0.871	1.041	0.664	0.955	1.005	0.410	0.322	0.722	0.340	0.498	0.217	0.276	0.261	0.287	0.209	0.038
43:59:17	25.1	0.174	0.660	0.510	0.713	0.710	0.304	0.214	0.374	0.437	0.673	0.278	0.351	0.355	0.335	0.283	0.038	1.020	1.078	0.731	0.965	1.006	0.418	0.323	0.774	0.610	0.769	0.292	0.348	0.347	0.334	0.271	0.040	0.866	1.040	0.667	0.956	1.005	0.411	0.321	0.718	0.337	0.494	0.215	0.274	0.259	0.285	0.207	0.038
44:15:00	25.1	0.164	0.653	0.508	0.708	0.708	0.302	0.212	0.371	0.436	0.672	0.277	0.351	0.355	0.334	0.282	0.038	1.018	1.069	0.733	0.965	1.006	0.417	0.319	0.773	0.608	0.770	0.291	0.347	0.348	0.332	0.270	0.040	0.862	1.038	0.666	0.955	1.006	0.411	0.318	0.715	0.332	0.492	0.214	0.271	0.257	0.282	0.206	0.038
44:30:43	25.1	0.152	0.650	0.507	0.706	0.705	0.301	0.209	0.363	0.431	0.668	0.277	0.350	0.353	0.332	0.279	0.038	1.014	1.071	0.734	0.965	1.008	0.417	0.320	0.770	0.610	0.769	0.291	0.346	0.347	0.331	0.268	0.040	0.859	1.036	0.669	0.956	1.009	0.410	0.312	0.706	0.328	0.491	0.212	0.269	0.255	0.280	0.204	0.038
44:46:25	25.1	0.140	0.643	0.506	0.702	0.703	0.299	0.210	0.358	0.430	0.668	0.276	0.348	0.352	0.331	0.279	0.038	1.012	1.065	0.736	0.966	1.009	0.417	0.325	0.768	0.603	0.770	0.292	0.346	0.346	0.328	0.266	0.040	0.856	1.028	0.671	0.957	1.008	0.411	0.319	0.705	0.326	0.487	0.210	0.266	0.252	0.279	0.203	0.038
45:02:08	25.0	0.127	0.641	0.503	0.700	0.701	0.297	0.206	0.352	0.428	0.665	0.275	0.347	0.351	0.327	0.276	0.038	1.009	1.059	0.738	0.967	1.011	0.417	0.320	0.761	0.603	0.769	0.291	0.345	0.346	0.327	0.266	0.040	0.853	1.014	0.672	0.957	1.009	0.410	0.321	0.703	0.325	0.485	0.208	0.264	0.250	0.278	0.200	0.038
45:17:51	25.1	0.114	0.632	0.503	0.697	0.699	0.295	0.205	0.346	0.425	0.665	0.275	0.347	0.351	0.326	0.276	0.038	1.006	1.052	0.739	0.968	1.011	0.418	0.314	0.764	0.601	0.768	0.290	0.345	0.345	0.325	0.265	0.040	0.849	1.012	0.674	0.957	1.010	0.410	0.319	0.700	0.322	0.482	0.207	0.261	0.248	0.274	0.199	0.038
45:33:33	25.1	0.102	0.625	0.501	0.695	0.698	0.294	0.205	0.341	0.424	0.662	0.274	0.346	0.351	0.325	0.275	0.038	1.004	1.051	0.742	0.967	1.011	0.418	0.324	0.765	0.599	0.768	0.290	0.344	0.344	0.324	0.262	0.040	0.846	1.010	0.674	0.957	1.011	0.410	0.318	0.692	0.317	0.481	0.205	0.259	0.246	0.272	0.197	0.038
45:49:16	25.1	0.093	0.621	0.499	0.692	0.695	0.292	0.205	0.335	0.423	0.659	0.273	0.345	0.349	0.322	0.272	0.038	1.001	1.054	0.743	0.968	1.013	0.418	0.322	0.760	0.595	0.768	0.289	0.343	0.345	0.323	0.262	0.040	0.843	1.007	0.676	0.959	1.012	0.410	0.322	0.687	0.315	0.478	0.204	0.258	0.243	0.270	0.196	0.038
46:04:59	25.0	0.085	0.615	0.497	0.689	0.693	0.290	0.203	0.329	0.421	0.658	0.272	0.344	0.348	0.321	0.271	0.038	0.997	1.038	0.744	0.964	1.014	0.423	0.317	0.765	0.596	0.765	0.289	0.342	0.343	0.321	0.260	0.040	0.838	1.003	0.678	0.955	1.013	0.410	0.316	0.687	0.313	0.476	0.203	0.255	0.241	0.268	0.195	0.038
46:20:41	25.1	0.080	0.608	0.497	0.686	0.690	0.288	0.203	0.324	0.417	0.654	0.272	0.342	0.347	0.319	0.269	0.038	0.991	1.040	0.745	0.960	1.015	0.419	0.319	0.760	0.595	0.766	0.288	0.342	0.343	0.319	0.259	0.040	0.834	0.993	0.678	0.951	1.013	0.410	0.320	0.681	0.307	0.474	0.202	0.252	0.239	0.267	0.193	0.038
46:36:24	25.1	0.076	0.599	0.495	0.680	0.687	0.286	0.200	0.317	0.417	0.653	0.272	0.343	0.347	0.317	0.268	0.038	0.985	1.026	0.747	0.955	1.017	0.418	0.319	0.759	0.591	0.765	0.288	0.341	0.343	0.319	0.258	0.040	0.826	0.993	0.679	0.946	1.014	0.409	0.316	0.684	0.302	0.471	0.200	0.250	0.237	0.264	0.192	0.038
46:52:07	25.1	0.073	0.595	0.494	0.674	0.686	0.285	0.199	0.312	0.415	0.651	0.271	0.341	0.346	0.316	0.267	0.038	0.978	1.018	0.748	0.951	1.017	0.418	0.313	0.756	0.590	0.765	0.287	0.339	0.341	0.316	0.256	0.040	0.819	0.982	0.681	0.941	1.013	0.409	0.312	0.673	0.298	0.471	0.199	0.248	0.235	0.262	0.191	0.038
47:07:49	25.0	0.072	0.586	0.492	0.669	0.683	0.283	0.198	0.307	0.413	0.649	0.270	0.341	0.346	0.315	0.265	0.038	0.973	1.011	0.751	0.947	1.017	0.418	0.321	0.758	0.589	0.764	0.288	0.340	0.341	0.316	0.255	0.040	0.814	0.972	0.682	0.938	1.010	0.410	0.315	0.673	0.299	0.468	0.198	0.247	0.233	0.261	0.189	0.038
47:23:32	25.1	0.071	0.579	0.491	0.662	0.678	0.282	0.196	0.299	0.412	0.648	0.269	0.339	0.344	0.313	0.263	0.038	0.967	1.011	0.751	0.942	1.015	0.418	0.318	0.746	0.588	0.763	0.286	0.339	0.341	0.314	0.254	0.040	0.810	0.977	0.685	0.933	1.007	0.409	0.311	0.675	0.291	0.473	0.197	0.244	0.231	0.259	0.188	0.038
47:39:15	25.1	0.070	0.573	0.489	0.658	0.673	0.280	0.196	0.293	0.409	0.646	0.269	0.339	0.346	0.312	0.262	0.038	0.962	1.005	0.753	0.937	1.012	0.418	0.317	0.752	0.588	0.763	0.286	0.338	0.340	0.312	0.253	0.040	0.804	0.963	0.685	0.928	1.003	0.410	0.316	0.668	0.293	0.464	0.195	0.242	0.229	0.257	0.187	0.038
47:54:57	25.1	0.069	0.568	0.487	0.652	0.668	0.279	0.197	0.290	0.408	0.644	0.268	0.338	0.344	0.308	0.260	0.038	0.957	0.999	0.754	0.933	1.007	0.418	0.311	0.750	0.585	0.761	0.288	0.337	0.340	0.311	0.253	0.040	0.799	0.965	0.687	0.924	1.000	0.409	0.317	0.662	0.288	0.469	0.194	0.241	0.227	0.255	0.185	0.038
48:10:40	25.1	0.069	0.562	0.485	0.647	0.662	0.277	0.196	0.285	0.408	0.642	0.268	0.337	0.343	0.308	0.259	0.038	0.950	0.987	0.755	0.928	1.005	0.418	0.316	0.747	0.582	0.761	0.285	0.336	0.339	0.310	0.253	0.040	0.793	0.948	0.689	0.918	0.995	0.409	0.310	0.661	0.285	0.461	0.193	0.238	0.224	0.253	0.185	0.038
48:26:23	25.1	0.068	0.551	0.484	0.642	0.656	0.275	0.195	0.280	0.405	0.642	0.267	0.336	0.342	0.305	0.258	0.038	0.945	0.982	0.758	0.922	1.000	0.419	0.309	0.749	0.580	0.759	0.285	0.336	0.337	0.309	0.251	0.040	0.788	0.942	0.690	0.914	0.992	0.409	0.311	0.655	0.283	0.458	0.193	0.236	0.222	0.251	0.183	0.038
48:42:05	25.0	0.068	0.544	0.482	0.635	0.651	0.274	0.195	0.273	0.403	0.638	0.267	0.336	0.341	0.304	0.256	0.038	0.939	0.981	0.758	0.917	0.998	0.418	0.315	0.744	0.578	0.759	0.283	0.335	0.338	0.307	0.249	0.040	0.783	0.945	0.691	0.907	0.989	0.409	0.310	0.657	0.279	0.457	0.192	0.235	0.221	0.249	0.182	0.038
48:57:48	25.0	0.067	0.537	0.481	0.630	0.646	0.272	0.195	0.266	0.402	0.636	0.266	0.334	0.341	0.302	0.256	0.038	0.935	0.968	0.759	0.910	0.995	0.419	0.314	0.743	0.575	0.760	0.284	0.335	0.338	0.304	0.250	0.040	0.778	0.933	0.693	0.903	0.986	0.409	0.310	0.648	0.274	0.455	0.191	0.234	0.219	0.249	0.181	0.038
49:13:31	25.1	0.067	0.533	0.480	0.626	0.641	0.271	0.193	0.261	0.400	0.633	0.266	0.332	0.340	0.301	0.254	0.038	0.929	0.964	0.759	0.904	0.992	0.419	0.317	0.742	0.575	0.760	0.283	0.334	0.338	0.304	0.248	0.040	0.773	0.929	0.694	0.895	0.982	0.409	0.312	0.643	0.269	0.453	0.190	0.232	0.218	0.247	0.180	0.038
49:29:14	25.1	0.065	0.525	0.477	0.620	0.636	0.269	0.192	0.256	0.398	0.631	0.265	0.333	0.340	0.299	0.253	0.038	0.923	0.953	0.763	0.897	0.988	0.419	0.315	0.742	0.571	0.758	0.283	0.333	0.337	0.303	0.248	0.040	0.769	0.916	0.696	0.891	0.980	0.408	0.306	0.639	0.267	0.451	0.189	0.230	0.216	0.244	0.179	0.038
49:44:56	25.0	0.065	0.516	0.476	0.615	0.630	0.268	0.189	0.250	0.396	0.628	0.264	0.332	0.339	0.299	0.251	0.038	0.918	0.952	0.763	0.890	0.986	0.418	0.317	0.744	0.572	0.756	0.283	0.332	0.336	0.301	0.246	0.040	0.763	0.911	0.697	0.884	0.976	0.409	0.307	0.634	0.262	0.450	0.188	0.229	0.214	0.243	0.178	0.038
50:00:39	25.1	0.064	0.508	0.475	0.610	0.625	0.266	0.189	0.244	0.396	0.628	0.264	0.330	0.337	0.297	0.250	0.038	0.912	0.933	0.766	0.882	0.983	0.419	0.311	0.737	0.568	0.757	0.282	0.333	0.336	0.299	0.247	0.040	0.759	0.897	0.699	0.877	0.973	0.408	0.308	0.634	0.258	0.448	0.187	0.227	0.213	0.241	0.177	0.038
50:16:22	25.1	0.063	0.500	0.473	0.606	0.621	0.264	0.188	0.240	0.392	0.625	0.264	0.331	0.337	0.295	0.249	0.038	0.908	0.923	0.766	0.875	0.980	0.419	0.306	0.732	0.567	0.755	0.282	0.332	0.335	0.298	0.244	0.040	0.753	0.900	0.700	0.870	0.970	0.408	0.307	0.630	0.255	0.446	0.187	0.225	0.211	0.240	0.175	0.038
50:32:04	25.1	0.063	0.489	0.472	0.601	0.615	0.263	0.183	0.233	0.389	0.622	0.262	0.329	0.336	0.294	0.247	0.038	0.902	0.922	0.767	0.866	0.976	0.419	0.311	0.733	0.564	0.755	0.281	0.330	0.334	0.297	0.244	0.041	0.749	0.883	0.701	0.863	0.967	0.408	0.303	0.624	0.248	0.445	0.186	0.224	0.211	0.239	0.174	0.038

Results
	1	2	3	4	5	6	7	8
A	1.476	3.022	2.348	1.712	2.151	3.232	1.037	8.484	Max V [600]
	1.000	1.000	1.000	1.000	1.000	1.000	1.000	1.000	R-Squared [600]
	13:29:04	19:30:24	12:57:39	11:39:06	11:39:06	13:29:04	12:26:14	8:46:18	t at Max V [600]
	7:26:34	14:48:20	8:35:33	6:50:58	7:44:00	10:39:16	10:14:11	8:19:35	Lagtime [600]
B	1.120	1.304	1.508	1.936	2.354	0.809	1.705	-0.013	Max V [600]
	1.000	1.000	1.000	1.000	1.000	1.000	1.000	1.000	R-Squared [600]
	7:12:03	13:44:47	7:12:03	8:46:18	6:09:12	7:27:45	8:14:53	38:05:48	t at Max V [600]
	6:24:27	9:19:19	5:24:51	6:44:44	5:10:45	4:42:54	6:02:38	37:26:33	Lagtime [600]
C	2.004	2.023	2.004	-3.620	2.119	1.699	1.419	2.019	Max V [600]
	1.000	1.000	1.000	1.000	1.000	1.000	1.000	1.000	R-Squared [600]
	11:54:49	10:36:16	12:26:14	0:07:52	10:36:16	9:33:26	11:54:49	11:23:23	t at Max V [600]
	7:26:09	5:53:10	7:15:13	0:00:00	6:40:01	7:00:42	10:07:22	8:16:03	Lagtime [600]
D	2.271	1.253	1.618	1.565	1.285	0.828	1.739	0.025	Max V [600]
	1.000	1.000	1.000	1.000	1.000	1.000	1.000	1.000	R-Squared [600]
	17:24:43	12:57:39	7:27:45	8:14:53	6:56:20	6:40:37	7:27:45	26:50:16	t at Max V [600]
	13:57:12	8:19:29	5:35:37	5:58:13	4:28:30	4:35:01	5:51:03	26:58:07	Lagtime [600]
E	1.909	1.955	1.915	1.756	1.909	1.667	1.159	2.233	Max V [600]
	1.000	1.000	1.000	1.000	1.000	1.000	1.000	1.000	R-Squared [600]
	11:54:49	11:23:23	13:44:47	11:39:06	11:07:41	9:33:26	12:10:31	12:57:39	t at Max V [600]
	7:17:43	6:21:29	7:18:37	6:21:00	6:21:22	7:04:32	9:38:21	9:19:15	Lagtime [600]
F	0.961	1.236	1.476	1.648	1.183	0.815	1.591	-0.013	Max V [600]
	1.000	1.000	1.000	1.000	1.000	1.000	1.000	1.000	R-Squared [600]
	15:03:20	14:31:54	7:12:03	8:14:53	7:12:03	6:40:37	8:14:53	40:11:29	t at Max V [600]
	9:23:51	8:34:22	5:13:09	6:11:07	4:39:11	4:40:10	6:10:09	39:16:32	Lagtime [600]

