

Software Version	3.03.14



Experiment File Path:	C:\Users\Public\Documents\Experiments\Task2_48hr_48well_discon_170925_133256.xpt
Protocol File Path:	C:\Users\Public\Documents\Protocols\Task2_48hr_48well_discon.prt



Plate Number	Plate 1
Date	9/25/2017
Time	1:33:17 PM
Reader Type:	Synergy H1
Reader Serial Number:	1706221C
Reading Type	Reader

Procedure Details

Plate Type	Costar 48 well
Discontinuous Kinetics	Runtime 2:00:15 (D:HH:MM), Interval 0:00:15, 194 Reads
Set Temperature	Setpoint 25°C
	Preheat before moving to next step
Read	Absorbance Endpoint
	Full Plate
	Wavelengths:  600
	Read Speed: Normal,  Delay: 100 msec,  Measurements/Data Point: 8
Shake	Linear: 15:00 (MM:SS)
	Frequency: 567 cpm (3 mm)

Layout
	1	2	3	4	5	6	7	8
A	SPL1	SPL7	SPL13	SPL19	SPL25	SPL31	SPL37	SPL43	Well ID
B	SPL2	SPL8	SPL14	SPL20	SPL26	SPL32	SPL38	SPL44	Well ID
C	SPL3	SPL9	SPL15	SPL21	SPL27	SPL33	SPL39	SPL45	Well ID
D	SPL4	SPL10	SPL16	SPL22	SPL28	SPL34	SPL40	SPL46	Well ID
E	SPL5	SPL11	SPL17	SPL23	SPL29	SPL35	SPL41	SPL47	Well ID
F	SPL6	SPL12	SPL18	SPL24	SPL30	SPL36	SPL42	SPL48	Well ID

600

Time	T° 600	A1	A2	A3	A4	A5	A6	A7	A8	B1	B2	B3	B4	B5	B6	B7	B8	C1	C2	C3	C4	C5	C6	C7	C8	D1	D2	D3	D4	D5	D6	D7	D8	E1	E2	E3	E4	E5	E6	E7	E8	F1	F2	F3	F4	F5	F6	F7	F8
0:00:00	25.1	0.042	0.040	0.047	0.043	0.041	0.043	0.042	0.041	0.041	0.042	0.040	0.044	0.068	0.043	0.232	0.146	0.041	0.042	0.040	0.045	0.045	0.055	0.043	0.040	0.042	0.043	0.039	0.042	0.044	0.044	0.059	0.045	0.042	0.065	0.040	0.052	0.039	0.077	0.061	0.051	0.048	0.058	0.080	0.063	0.056	0.039	0.039	0.039
0:15:43	25.1	0.043	0.042	0.043	0.049	0.050	0.051	0.063	0.060	0.044	0.044	0.044	0.047	0.048	0.048	0.054	0.054	0.042	0.042	0.042	0.051	0.051	0.051	0.062	0.063	0.046	0.046	0.046	0.049	0.049	0.049	0.061	0.063	0.044	0.045	0.045	0.047	0.047	0.048	0.065	0.089	0.063	0.057	0.062	0.062	0.064	0.039	0.039	0.039
0:31:26	25.1	0.043	0.042	0.043	0.049	0.050	0.051	0.063	0.061	0.044	0.044	0.044	0.048	0.048	0.048	0.053	0.053	0.042	0.042	0.043	0.051	0.052	0.051	0.065	0.066	0.046	0.046	0.046	0.049	0.049	0.050	0.061	0.063	0.044	0.045	0.045	0.047	0.047	0.048	0.068	0.094	0.063	0.057	0.065	0.063	0.067	0.039	0.039	0.039
0:47:09	25.0	0.043	0.042	0.043	0.050	0.051	0.053	0.062	0.063	0.044	0.044	0.044	0.048	0.049	0.049	0.052	0.054	0.042	0.042	0.043	0.052	0.052	0.052	0.067	0.068	0.046	0.046	0.046	0.049	0.050	0.050	0.062	0.064	0.044	0.045	0.045	0.048	0.047	0.048	0.070	0.099	0.066	0.058	0.067	0.064	0.070	0.039	0.039	0.039
1:02:51	25.1	0.043	0.042	0.043	0.051	0.052	0.052	0.065	0.064	0.044	0.044	0.044	0.049	0.050	0.050	0.052	0.052	0.042	0.042	0.043	0.052	0.053	0.052	0.069	0.072	0.046	0.046	0.046	0.050	0.051	0.051	0.064	0.066	0.044	0.044	0.045	0.049	0.048	0.049	0.073	0.105	0.067	0.058	0.070	0.066	0.073	0.039	0.039	0.039
1:18:34	25.1	0.043	0.042	0.043	0.052	0.053	0.053	0.068	0.067	0.044	0.044	0.044	0.050	0.050	0.051	0.052	0.052	0.042	0.043	0.043	0.053	0.054	0.053	0.072	0.075	0.046	0.046	0.046	0.051	0.051	0.052	0.066	0.068	0.044	0.044	0.045	0.050	0.049	0.050	0.077	0.111	0.071	0.058	0.073	0.068	0.076	0.039	0.039	0.039
1:34:16	25.0	0.043	0.042	0.043	0.052	0.054	0.055	0.073	0.070	0.044	0.045	0.045	0.051	0.051	0.052	0.051	0.053	0.043	0.043	0.043	0.054	0.055	0.055	0.076	0.078	0.046	0.046	0.047	0.052	0.052	0.053	0.068	0.069	0.044	0.045	0.045	0.050	0.050	0.051	0.081	0.119	0.073	0.060	0.077	0.070	0.080	0.039	0.039	0.039
1:49:59	25.0	0.043	0.042	0.043	0.054	0.055	0.056	0.076	0.075	0.045	0.045	0.045	0.052	0.052	0.053	0.051	0.060	0.043	0.043	0.043	0.055	0.056	0.055	0.080	0.082	0.047	0.047	0.047	0.053	0.053	0.054	0.069	0.071	0.044	0.045	0.046	0.051	0.051	0.052	0.086	0.127	0.076	0.060	0.081	0.072	0.084	0.039	0.039	0.039
2:05:41	25.1	0.043	0.043	0.043	0.055	0.056	0.057	0.078	0.077	0.045	0.045	0.045	0.053	0.053	0.054	0.052	0.056	0.043	0.043	0.043	0.057	0.057	0.057	0.084	0.087	0.047	0.047	0.047	0.054	0.055	0.055	0.071	0.074	0.045	0.045	0.046	0.052	0.052	0.053	0.090	0.137	0.079	0.061	0.085	0.075	0.089	0.039	0.039	0.039
2:21:24	25.0	0.043	0.043	0.043	0.056	0.057	0.058	0.083	0.082	0.045	0.045	0.045	0.055	0.055	0.055	0.052	0.069	0.043	0.043	0.043	0.058	0.058	0.057	0.088	0.092	0.047	0.047	0.047	0.056	0.056	0.056	0.074	0.076	0.045	0.045	0.046	0.054	0.053	0.054	0.096	0.147	0.082	0.087	0.090	0.077	0.095	0.039	0.039	0.039
2:37:06	25.1	0.043	0.043	0.043	0.058	0.059	0.060	0.086	0.085	0.045	0.045	0.046	0.056	0.056	0.057	0.051	0.053	0.043	0.043	0.043	0.059	0.060	0.059	0.094	0.098	0.047	0.047	0.047	0.057	0.057	0.058	0.076	0.079	0.045	0.045	0.046	0.055	0.054	0.056	0.102	0.159	0.085	0.084	0.095	0.080	0.101	0.039	0.039	0.039
2:52:49	25.1	0.043	0.043	0.043	0.059	0.061	0.061	0.090	0.090	0.045	0.046	0.046	0.058	0.058	0.059	0.085	0.073	0.043	0.043	0.044	0.060	0.061	0.062	0.100	0.105	0.047	0.047	0.047	0.059	0.059	0.059	0.080	0.082	0.045	0.046	0.047	0.057	0.056	0.057	0.109	0.173	0.093	0.063	0.102	0.083	0.108	0.039	0.039	0.039
3:08:31	25.1	0.044	0.043	0.044	0.061	0.062	0.064	0.098	0.097	0.046	0.046	0.046	0.059	0.059	0.060	0.055	0.090	0.043	0.044	0.044	0.062	0.063	0.062	0.107	0.113	0.047	0.047	0.048	0.060	0.061	0.061	0.083	0.086	0.045	0.046	0.047	0.058	0.058	0.059	0.118	0.189	0.096	0.066	0.110	0.087	0.117	0.039	0.039	0.039
3:24:14	25.1	0.044	0.043	0.043	0.062	0.064	0.066	0.101	0.101	0.046	0.046	0.047	0.061	0.061	0.062	0.054	0.106	0.044	0.044	0.044	0.064	0.064	0.063	0.117	0.122	0.048	0.048	0.048	0.062	0.063	0.063	0.087	0.089	0.046	0.046	0.047	0.060	0.059	0.061	0.129	0.208	0.102	0.133	0.119	0.091	0.127	0.039	0.039	0.039
3:39:56	25.1	0.044	0.043	0.044	0.064	0.067	0.068	0.107	0.106	0.046	0.047	0.047	0.063	0.063	0.064	0.147	0.056	0.044	0.044	0.044	0.065	0.066	0.065	0.127	0.133	0.048	0.048	0.048	0.064	0.065	0.065	0.091	0.094	0.046	0.047	0.047	0.062	0.061	0.063	0.141	0.229	0.107	0.067	0.131	0.096	0.140	0.039	0.039	0.039
3:55:39	25.1	0.044	0.044	0.044	0.067	0.069	0.070	0.115	0.115	0.047	0.047	0.047	0.065	0.065	0.066	0.056	0.057	0.044	0.044	0.044	0.067	0.068	0.067	0.140	0.146	0.048	0.048	0.049	0.066	0.067	0.067	0.096	0.100	0.046	0.047	0.048	0.064	0.063	0.065	0.156	0.254	0.115	0.068	0.144	0.102	0.154	0.039	0.039	0.039
4:11:22	25.1	0.044	0.044	0.044	0.069	0.072	0.073	0.124	0.129	0.047	0.047	0.047	0.068	0.068	0.069	0.144	0.060	0.044	0.044	0.044	0.069	0.071	0.068	0.155	0.162	0.049	0.049	0.049	0.069	0.070	0.070	0.102	0.105	0.047	0.047	0.048	0.066	0.066	0.067	0.172	0.283	0.129	0.070	0.160	0.108	0.171	0.039	0.039	0.039
4:27:04	25.1	0.044	0.044	0.044	0.072	0.075	0.076	0.130	0.137	0.048	0.048	0.048	0.070	0.070	0.071	0.063	0.063	0.044	0.044	0.045	0.071	0.074	0.071	0.172	0.179	0.049	0.049	0.049	0.071	0.072	0.073	0.108	0.112	0.047	0.048	0.049	0.069	0.068	0.070	0.192	0.313	0.138	0.072	0.177	0.117	0.189	0.039	0.039	0.039
4:42:46	25.1	0.044	0.044	0.045	0.075	0.078	0.080	0.143	0.144	0.048	0.048	0.048	0.073	0.073	0.075	0.168	0.110	0.044	0.045	0.045	0.074	0.076	0.073	0.190	0.200	0.050	0.050	0.050	0.075	0.076	0.076	0.116	0.121	0.048	0.048	0.049	0.071	0.072	0.073	0.213	0.348	0.153	0.123	0.198	0.126	0.210	0.039	0.039	0.039
4:58:29	25.1	0.045	0.044	0.045	0.079	0.083	0.084	0.160	0.162	0.049	0.049	0.049	0.077	0.077	0.079	0.078	0.067	0.045	0.045	0.045	0.077	0.078	0.077	0.211	0.222	0.050	0.050	0.050	0.079	0.080	0.080	0.126	0.130	0.048	0.049	0.050	0.075	0.075	0.077	0.237	0.389	0.169	0.092	0.221	0.137	0.234	0.039	0.039	0.039
5:14:12	25.1	0.045	0.044	0.045	0.083	0.087	0.088	0.184	0.170	0.049	0.049	0.049	0.082	0.081	0.083	0.119	0.087	0.045	0.045	0.045	0.080	0.082	0.079	0.238	0.248	0.051	0.051	0.051	0.083	0.084	0.085	0.137	0.144	0.049	0.049	0.050	0.080	0.080	0.081	0.264	0.435	0.188	0.096	0.247	0.151	0.261	0.039	0.039	0.039
5:29:54	25.1	0.045	0.045	0.045	0.109	0.092	0.094	0.196	0.196	0.050	0.050	0.050	0.086	0.086	0.088	0.089	0.083	0.045	0.045	0.046	0.084	0.086	0.083	0.266	0.279	0.051	0.051	0.051	0.088	0.089	0.089	0.152	0.160	0.049	0.050	0.051	0.084	0.084	0.086	0.296	0.485	0.211	0.102	0.277	0.167	0.292	0.039	0.039	0.039
5:45:37	25.1	0.045	0.045	0.045	0.092	0.098	0.100	0.221	0.225	0.050	0.050	0.050	0.091	0.091	0.093	0.129	0.114	0.045	0.046	0.045	0.087	0.090	0.087	0.298	0.313	0.052	0.052	0.052	0.093	0.094	0.095	0.168	0.177	0.050	0.050	0.051	0.089	0.089	0.091	0.330	0.536	0.241	0.121	0.309	0.186	0.326	0.039	0.039	0.039
6:01:19	25.1	0.045	0.045	0.045	0.099	0.105	0.106	0.261	0.248	0.051	0.051	0.051	0.098	0.097	0.099	0.117	0.099	0.045	0.046	0.046	0.093	0.095	0.091	0.335	0.350	0.052	0.052	0.053	0.099	0.101	0.101	0.190	0.199	0.050	0.050	0.052	0.095	0.095	0.097	0.372	0.591	0.268	0.158	0.349	0.207	0.366	0.039	0.039	0.039
6:17:02	25.1	0.045	0.045	0.046	0.106	0.112	0.114	0.287	0.284	0.051	0.051	0.051	0.105	0.104	0.106	0.168	0.093	0.045	0.046	0.046	0.098	0.100	0.096	0.378	0.395	0.053	0.053	0.053	0.106	0.108	0.109	0.213	0.226	0.051	0.051	0.052	0.101	0.102	0.104	0.420	0.645	0.313	0.143	0.394	0.234	0.414	0.039	0.039	0.039
6:32:44	25.0	0.046	0.046	0.046	0.114	0.121	0.122	0.328	0.314	0.052	0.052	0.052	0.112	0.111	0.114	0.189	0.241	0.046	0.046	0.046	0.103	0.107	0.101	0.426	0.447	0.054	0.054	0.054	0.115	0.116	0.117	0.242	0.259	0.051	0.052	0.053	0.109	0.110	0.111	0.475	0.693	0.343	0.156	0.447	0.264	0.466	0.039	0.039	0.039
6:48:27	25.1	0.046	0.046	0.046	0.122	0.131	0.131	0.369	0.351	0.053	0.053	0.053	0.121	0.119	0.123	0.131	0.158	0.046	0.047	0.047	0.110	0.113	0.108	0.480	0.501	0.055	0.054	0.055	0.123	0.125	0.125	0.277	0.294	0.052	0.052	0.054	0.117	0.118	0.120	0.529	0.730	0.395	0.270	0.503	0.298	0.521	0.039	0.039	0.039
7:04:09	25.1	0.046	0.046	0.046	0.132	0.142	0.142	0.410	0.399	0.053	0.053	0.053	0.130	0.129	0.133	0.181	0.198	0.046	0.047	0.047	0.117	0.120	0.114	0.534	0.557	0.055	0.055	0.056	0.133	0.135	0.135	0.317	0.330	0.052	0.053	0.054	0.127	0.130	0.130	0.585	0.773	0.443	0.174	0.558	0.337	0.575	0.039	0.039	0.039
7:19:52	25.1	0.046	0.046	0.047	0.143	0.154	0.154	0.464	0.447	0.054	0.054	0.054	0.141	0.139	0.144	0.165	0.151	0.046	0.047	0.047	0.125	0.129	0.121	0.587	0.609	0.056	0.056	0.057	0.144	0.146	0.146	0.360	0.374	0.053	0.054	0.055	0.136	0.137	0.140	0.638	0.820	0.481	0.179	0.610	0.378	0.629	0.039	0.039	0.039
7:35:35	25.1	0.047	0.046	0.047	0.224	0.167	0.167	0.514	0.498	0.055	0.055	0.055	0.153	0.151	0.156	0.211	0.234	0.047	0.047	0.047	0.133	0.138	0.129	0.635	0.655	0.057	0.057	0.058	0.156	0.159	0.158	0.406	0.420	0.054	0.054	0.056	0.148	0.149	0.152	0.680	0.867	0.526	0.155	0.651	0.424	0.669	0.039	0.039	0.039
7:51:17	25.0	0.047	0.047	0.047	0.167	0.181	0.180	0.566	0.542	0.055	0.055	0.056	0.166	0.164	0.170	0.211	0.216	0.047	0.048	0.048	0.142	0.146	0.137	0.673	0.693	0.058	0.058	0.059	0.170	0.173	0.172	0.454	0.473	0.055	0.055	0.057	0.161	0.162	0.165	0.720	0.908	0.579	0.299	0.691	0.474	0.709	0.039	0.039	0.039
8:07:00	25.1	0.047	0.047	0.047	0.196	0.197	0.196	0.622	0.596	0.056	0.056	0.056	0.181	0.178	0.185	0.213	0.216	0.047	0.048	0.048	0.152	0.157	0.147	0.718	0.741	0.059	0.059	0.060	0.184	0.187	0.187	0.505	0.508	0.055	0.056	0.058	0.174	0.176	0.179	0.765	0.948	0.629	0.281	0.735	0.519	0.753	0.039	0.039	0.039
8:22:42	25.1	0.047	0.047	0.048	0.198	0.213	0.214	0.659	0.633	0.057	0.057	0.057	0.196	0.194	0.201	0.234	0.216	0.048	0.048	0.048	0.162	0.168	0.157	0.764	0.789	0.060	0.060	0.061	0.200	0.204	0.204	0.554	0.563	0.056	0.057	0.058	0.190	0.191	0.194	0.814	0.989	0.657	0.245	0.782	0.567	0.799	0.039	0.039	0.039
8:38:25	25.1	0.048	0.047	0.048	0.217	0.232	0.231	0.686	0.668	0.058	0.058	0.058	0.215	0.210	0.220	0.263	0.320	0.048	0.049	0.049	0.175	0.180	0.168	0.814	0.837	0.061	0.061	0.062	0.218	0.221	0.220	0.615	0.618	0.057	0.058	0.059	0.207	0.208	0.211	0.862	1.030	0.684	0.277	0.828	0.620	0.845	0.039	0.039	0.039
8:54:07	25.1	0.048	0.047	0.048	0.232	0.251	0.250	0.723	0.696	0.058	0.059	0.059	0.231	0.228	0.237	0.253	0.231	0.048	0.049	0.049	0.188	0.193	0.180	0.859	0.880	0.062	0.062	0.063	0.235	0.240	0.238	0.644	0.655	0.058	0.058	0.060	0.225	0.226	0.229	0.902	1.073	0.722	0.278	0.866	0.656	0.881	0.039	0.039	0.039
9:09:50	25.1	0.048	0.048	0.048	0.256	0.271	0.269	0.755	0.719	0.059	0.060	0.059	0.253	0.247	0.259	0.295	0.283	0.048	0.049	0.049	0.203	0.206	0.194	0.896	0.919	0.063	0.063	0.065	0.255	0.260	0.258	0.680	0.694	0.059	0.059	0.061	0.244	0.260	0.249	0.941	1.112	0.748	0.315	0.903	0.698	0.917	0.039	0.039	0.039
9:25:33	25.1	0.048	0.048	0.049	0.276	0.289	0.288	0.783	0.746	0.061	0.060	0.061	0.273	0.267	0.279	0.344	0.315	0.049	0.049	0.050	0.216	0.220	0.208	0.935	0.957	0.065	0.064	0.066	0.275	0.280	0.277	0.731	0.740	0.059	0.060	0.062	0.264	0.264	0.268	0.978	1.155	0.785	0.328	0.937	0.739	0.954	0.039	0.039	0.039
9:41:15	25.1	0.048	0.048	0.049	0.294	0.310	0.309	0.803	0.773	0.061	0.062	0.062	0.295	0.286	0.296	0.354	0.336	0.049	0.050	0.050	0.228	0.234	0.221	0.969	0.991	0.066	0.065	0.067	0.296	0.300	0.296	0.774	0.783	0.060	0.061	0.063	0.284	0.284	0.288	1.015	1.199	0.807	0.362	0.971	0.784	0.989	0.039	0.039	0.039
9:56:58	25.1	0.049	0.048	0.049	0.315	0.330	0.329	0.852	0.798	0.063	0.063	0.063	0.313	0.306	0.318	0.382	0.361	0.049	0.050	0.050	0.242	0.250	0.236	1.004	1.028	0.068	0.066	0.068	0.314	0.319	0.317	0.814	0.826	0.061	0.062	0.064	0.305	0.304	0.307	1.053	1.244	0.850	0.398	1.006	0.829	1.025	0.039	0.039	0.039
10:12:40	25.1	0.049	0.049	0.049	0.334	0.349	0.347	0.880	0.837	0.064	0.064	0.064	0.334	0.325	0.337	0.405	0.377	0.050	0.050	0.051	0.257	0.264	0.252	1.041	1.065	0.069	0.069	0.070	0.332	0.339	0.338	0.862	0.865	0.062	0.063	0.065	0.325	0.322	0.327	1.091	1.289	0.889	0.434	1.045	0.862	1.063	0.039	0.039	0.039
10:28:23	25.1	0.050	0.049	0.050	0.351	0.368	0.365	0.931	0.871	0.065	0.066	0.065	0.353	0.345	0.356	0.447	0.417	0.050	0.051	0.051	0.275	0.282	0.267	1.078	1.105	0.070	0.070	0.071	0.352	0.358	0.359	0.890	0.906	0.063	0.064	0.066	0.346	0.342	0.345	1.133	1.334	0.921	0.466	1.082	0.903	1.103	0.039	0.039	0.039
10:44:05	25.1	0.050	0.049	0.050	0.369	0.385	0.384	0.958	0.917	0.066	0.067	0.067	0.370	0.365	0.376	0.497	0.444	0.051	0.051	0.051	0.291	0.300	0.284	1.119	1.144	0.072	0.071	0.073	0.372	0.376	0.377	0.925	0.940	0.064	0.065	0.067	0.364	0.360	0.363	1.175	1.379	0.961	0.494	1.119	0.944	1.144	0.039	0.039	0.039
10:59:48	25.1	0.050	0.050	0.050	0.385	0.401	0.399	0.991	0.952	0.067	0.068	0.068	0.390	0.383	0.392	0.512	0.498	0.051	0.052	0.052	0.309	0.318	0.303	1.160	1.188	0.073	0.073	0.075	0.391	0.396	0.394	0.968	0.978	0.065	0.066	0.069	0.381	0.378	0.380	1.220	1.427	1.027	0.529	1.163	0.976	1.187	0.039	0.039	0.039
11:15:30	25.1	0.050	0.050	0.051	0.398	0.414	0.414	1.024	0.984	0.069	0.070	0.069	0.407	0.400	0.409	0.532	0.515	0.051	0.052	0.052	0.325	0.334	0.320	1.201	1.226	0.075	0.075	0.077	0.406	0.414	0.410	1.011	1.015	0.066	0.067	0.069	0.400	0.394	0.396	1.263	1.466	1.029	0.567	1.206	1.015	1.230	0.039	0.039	0.039
11:31:13	25.1	0.051	0.050	0.051	0.412	0.427	0.427	1.065	1.017	0.070	0.071	0.071	0.423	0.415	0.427	0.577	0.538	0.052	0.052	0.052	0.341	0.350	0.336	1.241	1.268	0.077	0.077	0.079	0.421	0.430	0.424	1.041	1.051	0.068	0.069	0.071	0.415	0.416	0.411	1.308	1.510	1.089	0.594	1.246	1.051	1.275	0.039	0.039	0.039
11:46:55	25.1	0.051	0.051	0.051	0.427	0.441	0.440	1.099	1.051	0.072	0.073	0.072	0.435	0.428	0.440	0.607	0.576	0.052	0.053	0.053	0.356	0.365	0.351	1.285	1.311	0.079	0.079	0.081	0.436	0.442	0.438	1.076	1.088	0.069	0.070	0.072	0.429	0.422	0.424	1.353	1.527	1.092	0.623	1.290	1.087	1.320	0.039	0.039	0.039
12:02:38	25.1	0.051	0.051	0.052	0.441	0.455	0.455	1.133	1.086	0.074	0.074	0.074	0.452	0.446	0.457	0.632	0.612	0.053	0.053	0.053	0.372	0.382	0.368	1.326	1.354	0.081	0.081	0.083	0.451	0.458	0.454	1.113	1.123	0.070	0.071	0.074	0.446	0.453	0.439	1.397	1.543	1.133	0.657	1.334	1.119	1.363	0.039	0.039	0.039
12:18:21	25.0	0.051	0.051	0.052	0.451	0.465	0.460	1.161	1.124	0.076	0.076	0.076	0.456	0.456	0.468	0.665	0.630	0.053	0.054	0.054	0.385	0.393	0.380	1.373	1.400	0.083	0.083	0.086	0.463	0.467	0.462	1.148	1.154	0.071	0.073	0.075	0.456	0.447	0.449	1.439	1.556	1.164	0.681	1.373	1.153	1.411	0.039	0.039	0.039
12:34:03	25.1	0.052	0.051	0.052	0.461	0.473	0.473	1.193	1.151	0.077	0.079	0.078	0.473	0.468	0.479	0.691	0.666	0.054	0.055	0.054	0.399	0.408	0.395	1.416	1.440	0.085	0.086	0.088	0.475	0.480	0.476	1.177	1.187	0.072	0.074	0.077	0.468	0.460	0.460	1.479	1.556	1.186	0.710	1.415	1.188	1.451	0.039	0.039	0.039
12:49:46	25.1	0.052	0.052	0.052	0.473	0.484	0.485	1.227	1.186	0.080	0.081	0.080	0.484	0.480	0.492	0.722	0.691	0.054	0.055	0.055	0.412	0.420	0.408	1.450	1.470	0.088	0.088	0.090	0.486	0.494	0.487	1.215	1.226	0.074	0.076	0.079	0.480	0.470	0.470	1.504	1.550	1.210	0.726	1.445	1.216	1.472	0.039	0.039	0.039
13:05:28	25.1	0.053	0.052	0.053	0.482	0.494	0.495	1.247	1.214	0.081	0.083	0.083	0.495	0.491	0.504	0.734	0.711	0.055	0.056	0.055	0.426	0.433	0.421	1.466	1.483	0.091	0.090	0.093	0.498	0.505	0.499	1.232	1.253	0.075	0.077	0.081	0.491	0.481	0.480	1.522	1.547	1.248	0.746	1.463	1.249	1.491	0.039	0.039	0.039
13:21:11	25.1	0.053	0.052	0.053	0.493	0.502	0.503	1.300	1.253	0.084	0.085	0.085	0.507	0.502	0.515	0.760	0.739	0.056	0.056	0.056	0.438	0.447	0.435	1.481	1.497	0.093	0.093	0.096	0.510	0.515	0.511	1.272	1.286	0.076	0.079	0.083	0.501	0.491	0.491	1.535	1.543	1.291	0.763	1.476	1.282	1.504	0.039	0.039	0.039
13:36:54	25.1	0.053	0.053	0.053	0.504	0.515	0.518	1.325	1.274	0.086	0.087	0.087	0.520	0.516	0.528	0.783	0.754	0.056	0.057	0.056	0.455	0.461	0.450	1.491	1.505	0.096	0.095	0.098	0.522	0.529	0.524	1.297	1.318	0.078	0.081	0.085	0.514	0.503	0.502	1.545	1.540	1.277	0.779	1.482	1.314	1.515	0.039	0.039	0.039
13:52:36	25.1	0.054	0.053	0.054	0.512	0.524	0.526	1.348	1.301	0.087	0.089	0.089	0.528	0.528	0.539	0.803	0.770	0.056	0.057	0.057	0.465	0.474	0.463	1.489	1.500	0.098	0.098	0.101	0.532	0.540	0.533	1.333	1.351	0.079	0.083	0.087	0.524	0.514	0.513	1.545	1.540	1.301	0.794	1.476	1.348	1.514	0.039	0.039	0.039
14:08:19	25.1	0.054	0.053	0.055	0.519	0.529	0.531	1.356	1.319	0.090	0.091	0.092	0.536	0.535	0.548	0.815	0.780	0.057	0.058	0.058	0.476	0.484	0.474	1.486	1.496	0.101	0.101	0.105	0.542	0.549	0.543	1.365	1.383	0.081	0.085	0.089	0.532	0.522	0.520	1.542	1.538	1.294	0.802	1.473	1.384	1.512	0.039	0.039	0.039
14:24:02	25.1	0.055	0.054	0.055	0.528	0.538	0.539	1.352	1.323	0.093	0.094	0.094	0.550	0.546	0.557	0.833	0.801	0.057	0.058	0.058	0.489	0.497	0.486	1.481	1.490	0.104	0.104	0.107	0.553	0.560	0.554	1.392	1.413	0.082	0.087	0.092	0.542	0.532	0.530	1.537	1.535	1.320	0.813	1.470	1.416	1.506	0.039	0.039	0.039
14:39:44	25.1	0.055	0.055	0.055	0.536	0.545	0.548	1.358	1.294	0.095	0.097	0.097	0.561	0.558	0.568	0.846	0.812	0.058	0.059	0.059	0.501	0.508	0.498	1.474	1.485	0.108	0.108	0.111	0.564	0.570	0.564	1.423	1.433	0.084	0.089	0.094	0.552	0.541	0.539	1.535	1.532	1.304	0.831	1.464	1.435	1.504	0.039	0.039	0.039
14:55:27	25.1	0.056	0.055	0.056	0.544	0.555	0.556	1.361	1.296	0.098	0.099	0.100	0.568	0.567	0.579	0.869	0.833	0.059	0.060	0.059	0.512	0.520	0.510	1.470	1.480	0.111	0.111	0.115	0.574	0.581	0.575	1.433	1.440	0.086	0.092	0.097	0.561	0.550	0.548	1.531	1.530	1.290	0.839	1.461	1.441	1.500	0.039	0.039	0.039
15:11:09	25.1	0.056	0.055	0.056	0.552	0.563	0.564	1.351	1.292	0.101	0.102	0.103	0.576	0.574	0.588	0.880	0.839	0.059	0.060	0.060	0.523	0.532	0.522	1.465	1.476	0.115	0.114	0.119	0.585	0.591	0.584	1.432	1.434	0.089	0.094	0.099	0.571	0.559	0.557	1.528	1.524	1.286	0.856	1.455	1.431	1.494	0.039	0.039	0.039
15:26:52	25.1	0.057	0.055	0.056	0.560	0.572	0.574	1.349	1.282	0.104	0.105	0.106	0.586	0.584	0.598	0.900	0.862	0.060	0.061	0.061	0.535	0.543	0.534	1.461	1.471	0.118	0.118	0.122	0.595	0.602	0.594	1.425	1.429	0.090	0.097	0.101	0.580	0.567	0.566	1.526	1.523	1.293	0.869	1.451	1.425	1.492	0.039	0.039	0.039
15:42:35	25.1	0.057	0.056	0.057	0.570	0.581	0.582	1.331	1.274	0.107	0.108	0.110	0.597	0.595	0.609	0.917	0.892	0.060	0.062	0.062	0.547	0.555	0.545	1.457	1.466	0.122	0.121	0.125	0.605	0.611	0.604	1.420	1.421	0.093	0.099	0.104	0.589	0.578	0.575	1.523	1.519	1.280	0.889	1.450	1.418	1.488	0.039	0.039	0.039
15:58:17	25.1	0.058	0.057	0.058	0.579	0.588	0.591	1.326	1.246	0.111	0.111	0.113	0.607	0.605	0.620	0.951	0.905	0.061	0.062	0.063	0.558	0.566	0.557	1.454	1.462	0.126	0.126	0.129	0.615	0.621	0.614	1.414	1.413	0.095	0.102	0.107	0.598	0.587	0.585	1.520	1.517	1.262	0.897	1.445	1.414	1.486	0.039	0.039	0.039
16:14:00	25.1	0.059	0.058	0.059	0.587	0.596	0.599	1.316	1.244	0.114	0.115	0.117	0.616	0.614	0.628	0.953	0.920	0.062	0.063	0.063	0.569	0.577	0.569	1.450	1.459	0.130	0.129	0.133	0.625	0.632	0.624	1.407	1.407	0.098	0.105	0.111	0.609	0.602	0.594	1.518	1.513	1.251	0.918	1.441	1.407	1.483	0.039	0.039	0.039
16:29:42	25.1	0.060	0.058	0.059	0.595	0.605	0.607	1.301	1.260	0.117	0.118	0.121	0.627	0.623	0.638	0.972	0.939	0.063	0.064	0.064	0.580	0.588	0.580	1.447	1.455	0.134	0.134	0.138	0.634	0.641	0.632	1.401	1.401	0.101	0.108	0.114	0.617	0.605	0.603	1.514	1.512	1.245	0.934	1.435	1.404	1.480	0.039	0.039	0.039
16:45:25	25.1	0.060	0.059	0.060	0.602	0.613	0.615	1.295	1.238	0.121	0.122	0.124	0.636	0.633	0.648	1.002	0.965	0.064	0.065	0.065	0.591	0.599	0.591	1.443	1.450	0.138	0.137	0.141	0.644	0.651	0.642	1.398	1.398	0.103	0.111	0.117	0.627	0.615	0.611	1.512	1.509	1.295	0.958	1.432	1.399	1.477	0.039	0.039	0.039
17:01:08	25.1	0.061	0.059	0.060	0.613	0.622	0.624	1.299	1.266	0.125	0.126	0.128	0.646	0.644	0.658	1.012	0.987	0.064	0.066	0.066	0.603	0.610	0.602	1.441	1.448	0.141	0.141	0.146	0.654	0.660	0.652	1.393	1.390	0.105	0.114	0.121	0.635	0.623	0.620	1.510	1.507	1.483	0.975	1.433	1.392	1.476	0.039	0.039	0.039
17:16:50	25.1	0.062	0.060	0.061	0.622	0.630	0.632	1.282	1.251	0.129	0.130	0.134	0.656	0.652	0.668	1.040	1.013	0.065	0.067	0.067	0.614	0.621	0.614	1.438	1.443	0.146	0.146	0.149	0.663	0.670	0.662	1.387	1.385	0.108	0.118	0.125	0.645	0.633	0.629	1.508	1.507	1.237	0.998	1.426	1.389	1.476	0.039	0.039	0.039
17:32:33	25.1	0.062	0.060	0.062	0.630	0.637	0.640	1.268	1.239	0.133	0.135	0.137	0.666	0.663	0.677	1.066	1.014	0.066	0.068	0.068	0.624	0.632	0.625	1.435	1.439	0.150	0.150	0.154	0.673	0.680	0.671	1.383	1.380	0.111	0.122	0.129	0.655	0.643	0.638	1.507	1.505	1.298	1.023	1.422	1.383	1.473	0.039	0.039	0.039
17:48:15	25.1	0.063	0.061	0.063	0.636	0.645	0.648	1.261	1.228	0.136	0.139	0.141	0.675	0.672	0.687	1.123	1.041	0.067	0.069	0.070	0.635	0.642	0.635	1.431	1.436	0.154	0.154	0.159	0.682	0.690	0.680	1.376	1.373	0.113	0.125	0.133	0.663	0.652	0.647	1.505	1.502	1.223	1.038	1.421	1.376	1.472	0.039	0.039	0.039
18:03:58	25.1	0.064	0.062	0.063	0.647	0.654	0.656	1.253	1.214	0.140	0.143	0.146	0.684	0.682	0.696	1.117	1.065	0.069	0.070	0.070	0.645	0.653	0.646	1.427	1.432	0.159	0.158	0.163	0.691	0.699	0.689	1.371	1.367	0.116	0.129	0.137	0.672	0.662	0.656	1.504	1.500	1.263	1.053	1.418	1.371	1.469	0.039	0.039	0.039
18:19:41	25.1	0.065	0.063	0.064	0.654	0.662	0.663	1.232	1.192	0.144	0.147	0.151	0.694	0.691	0.705	1.125	1.069	0.069	0.071	0.072	0.656	0.663	0.657	1.423	1.427	0.164	0.163	0.167	0.700	0.708	0.699	1.365	1.360	0.120	0.133	0.140	0.681	0.671	0.665	1.502	1.496	1.207	1.079	1.413	1.367	1.466	0.039	0.039	0.039
18:35:23	25.0	0.066	0.063	0.065	0.662	0.671	0.674	1.233	1.180	0.149	0.152	0.155	0.703	0.700	0.715	1.156	1.085	0.071	0.073	0.072	0.666	0.673	0.667	1.419	1.423	0.167	0.168	0.172	0.708	0.717	0.707	1.361	1.354	0.123	0.137	0.144	0.690	0.680	0.674	1.499	1.494	1.183	1.098	1.408	1.360	1.464	0.039	0.039	0.039
18:51:06	25.0	0.066	0.064	0.066	0.671	0.679	0.681	1.233	1.170	0.153	0.156	0.160	0.712	0.710	0.724	1.173	1.100	0.072	0.073	0.074	0.676	0.683	0.677	1.414	1.418	0.171	0.171	0.176	0.718	0.726	0.716	1.354	1.349	0.126	0.141	0.149	0.699	0.689	0.683	1.498	1.489	1.226	1.121	1.406	1.352	1.462	0.039	0.039	0.039
19:06:49	25.1	0.068	0.065	0.067	0.684	0.692	0.694	1.219	1.155	0.157	0.160	0.163	0.724	0.722	0.737	1.201	1.148	0.072	0.075	0.076	0.688	0.695	0.689	1.413	1.415	0.175	0.175	0.179	0.728	0.736	0.727	1.349	1.342	0.129	0.144	0.152	0.710	0.700	0.694	1.494	1.488	1.479	1.130	1.400	1.345	1.458	0.039	0.039	0.039
19:22:31	25.1	0.068	0.065	0.068	0.693	0.701	0.702	1.242	1.155	0.160	0.163	0.168	0.733	0.731	0.747	1.217	1.162	0.074	0.077	0.077	0.698	0.705	0.699	1.410	1.417	0.179	0.179	0.184	0.737	0.745	0.735	1.343	1.339	0.131	0.148	0.156	0.720	0.709	0.702	1.496	1.489	1.412	1.138	1.397	1.339	1.457	0.039	0.039	0.039
19:38:14	25.0	0.070	0.067	0.068	0.697	0.704	0.705	1.239	1.160	0.164	0.168	0.173	0.738	0.736	0.749	1.236	1.185	0.076	0.078	0.079	0.706	0.713	0.708	1.404	1.411	0.183	0.183	0.188	0.744	0.753	0.742	1.339	1.332	0.135	0.152	0.160	0.726	0.715	0.708	1.494	1.487	1.188	1.174	1.396	1.337	1.456	0.039	0.039	0.039
19:53:56	25.1	0.071	0.068	0.069	0.704	0.712	0.714	1.222	1.146	0.169	0.172	0.178	0.747	0.745	0.759	1.252	1.340	0.077	0.080	0.080	0.716	0.722	0.717	1.401	1.404	0.188	0.188	0.194	0.752	0.760	0.750	1.333	1.326	0.137	0.156	0.164	0.735	0.723	0.717	1.487	1.479	1.309	1.198	1.393	1.329	1.452	0.039	0.039	0.039
20:09:39	25.0	0.072	0.068	0.070	0.713	0.721	0.721	1.186	1.123	0.172	0.176	0.183	0.756	0.754	0.767	1.268	1.243	0.079	0.081	0.082	0.725	0.731	0.727	1.396	1.401	0.193	0.193	0.199	0.761	0.770	0.759	1.327	1.321	0.141	0.162	0.168	0.743	0.731	0.723	1.485	1.477	1.268	1.202	1.390	1.325	1.448	0.039	0.039	0.039
20:25:22	25.1	0.073	0.069	0.071	0.759	0.729	0.731	1.196	1.116	0.175	0.179	0.186	0.764	0.762	0.777	1.329	1.435	0.081	0.083	0.084	0.734	0.740	0.742	1.395	1.396	0.197	0.196	0.202	0.769	0.777	0.766	1.323	1.315	0.145	0.164	0.170	0.751	0.740	0.732	1.482	1.475	1.196	1.236	1.387	1.316	1.447	0.039	0.039	0.039
20:41:04	25.1	0.074	0.070	0.072	0.729	0.737	0.738	1.176	1.106	0.179	0.184	0.191	0.774	0.771	0.784	1.389	1.245	0.082	0.084	0.085	0.743	0.748	0.745	1.390	1.392	0.201	0.201	0.206	0.778	0.786	0.774	1.318	1.308	0.148	0.166	0.173	0.759	0.748	0.740	1.482	1.474	1.194	1.231	1.384	1.310	1.444	0.039	0.039	0.039
20:56:47	25.1	0.076	0.071	0.073	0.755	0.745	0.746	1.201	1.099	0.182	0.186	0.194	0.781	0.780	0.792	1.325	1.388	0.084	0.086	0.087	0.751	0.757	0.754	1.386	1.390	0.205	0.205	0.210	0.786	0.794	0.782	1.313	1.304	0.150	0.168	0.175	0.767	0.756	0.748	1.478	1.470	1.212	1.249	1.381	1.304	1.442	0.039	0.039	0.039
21:12:29	25.1	0.077	0.072	0.074	0.746	0.753	0.754	1.176	1.088	0.184	0.189	0.197	0.790	0.789	0.801	1.337	1.265	0.086	0.088	0.089	0.760	0.765	0.762	1.384	1.386	0.209	0.209	0.214	0.794	0.802	0.790	1.310	1.299	0.152	0.171	0.178	0.776	0.763	0.756	1.476	1.465	1.153	1.262	1.377	1.304	1.440	0.039	0.039	0.039
21:28:12	25.1	0.078	0.073	0.075	0.753	0.760	0.760	1.171	1.078	0.185	0.192	0.200	0.798	0.796	0.809	1.360	1.282	0.087	0.090	0.091	0.767	0.773	0.772	1.382	1.384	0.213	0.213	0.219	0.802	0.811	0.798	1.305	1.293	0.153	0.173	0.180	0.783	0.771	0.764	1.475	1.460	1.169	1.274	1.373	1.294	1.438	0.039	0.039	0.039
21:43:55	25.1	0.080	0.074	0.076	0.759	0.770	0.769	1.166	1.072	0.187	0.194	0.203	0.807	0.805	0.817	1.371	1.279	0.089	0.092	0.093	0.776	0.782	0.781	1.375	1.376	0.217	0.217	0.223	0.810	0.817	0.805	1.301	1.287	0.154	0.175	0.183	0.791	0.778	0.771	1.471	1.455	1.183	1.290	1.368	1.288	1.436	0.039	0.039	0.039
21:59:37	25.0	0.081	0.075	0.077	0.782	0.777	0.777	1.169	1.060	0.189	0.196	0.205	0.814	0.812	0.824	1.361	1.290	0.091	0.094	0.095	0.784	0.790	0.788	1.370	1.371	0.221	0.220	0.227	0.818	0.826	0.813	1.297	1.284	0.155	0.177	0.185	0.799	0.787	0.779	1.472	1.451	1.184	1.302	1.364	1.284	1.434	0.039	0.039	0.039
22:15:20	25.1	0.082	0.076	0.078	0.803	0.789	0.789	1.166	1.051	0.191	0.197	0.208	0.827	0.824	0.836	1.373	1.281	0.093	0.095	0.097	0.794	0.801	0.798	1.366	1.368	0.224	0.224	0.231	0.827	0.836	0.823	1.294	1.276	0.156	0.179	0.187	0.808	0.796	0.788	1.469	1.446	1.187	1.297	1.362	1.277	1.431	0.039	0.039	0.039
22:31:02	25.0	0.083	0.078	0.080	0.884	0.792	0.791	1.175	1.050	0.192	0.199	0.210	0.830	0.827	0.839	1.365	1.285	0.095	0.098	0.100	0.802	0.806	0.804	1.362	1.364	0.227	0.228	0.234	0.834	0.841	0.828	1.291	1.274	0.157	0.181	0.190	0.815	0.803	0.794	1.468	1.444	1.146	1.301	1.357	1.274	1.430	0.039	0.039	0.039
22:46:45	25.1	0.085	0.079	0.081	0.792	0.799	0.798	1.165	1.043	0.194	0.201	0.212	0.837	0.835	0.846	1.347	1.266	0.097	0.101	0.102	0.810	0.815	0.812	1.355	1.355	0.231	0.231	0.238	0.841	0.849	0.835	1.285	1.268	0.159	0.184	0.193	0.821	0.809	0.800	1.464	1.438	1.152	1.299	1.353	1.271	1.425	0.039	0.039	0.039
23:02:28	25.1	0.086	0.080	0.083	0.799	0.807	0.805	1.156	1.033	0.196	0.203	0.216	0.845	0.844	0.854	1.535	1.256	0.099	0.103	0.104	0.818	0.822	0.821	1.351	1.349	0.235	0.235	0.242	0.848	0.856	0.841	1.280	1.261	0.160	0.186	0.195	0.827	0.816	0.808	1.459	1.434	1.152	1.294	1.349	1.271	1.421	0.039	0.039	0.039
23:18:10	25.1	0.088	0.082	0.084	0.812	0.818	0.816	1.147	1.015	0.198	0.205	0.220	0.858	0.855	0.865	1.350	1.244	0.102	0.106	0.107	0.827	0.832	0.831	1.345	1.344	0.238	0.239	0.245	0.858	0.865	0.851	1.278	1.260	0.162	0.190	0.197	0.838	0.825	0.817	1.452	1.428	1.122	1.274	1.341	1.272	1.416	0.039	0.039	0.039
23:33:53	25.1	0.089	0.083	0.085	0.819	0.824	0.821	1.143	1.021	0.200	0.207	0.221	0.865	0.862	0.872	1.329	1.226	0.104	0.108	0.108	0.836	0.840	0.839	1.340	1.336	0.240	0.242	0.249	0.865	0.873	0.858	1.273	1.258	0.162	0.190	0.200	0.845	0.832	0.824	1.450	1.422	1.106	1.269	1.337	1.261	1.411	0.039	0.039	0.039
23:49:36	25.0	0.091	0.085	0.087	0.821	0.827	0.824	1.148	1.018	0.202	0.210	0.223	0.868	0.865	0.875	1.321	1.216	0.107	0.111	0.111	0.842	0.845	0.843	1.333	1.329	0.245	0.246	0.253	0.871	0.878	0.862	1.270	1.252	0.164	0.193	0.202	0.849	0.836	0.829	1.444	1.416	1.148	1.264	1.333	1.261	1.408	0.039	0.039	0.039
24:05:19	25.0	0.093	0.087	0.090	0.852	0.838	0.836	1.132	1.013	0.204	0.212	0.227	0.879	0.876	0.886	1.389	1.203	0.109	0.112	0.114	0.852	0.855	0.853	1.328	1.323	0.248	0.250	0.258	0.878	0.886	0.871	1.265	1.244	0.166	0.194	0.205	0.858	0.844	0.837	1.439	1.407	1.096	1.268	1.325	1.256	1.402	0.039	0.039	0.039
24:21:01	25.1	0.095	0.088	0.091	0.835	0.841	0.837	1.137	1.007	0.207	0.214	0.229	0.880	0.877	0.887	1.302	1.202	0.112	0.116	0.117	0.856	0.860	0.859	1.324	1.317	0.251	0.253	0.261	0.884	0.891	0.875	1.262	1.244	0.168	0.197	0.208	0.862	0.850	0.842	1.436	1.401	1.121	1.258	1.322	1.255	1.400	0.039	0.039	0.039
24:36:44	25.0	0.096	0.090	0.092	1.002	0.851	0.848	1.122	1.000	0.209	0.216	0.233	0.893	0.889	0.898	1.298	1.193	0.114	0.118	0.120	0.866	0.869	0.868	1.316	1.310	0.256	0.258	0.265	0.892	0.899	0.883	1.261	1.233	0.169	0.200	0.209	0.871	0.858	0.850	1.431	1.394	1.079	1.252	1.316	1.250	1.393	0.039	0.039	0.039
24:52:27	25.0	0.098	0.092	0.096	0.849	0.853	0.848	1.123	1.000	0.210	0.218	0.234	0.895	0.893	0.901	1.301	1.190	0.117	0.121	0.121	0.872	0.874	0.873	1.314	1.305	0.258	0.261	0.269	0.897	0.904	0.888	1.256	1.242	0.172	0.201	0.212	0.875	0.863	0.854	1.427	1.387	1.125	1.262	1.314	1.379	1.391	0.039	0.039	0.039
25:08:09	25.1	0.101	0.094	0.098	0.855	0.860	0.855	1.110	0.992	0.213	0.221	0.237	0.901	0.898	0.908	1.280	1.182	0.120	0.121	0.123	0.878	0.881	0.880	1.307	1.301	0.263	0.265	0.274	0.903	0.911	0.894	1.251	1.231	0.172	0.204	0.215	0.881	0.869	0.861	1.421	1.381	1.115	1.231	1.308	1.295	1.386	0.039	0.039	0.039
25:23:52	25.1	0.102	0.095	0.100	0.862	0.869	0.865	1.101	0.989	0.213	0.221	0.239	0.914	0.910	0.917	1.276	1.171	0.121	0.123	0.124	0.888	0.892	0.889	1.302	1.299	0.266	0.268	0.276	0.912	0.919	0.902	1.248	1.250	0.174	0.206	0.217	0.890	0.876	0.868	1.414	1.374	1.091	1.255	1.304	1.254	1.378	0.039	0.039	0.039
25:39:35	25.1	0.105	0.098	0.102	0.865	0.872	0.866	1.106	0.984	0.217	0.223	0.242	0.914	0.911	0.919	1.271	1.173	0.123	0.124	0.126	0.892	0.895	0.893	1.300	1.291	0.268	0.272	0.280	0.916	0.923	0.906	1.248	1.232	0.176	0.208	0.220	0.894	0.881	0.873	1.410	1.368	1.117	1.224	1.301	1.249	1.374	0.039	0.039	0.039
25:55:17	25.1	0.109	0.100	0.104	0.870	0.877	0.872	1.099	0.980	0.217	0.225	0.244	0.921	0.917	0.924	1.266	1.157	0.125	0.126	0.126	0.900	0.902	0.900	1.295	1.289	0.271	0.275	0.284	0.923	0.929	0.912	1.242	1.224	0.178	0.211	0.223	0.900	0.888	0.878	1.401	1.363	1.092	1.227	1.297	1.246	1.368	0.039	0.039	0.039
26:11:00	25.0	0.111	0.103	0.106	0.928	0.884	0.877	1.095	0.974	0.218	0.227	0.246	0.928	0.924	0.931	1.245	1.145	0.126	0.127	0.128	0.907	0.910	0.908	1.289	1.283	0.274	0.278	0.288	0.927	0.935	0.917	1.242	1.219	0.180	0.213	0.225	0.906	0.893	0.884	1.397	1.356	1.086	1.231	1.292	1.244	1.363	0.039	0.039	0.039
26:26:43	25.0	0.113	0.105	0.109	0.885	0.888	0.881	1.081	0.974	0.221	0.230	0.249	0.935	0.930	0.936	1.241	1.141	0.127	0.128	0.129	0.915	0.915	0.921	1.284	1.277	0.278	0.282	0.291	0.934	0.941	0.923	1.246	1.217	0.182	0.216	0.227	0.911	0.899	0.890	1.390	1.351	1.109	1.256	1.287	1.256	1.357	0.039	0.039	0.039
26:42:25	25.1	0.115	0.108	0.111	1.025	0.894	0.888	1.087	0.967	0.222	0.229	0.249	0.943	0.937	0.943	1.256	1.120	0.128	0.131	0.131	0.920	0.922	0.920	1.278	1.272	0.281	0.285	0.295	0.940	0.946	0.929	1.231	1.210	0.183	0.217	0.229	0.917	0.904	0.896	1.383	1.344	1.101	1.215	1.283	1.236	1.351	0.039	0.039	0.039
26:58:08	25.0	0.118	0.111	0.114	0.887	0.898	0.892	1.080	0.967	0.224	0.231	0.252	0.946	0.943	0.948	1.230	1.112	0.130	0.131	0.133	0.927	0.928	0.925	1.273	1.263	0.283	0.288	0.297	0.945	0.951	0.935	1.226	1.205	0.184	0.219	0.231	0.923	0.909	0.901	1.378	1.338	1.093	1.206	1.278	1.229	1.345	0.039	0.039	0.039
27:13:50	25.0	0.121	0.113	0.116	0.891	0.903	0.897	1.072	0.958	0.225	0.232	0.254	0.952	0.949	0.953	1.220	1.099	0.130	0.133	0.134	0.934	0.936	0.933	1.267	1.257	0.286	0.291	0.300	0.950	0.958	0.939	1.225	1.202	0.185	0.221	0.234	0.928	0.915	0.907	1.370	1.331	1.105	1.209	1.272	1.233	1.339	0.039	0.039	0.039
27:29:33	25.1	0.124	0.116	0.120	0.930	0.907	0.901	1.072	0.956	0.227	0.233	0.255	0.958	0.956	0.958	1.211	1.087	0.132	0.135	0.135	0.940	0.941	0.938	1.262	1.253	0.288	0.295	0.303	0.956	0.963	0.945	1.219	1.197	0.187	0.222	0.235	0.934	0.922	0.912	1.367	1.326	1.081	1.207	1.268	1.224	1.334	0.039	0.039	0.039
27:45:16	25.1	0.127	0.119	0.123	0.897	0.910	0.906	1.066	0.952	0.227	0.233	0.256	0.964	0.960	0.964	1.205	1.073	0.134	0.136	0.137	0.946	0.946	0.943	1.257	1.248	0.290	0.298	0.306	0.960	0.967	0.951	1.214	1.192	0.187	0.224	0.238	0.940	0.926	0.918	1.359	1.321	1.081	1.210	1.263	1.220	1.328	0.039	0.039	0.039
28:00:58	25.1	0.129	0.121	0.125	0.918	0.914	0.910	1.060	0.952	0.229	0.234	0.256	0.969	0.964	0.969	1.208	1.066	0.135	0.137	0.139	0.952	0.953	0.952	1.253	1.241	0.292	0.299	0.308	0.966	0.972	0.956	1.212	1.186	0.188	0.225	0.240	0.945	0.932	0.923	1.355	1.313	1.066	1.175	1.258	1.216	1.323	0.039	0.039	0.039
28:16:41	25.1	0.132	0.124	0.128	0.937	0.916	0.915	1.061	0.948	0.230	0.234	0.257	0.974	0.969	0.975	1.189	1.075	0.137	0.139	0.140	0.957	0.958	0.960	1.248	1.236	0.294	0.303	0.310	0.970	0.977	0.960	1.210	1.186	0.189	0.226	0.241	0.950	0.937	0.928	1.350	1.307	1.088	1.167	1.253	1.213	1.317	0.039	0.039	0.039
28:32:24	25.0	0.136	0.128	0.132	0.909	0.918	0.919	1.058	0.946	0.231	0.235	0.257	0.979	0.974	0.979	1.188	1.048	0.139	0.141	0.142	0.963	0.964	0.960	1.244	1.232	0.296	0.304	0.314	0.974	0.981	0.965	1.212	1.180	0.190	0.227	0.242	0.955	0.942	0.934	1.343	1.302	1.068	1.167	1.250	1.210	1.312	0.039	0.039	0.039
28:48:06	25.1	0.138	0.131	0.135	0.917	0.921	0.924	1.058	0.942	0.231	0.234	0.258	0.986	0.980	0.987	1.180	1.041	0.140	0.142	0.143	0.970	0.969	0.970	1.240	1.226	0.298	0.308	0.316	0.980	0.986	0.970	1.213	1.176	0.191	0.227	0.245	0.960	0.947	0.938	1.338	1.296	1.066	1.160	1.245	1.209	1.308	0.039	0.039	0.039
29:03:49	25.1	0.141	0.134	0.137	0.920	0.924	0.927	1.053	0.938	0.233	0.234	0.259	0.990	0.984	0.989	1.183	1.041	0.142	0.144	0.145	0.974	0.975	0.982	1.236	1.220	0.300	0.311	0.319	0.983	0.991	0.975	1.212	1.174	0.191	0.229	0.246	0.966	0.952	0.944	1.334	1.292	1.065	1.157	1.240	1.204	1.303	0.039	0.039	0.039
29:19:31	25.1	0.144	0.137	0.141	0.920	0.926	0.931	1.051	0.937	0.233	0.234	0.259	0.994	0.988	0.994	1.172	1.024	0.144	0.146	0.147	0.982	0.989	0.978	1.231	1.219	0.303	0.311	0.322	0.988	0.996	0.980	1.208	1.171	0.193	0.230	0.247	0.971	0.957	0.949	1.330	1.286	1.067	1.143	1.235	1.201	1.297	0.039	0.039	0.039
29:35:14	25.1	0.146	0.139	0.144	0.925	0.931	0.937	1.047	0.934	0.233	0.235	0.259	1.005	1.001	1.004	1.162	1.036	0.145	0.147	0.148	0.987	0.987	0.982	1.227	1.212	0.303	0.313	0.323	0.994	1.002	0.985	1.210	1.168	0.194	0.231	0.248	0.979	0.964	0.956	1.323	1.281	1.053	1.145	1.230	1.202	1.292	0.039	0.039	0.039
29:50:57	25.1	0.150	0.144	0.147	1.002	0.931	0.938	1.045	0.933	0.235	0.234	0.260	1.003	0.999	1.003	1.163	1.027	0.147	0.149	0.150	0.991	0.991	0.986	1.223	1.209	0.305	0.316	0.327	0.998	1.005	0.989	1.211	1.173	0.196	0.229	0.249	0.981	0.970	0.958	1.318	1.276	1.060	1.127	1.227	1.203	1.289	0.039	0.039	0.039
30:06:39	25.1	0.152	0.148	0.153	1.031	0.935	0.943	1.040	0.925	0.236	0.234	0.261	1.008	1.005	1.009	1.153	1.010	0.148	0.152	0.152	0.995	0.995	1.002	1.220	1.205	0.308	0.318	0.330	1.002	1.008	0.993	1.205	1.170	0.196	0.230	0.251	0.986	0.972	0.963	1.314	1.272	1.044	1.134	1.221	1.193	1.284	0.039	0.039	0.039
30:22:22	25.1	0.155	0.151	0.155	0.933	0.938	0.944	1.038	0.918	0.237	0.235	0.261	1.012	1.008	1.014	1.149	1.006	0.151	0.153	0.155	1.001	1.000	1.000	1.215	1.201	0.310	0.321	0.332	1.006	1.013	0.997	1.202	1.166	0.197	0.231	0.251	0.990	0.976	0.968	1.312	1.265	1.045	1.109	1.215	1.192	1.280	0.039	0.039	0.039
30:38:05	25.1	0.157	0.154	0.159	0.940	0.940	0.946	1.034	0.915	0.237	0.236	0.261	1.016	1.012	1.018	1.146	0.998	0.152	0.155	0.156	1.008	1.006	0.999	1.212	1.198	0.311	0.325	0.335	1.011	1.018	1.000	1.200	1.163	0.198	0.232	0.252	0.996	0.981	0.972	1.307	1.262	1.050	1.103	1.212	1.187	1.275	0.039	0.039	0.039
30:53:47	25.0	0.160	0.158	0.162	0.942	0.944	0.949	1.030	0.915	0.238	0.236	0.262	1.021	1.018	1.022	1.141	0.988	0.154	0.157	0.158	1.011	1.010	1.004	1.207	1.192	0.315	0.326	0.337	1.016	1.022	1.005	1.196	1.160	0.199	0.231	0.253	1.000	0.986	0.978	1.302	1.255	1.043	1.114	1.207	1.185	1.271	0.039	0.039	0.039
31:09:30	25.1	0.163	0.161	0.166	0.947	0.946	0.949	1.027	0.917	0.238	0.236	0.263	1.025	1.022	1.027	1.131	0.987	0.156	0.158	0.160	1.019	1.014	1.015	1.204	1.188	0.315	0.328	0.339	1.020	1.027	1.009	1.193	1.157	0.200	0.232	0.254	1.004	0.990	0.982	1.295	1.252	1.032	1.101	1.203	1.183	1.267	0.039	0.039	0.039
31:25:13	25.1	0.164	0.163	0.168	0.948	0.950	0.950	1.022	0.908	0.239	0.236	0.263	1.035	1.031	1.036	1.131	0.986	0.158	0.160	0.162	1.022	1.021	1.016	1.200	1.185	0.318	0.329	0.341	1.026	1.034	1.016	1.190	1.154	0.202	0.232	0.254	1.012	0.996	0.988	1.294	1.246	1.030	1.115	1.196	1.176	1.260	0.039	0.039	0.039
31:40:55	25.1	0.168	0.167	0.172	0.951	0.954	0.951	1.023	0.904	0.239	0.234	0.262	1.033	1.029	1.034	1.130	0.974	0.160	0.163	0.163	1.026	1.024	1.019	1.197	1.181	0.319	0.331	0.344	1.029	1.036	1.017	1.186	1.149	0.204	0.232	0.255	1.013	0.999	0.990	1.288	1.243	1.032	1.097	1.195	1.179	1.259	0.039	0.039	0.039
31:56:38	25.1	0.169	0.171	0.175	0.954	0.954	0.952	1.017	0.904	0.239	0.234	0.263	1.037	1.033	1.040	1.110	0.982	0.162	0.165	0.165	1.033	1.028	1.027	1.193	1.176	0.322	0.335	0.346	1.032	1.040	1.021	1.185	1.148	0.205	0.233	0.257	1.018	1.003	0.994	1.282	1.239	1.025	1.078	1.188	1.173	1.254	0.039	0.039	0.039
32:12:21	25.1	0.172	0.174	0.179	0.956	0.956	0.951	1.013	0.901	0.240	0.235	0.263	1.041	1.037	1.043	1.131	0.960	0.164	0.166	0.168	1.040	1.033	1.032	1.188	1.172	0.323	0.337	0.349	1.038	1.043	1.046	1.180	1.145	0.205	0.233	0.258	1.022	1.008	0.999	1.278	1.234	1.024	1.074	1.185	1.172	1.250	0.039	0.039	0.039
32:28:03	25.1	0.174	0.176	0.184	0.978	0.969	0.953	1.010	0.900	0.241	0.235	0.263	1.046	1.041	1.047	1.123	0.970	0.166	0.168	0.169	1.040	1.040	1.030	1.186	1.170	0.325	0.339	0.351	1.040	1.048	1.028	1.179	1.142	0.206	0.234	0.259	1.027	1.012	1.003	1.275	1.230	1.027	1.065	1.181	1.170	1.246	0.039	0.039	0.039
32:43:46	25.1	0.177	0.180	0.186	0.964	0.962	0.953	1.006	0.897	0.242	0.235	0.265	1.049	1.045	1.051	1.167	0.953	0.168	0.170	0.171	1.048	1.042	1.036	1.182	1.164	0.326	0.340	0.354	1.046	1.053	1.033	1.177	1.138	0.206	0.234	0.259	1.031	1.016	1.006	1.271	1.224	1.022	1.066	1.177	1.165	1.243	0.039	0.039	0.039
32:59:28	25.1	0.180	0.185	0.190	0.965	0.965	0.954	1.002	0.892	0.243	0.235	0.264	1.053	1.048	1.054	1.205	0.945	0.170	0.172	0.173	1.048	1.046	1.038	1.180	1.161	0.329	0.343	0.355	1.050	1.056	1.036	1.173	1.134	0.207	0.234	0.261	1.035	1.020	1.011	1.271	1.221	1.015	1.079	1.173	1.166	1.238	0.039	0.039	0.039
33:15:11	25.1	0.183	0.188	0.195	0.967	0.966	0.955	0.998	0.890	0.243	0.235	0.266	1.056	1.052	1.059	1.128	0.948	0.172	0.173	0.175	1.052	1.060	1.043	1.175	1.156	0.330	0.345	0.357	1.054	1.061	1.039	1.170	1.133	0.208	0.234	0.262	1.038	1.024	1.015	1.264	1.219	1.013	1.067	1.168	1.160	1.234	0.039	0.039	0.039
33:30:54	25.1	0.185	0.191	0.197	0.968	0.970	0.958	0.994	0.887	0.244	0.236	0.265	1.062	1.057	1.063	1.145	0.925	0.173	0.175	0.177	1.056	1.054	1.051	1.173	1.156	0.332	0.345	0.360	1.058	1.065	1.043	1.169	1.128	0.208	0.234	0.262	1.043	1.028	1.019	1.260	1.213	1.015	1.089	1.164	1.158	1.231	0.039	0.039	0.039
33:46:36	25.1	0.188	0.195	0.201	1.051	0.971	0.958	0.991	0.881	0.245	0.237	0.266	1.065	1.060	1.065	1.113	0.918	0.174	0.177	0.179	1.060	1.058	1.053	1.169	1.150	0.333	0.348	0.362	1.063	1.069	1.047	1.166	1.127	0.209	0.235	0.264	1.047	1.032	1.023	1.257	1.210	1.008	1.055	1.160	1.154	1.226	0.039	0.039	0.039
34:02:19	25.1	0.191	0.198	0.205	1.030	0.977	0.963	0.985	0.879	0.245	0.237	0.266	1.068	1.062	1.069	1.120	0.899	0.177	0.179	0.180	1.068	1.062	1.055	1.166	1.147	0.335	0.350	0.364	1.066	1.073	1.051	1.163	1.123	0.210	0.236	0.264	1.051	1.036	1.027	1.252	1.204	1.008	1.067	1.156	1.152	1.224	0.039	0.039	0.039
34:18:01	25.1	0.193	0.202	0.209	0.976	0.975	0.963	0.980	0.876	0.246	0.236	0.267	1.072	1.067	1.072	1.109	0.906	0.179	0.180	0.183	1.069	1.067	1.059	1.163	1.144	0.336	0.352	0.366	1.070	1.077	1.054	1.162	1.121	0.210	0.236	0.266	1.055	1.040	1.031	1.251	1.201	1.001	1.046	1.153	1.151	1.220	0.039	0.039	0.039
34:33:44	25.1	0.196	0.207	0.214	0.987	0.978	0.962	0.978	0.873	0.246	0.236	0.268	1.075	1.070	1.076	1.063	0.886	0.180	0.182	0.184	1.072	1.070	1.069	1.161	1.141	0.338	0.355	0.369	1.074	1.081	1.058	1.157	1.119	0.211	0.237	0.267	1.059	1.048	1.035	1.247	1.197	0.999	1.047	1.148	1.145	1.215	0.039	0.039	0.039
34:49:27	25.1	0.200	0.210	0.219	1.075	0.980	0.965	0.973	0.870	0.247	0.237	0.268	1.079	1.075	1.079	1.054	0.955	0.182	0.184	0.185	1.082	1.078	1.075	1.158	1.137	0.340	0.356	0.370	1.077	1.084	1.062	1.157	1.116	0.211	0.237	0.266	1.063	1.047	1.038	1.244	1.194	1.000	1.033	1.144	1.142	1.212	0.039	0.039	0.039
35:05:09	25.1	0.202	0.215	0.222	0.984	0.981	0.964	0.969	0.867	0.248	0.239	0.269	1.082	1.078	1.083	1.069	1.079	0.183	0.186	0.187	1.082	1.079	1.070	1.155	1.135	0.342	0.358	0.373	1.081	1.088	1.065	1.155	1.113	0.212	0.238	0.269	1.067	1.056	1.042	1.240	1.190	0.995	1.026	1.141	1.140	1.208	0.039	0.039	0.039
35:20:52	25.1	0.204	0.219	0.225	0.996	0.984	0.979	0.964	0.864	0.249	0.240	0.268	1.086	1.081	1.087	1.045	1.208	0.185	0.186	0.188	1.085	1.083	1.097	1.152	1.131	0.344	0.360	0.375	1.085	1.092	1.069	1.152	1.112	0.212	0.239	0.269	1.070	1.055	1.046	1.237	1.186	0.994	1.030	1.137	1.141	1.204	0.039	0.039	0.039
35:36:35	25.1	0.207	0.222	0.230	1.040	1.028	0.995	0.960	0.859	0.249	0.239	0.268	1.091	1.083	1.090	1.045	0.898	0.187	0.188	0.189	1.097	1.089	1.081	1.150	1.129	0.345	0.361	0.377	1.088	1.095	1.072	1.149	1.110	0.213	0.239	0.269	1.073	1.058	1.050	1.234	1.182	0.987	1.072	1.134	1.136	1.201	0.039	0.039	0.039
35:52:17	25.1	0.208	0.226	0.233	1.158	0.986	0.975	0.955	0.856	0.250	0.240	0.270	1.090	1.086	1.093	1.039	1.069	0.187	0.189	0.190	1.093	1.090	1.081	1.146	1.125	0.349	0.364	0.378	1.091	1.099	1.076	1.147	1.106	0.213	0.240	0.272	1.077	1.061	1.053	1.230	1.178	0.985	1.024	1.130	1.135	1.196	0.039	0.039	0.039
36:08:00	25.1	0.209	0.229	0.237	1.106	0.987	0.968	0.951	0.852	0.251	0.241	0.270	1.092	1.090	1.097	1.035	1.491	0.190	0.190	0.192	1.096	1.094	1.084	1.144	1.122	0.350	0.366	0.382	1.095	1.103	1.079	1.146	1.103	0.213	0.240	0.272	1.081	1.071	1.056	1.229	1.176	0.988	1.011	1.127	1.131	1.193	0.039	0.039	0.039
36:23:43	25.1	0.211	0.229	0.240	1.014	0.987	0.970	0.945	0.845	0.250	0.240	0.268	1.100	1.098	1.104	1.023	1.012	0.189	0.191	0.192	1.102	1.100	1.093	1.143	1.120	0.350	0.366	0.382	1.100	1.153	1.085	1.144	1.101	0.213	0.239	0.271	1.087	1.071	1.062	1.223	1.171	0.977	1.019	1.122	1.128	1.188	0.039	0.039	0.039
36:39:26	25.1	0.212	0.235	0.244	0.992	0.989	0.969	0.945	0.844	0.252	0.241	0.270	1.095	1.094	1.103	1.049	1.172	0.192	0.192	0.194	1.103	1.100	1.091	1.138	1.118	0.354	0.368	0.384	1.103	1.109	1.086	1.140	1.093	0.214	0.241	0.272	1.088	1.073	1.063	1.221	1.169	0.979	1.003	1.120	1.125	1.186	0.039	0.039	0.039
36:55:08	25.1	0.214	0.238	0.248	1.063	1.021	0.984	0.938	0.839	0.254	0.242	0.269	1.098	1.098	1.105	1.027	0.912	0.191	0.194	0.196	1.108	1.107	1.095	1.139	1.115	0.356	0.372	0.385	1.107	1.113	1.090	1.140	1.098	0.214	0.242	0.275	1.091	1.076	1.067	1.218	1.165	0.977	1.036	1.116	1.123	1.182	0.039	0.039	0.039
37:10:51	25.1	0.214	0.241	0.251	1.012	0.996	0.972	0.934	0.835	0.255	0.242	0.269	1.101	1.100	1.109	1.080	0.894	0.193	0.195	0.196	1.110	1.108	1.103	1.135	1.111	0.358	0.373	0.388	1.110	1.117	1.092	1.137	1.093	0.215	0.243	0.276	1.095	1.091	1.070	1.216	1.161	0.973	0.995	1.112	1.121	1.179	0.039	0.039	0.039
37:26:34	25.1	0.216	0.244	0.254	1.053	0.996	1.022	0.930	0.830	0.255	0.243	0.271	1.102	1.107	1.112	1.048	0.898	0.194	0.195	0.197	1.113	1.113	1.102	1.133	1.109	0.358	0.374	0.390	1.112	1.119	1.094	1.137	1.091	0.216	0.244	0.276	1.098	1.082	1.073	1.213	1.159	0.965	1.005	1.109	1.118	1.176	0.039	0.039	0.039
37:42:16	25.1	0.216	0.248	0.258	1.116	1.085	0.975	0.927	0.825	0.256	0.243	0.270	1.104	1.107	1.115	1.064	0.861	0.195	0.195	0.198	1.118	1.116	1.106	1.131	1.107	0.360	0.375	0.393	1.117	1.124	1.099	1.135	1.091	0.217	0.246	0.277	1.102	1.091	1.076	1.209	1.154	0.966	0.985	1.106	1.115	1.172	0.039	0.039	0.039
37:57:59	25.1	0.217	0.250	0.260	0.998	0.992	0.972	0.923	0.822	0.256	0.244	0.271	1.108	1.109	1.118	1.048	0.886	0.196	0.197	0.200	1.121	1.125	1.107	1.129	1.104	0.362	0.377	0.394	1.120	1.126	1.103	1.134	1.088	0.217	0.247	0.277	1.105	1.089	1.079	1.208	1.151	0.964	0.982	1.102	1.112	1.169	0.039	0.039	0.039
38:13:42	25.1	0.216	0.253	0.263	1.007	0.992	0.977	0.919	0.818	0.257	0.243	0.272	1.110	1.110	1.120	1.033	1.057	0.197	0.197	0.199	1.133	1.122	1.111	1.126	1.100	0.365	0.379	0.397	1.123	1.130	1.105	1.132	1.082	0.217	0.247	0.279	1.107	1.091	1.082	1.205	1.148	0.959	0.995	1.098	1.109	1.165	0.039	0.039	0.039
38:29:24	25.1	0.217	0.255	0.266	1.000	0.992	0.971	0.914	0.813	0.257	0.244	0.271	1.112	1.113	1.123	1.053	1.466	0.197	0.198	0.201	1.128	1.125	1.113	1.124	1.098	0.365	0.381	0.397	1.126	1.133	1.107	1.129	1.082	0.218	0.248	0.279	1.110	1.095	1.086	1.203	1.145	0.960	0.989	1.095	1.106	1.161	0.039	0.039	0.039
38:45:07	25.1	0.217	0.256	0.269	1.011	0.992	0.997	0.911	0.808	0.258	0.245	0.271	1.113	1.115	1.126	1.000	0.955	0.198	0.199	0.201	1.133	1.128	1.116	1.122	1.096	0.367	0.383	0.399	1.129	1.135	1.111	1.128	1.077	0.219	0.250	0.280	1.114	1.099	1.088	1.200	1.143	0.955	0.970	1.092	1.106	1.159	0.039	0.039	0.039
39:00:50	25.1	0.218	0.258	0.270	1.235	0.999	1.027	0.909	0.803	0.259	0.245	0.272	1.115	1.117	1.128	1.003	0.863	0.198	0.199	0.202	1.134	1.131	1.139	1.121	1.093	0.369	0.384	0.401	1.132	1.139	1.114	1.125	1.078	0.220	0.249	0.280	1.117	1.101	1.091	1.197	1.139	0.948	0.975	1.088	1.102	1.155	0.039	0.039	0.039
39:16:32	25.1	0.217	0.260	0.274	1.264	1.020	1.025	0.906	0.798	0.259	0.246	0.272	1.117	1.119	1.131	0.994	0.859	0.198	0.200	0.203	1.143	1.135	1.127	1.119	1.092	0.370	0.386	0.402	1.135	1.141	1.117	1.124	1.073	0.220	0.249	0.282	1.120	1.103	1.094	1.195	1.135	0.944	0.964	1.085	1.098	1.152	0.039	0.039	0.039
39:32:15	25.1	0.218	0.264	0.275	1.187	1.067	1.009	0.902	0.793	0.260	0.247	0.273	1.120	1.121	1.134	0.994	1.048	0.199	0.200	0.203	1.140	1.138	1.132	1.115	1.089	0.373	0.387	0.406	1.139	1.144	1.120	1.123	1.072	0.221	0.250	0.281	1.123	1.106	1.097	1.192	1.132	0.942	0.952	1.081	1.096	1.148	0.039	0.039	0.039
39:47:58	25.1	0.217	0.264	0.277	1.219	1.093	1.015	0.898	0.792	0.260	0.247	0.273	1.125	1.129	1.136	1.045	0.882	0.200	0.202	0.203	1.155	1.180	1.135	1.115	1.086	0.374	0.390	0.405	1.142	1.149	1.123	1.122	1.070	0.222	0.251	0.283	1.126	1.110	1.100	1.191	1.129	0.939	0.947	1.077	1.095	1.144	0.039	0.039	0.039
40:03:40	25.1	0.216	0.264	0.278	0.999	0.992	0.980	0.895	0.786	0.262	0.247	0.272	1.123	1.125	1.140	0.981	0.987	0.200	0.201	0.204	1.159	1.144	1.131	1.113	1.084	0.375	0.390	0.409	1.145	1.151	1.126	1.120	1.067	0.222	0.251	0.282	1.129	1.111	1.103	1.188	1.126	0.935	0.952	1.074	1.090	1.141	0.039	0.039	0.039
40:19:23	25.1	0.215	0.265	0.280	1.001	0.992	0.972	0.891	0.781	0.261	0.248	0.273	1.125	1.126	1.140	0.970	0.834	0.199	0.202	0.205	1.152	1.345	1.138	1.112	1.082	0.377	0.391	0.411	1.147	1.154	1.129	1.119	1.066	0.222	0.251	0.283	1.132	1.115	1.106	1.185	1.123	0.931	0.931	1.071	1.088	1.138	0.039	0.039	0.039
40:35:06	25.1	0.215	0.268	0.282	1.128	1.104	1.006	0.888	0.777	0.261	0.248	0.273	1.128	1.129	1.144	0.975	1.074	0.200	0.203	0.205	1.172	1.151	1.137	1.109	1.081	0.379	0.394	0.411	1.150	1.157	1.132	1.117	1.063	0.222	0.252	0.283	1.135	1.117	1.108	1.182	1.120	0.929	0.942	1.067	1.085	1.134	0.039	0.039	0.039
40:50:48	25.1	0.215	0.268	0.282	1.023	0.994	1.005	0.884	0.772	0.262	0.249	0.273	1.129	1.131	1.147	0.959	0.840	0.200	0.203	0.206	1.168	1.154	1.142	1.107	1.078	0.381	0.395	0.414	1.154	1.160	1.134	1.115	1.061	0.224	0.252	0.282	1.138	1.121	1.112	1.180	1.117	0.922	0.935	1.064	1.082	1.131	0.039	0.039	0.039
41:06:31	25.1	0.214	0.268	0.283	1.068	1.028	1.031	0.881	0.770	0.262	0.249	0.273	1.132	1.133	1.150	0.958	0.844	0.201	0.203	0.206	1.162	1.160	1.144	1.105	1.075	0.382	0.397	0.415	1.156	1.163	1.137	1.114	1.059	0.224	0.252	0.283	1.141	1.123	1.114	1.178	1.114	0.923	0.915	1.061	1.081	1.127	0.039	0.039	0.039
41:22:14	25.1	0.214	0.270	0.284	1.148	1.030	1.000	0.875	0.765	0.262	0.249	0.273	1.154	1.136	1.152	0.950	0.841	0.201	0.203	0.206	1.163	1.186	1.154	1.104	1.074	0.383	0.398	0.418	1.158	1.165	1.139	1.112	1.055	0.224	0.253	0.282	1.143	1.126	1.117	1.176	1.110	0.918	1.151	1.058	1.075	1.123	0.039	0.039	0.039
41:37:56	25.1	0.212	0.271	0.287	1.103	1.005	0.988	0.873	0.759	0.263	0.249	0.273	1.144	1.137	1.153	0.939	0.836	0.202	0.204	0.207	1.401	1.163	1.148	1.102	1.071	0.385	0.400	0.418	1.161	1.168	1.142	1.111	1.056	0.226	0.254	0.283	1.146	1.129	1.119	1.174	1.108	0.915	1.043	1.054	1.074	1.121	0.039	0.039	0.039
41:53:39	25.1	0.211	0.271	0.288	1.067	1.026	0.996	0.870	0.752	0.263	0.249	0.273	1.138	1.139	1.157	0.945	0.827	0.201	0.203	0.208	1.172	1.323	1.158	1.101	1.071	0.387	0.401	0.420	1.167	1.170	1.145	1.110	1.053	0.226	0.254	0.282	1.149	1.137	1.122	1.170	1.105	0.910	1.050	1.051	1.071	1.117	0.039	0.039	0.039
42:09:22	25.1	0.211	0.272	0.288	1.046	0.988	0.969	0.866	0.748	0.264	0.249	0.274	1.140	1.141	1.158	0.941	0.829	0.202	0.205	0.208	1.199	1.401	1.159	1.099	1.067	0.388	0.402	0.423	1.167	1.173	1.148	1.108	1.047	0.226	0.255	0.282	1.151	1.134	1.124	1.168	1.100	0.908	0.994	1.047	1.064	1.112	0.039	0.039	0.039
42:25:04	25.1	0.209	0.272	0.289	1.115	1.018	0.977	0.863	0.746	0.264	0.250	0.275	1.159	1.153	1.161	0.936	0.823	0.202	0.205	0.208	1.182	1.171	1.201	1.096	1.063	0.390	0.404	0.424	1.169	1.175	1.149	1.101	1.040	0.227	0.256	0.284	1.153	1.139	1.127	1.166	1.097	0.905	0.940	1.043	1.058	1.109	0.039	0.039	0.039
42:40:47	25.1	0.208	0.271	0.291	1.024	0.985	0.980	0.861	0.740	0.265	0.251	0.276	1.149	1.145	1.163	0.940	0.889	0.203	0.206	0.209	1.177	1.174	1.163	1.095	1.060	0.392	0.407	0.427	1.172	1.179	1.153	1.099	1.038	0.228	0.256	0.284	1.157	1.139	1.130	1.164	1.094	0.900	0.882	1.041	1.054	1.106	0.039	0.039	0.039
42:56:30	25.1	0.206	0.272	0.293	1.070	0.991	0.968	0.859	0.732	0.265	0.251	0.276	1.160	1.152	1.165	0.930	0.874	0.202	0.206	0.210	1.197	1.190	1.271	1.095	1.060	0.392	0.408	0.428	1.174	1.181	1.154	1.099	1.038	0.228	0.256	0.285	1.158	1.142	1.131	1.163	1.093	0.895	1.184	1.039	1.053	1.104	0.039	0.039	0.039
43:12:12	25.1	0.204	0.273	0.293	1.086	0.991	0.989	0.859	0.726	0.265	0.251	0.276	1.151	1.156	1.167	0.925	1.138	0.204	0.207	0.211	1.186	1.238	1.222	1.094	1.061	0.395	0.408	0.429	1.177	1.183	1.157	1.102	1.039	0.228	0.257	0.284	1.162	1.144	1.135	1.162	1.092	0.897	1.032	1.037	1.053	1.103	0.039	0.039	0.039
43:27:55	25.1	0.203	0.272	0.292	1.052	0.985	0.963	0.855	0.718	0.266	0.251	0.276	1.151	1.151	1.170	0.919	0.867	0.203	0.208	0.211	1.289	1.221	1.170	1.095	1.060	0.395	0.410	0.432	1.179	1.186	1.160	1.103	1.040	0.229	0.258	0.284	1.164	1.147	1.137	1.162	1.091	0.891	1.106	1.035	1.052	1.100	0.039	0.039	0.039
43:43:38	25.1	0.200	0.271	0.293	1.095	1.059	0.999	0.852	0.712	0.267	0.251	0.277	1.153	1.152	1.172	0.920	0.821	0.204	0.208	0.212	1.190	1.196	1.170	1.094	1.059	0.399	0.410	0.433	1.182	1.188	1.162	1.104	1.042	0.230	0.258	0.284	1.166	1.148	1.139	1.160	1.090	0.892	0.860	1.032	1.052	1.098	0.039	0.039	0.039
43:59:20	25.1	0.199	0.272	0.294	1.033	0.982	0.960	0.846	0.706	0.267	0.252	0.278	1.155	1.153	1.173	0.915	0.809	0.204	0.209	0.211	1.191	1.194	1.175	1.091	1.057	0.398	0.412	0.434	1.184	1.189	1.163	1.101	1.036	0.229	0.258	0.284	1.169	1.151	1.142	1.158	1.086	0.886	0.854	1.029	1.048	1.095	0.039	0.039	0.039
44:15:03	25.1	0.197	0.273	0.293	1.014	0.980	0.958	0.844	0.699	0.267	0.252	0.279	1.159	1.169	1.175	0.911	0.825	0.204	0.210	0.212	1.291	1.208	1.180	1.089	1.053	0.399	0.414	0.437	1.187	1.194	1.166	1.094	1.029	0.230	0.259	0.284	1.171	1.153	1.144	1.155	1.083	0.874	0.853	1.027	1.042	1.091	0.039	0.039	0.039
44:30:46	25.1	0.195	0.272	0.294	1.014	0.996	0.961	0.843	0.692	0.268	0.252	0.279	1.166	1.172	1.177	0.900	0.783	0.204	0.210	0.212	1.196	1.194	1.179	1.088	1.053	0.399	0.414	0.436	1.189	1.195	1.168	1.093	1.029	0.231	0.259	0.283	1.173	1.155	1.146	1.154	1.081	0.878	0.856	1.025	1.039	1.089	0.039	0.039	0.039
44:46:28	25.1	0.193	0.274	0.292	1.013	0.979	0.957	0.837	0.679	0.268	0.254	0.279	1.161	1.162	1.178	0.895	0.797	0.205	0.211	0.213	1.421	1.276	1.186	1.087	1.052	0.402	0.416	0.441	1.191	1.198	1.172	1.093	1.028	0.231	0.260	0.284	1.176	1.158	1.148	1.152	1.080	0.873	0.839	1.022	1.037	1.087	0.039	0.039	0.039
45:02:11	25.1	0.190	0.273	0.293	1.047	0.979	0.955	0.835	0.677	0.268	0.253	0.280	1.163	1.160	1.180	0.897	1.035	0.205	0.211	0.214	1.203	1.211	1.182	1.088	1.051	0.403	0.417	0.440	1.193	1.199	1.172	1.093	1.027	0.231	0.260	0.283	1.178	1.160	1.150	1.152	1.078	0.864	0.829	1.021	1.036	1.085	0.039	0.039	0.039
45:17:54	25.0	0.189	0.272	0.294	0.985	0.976	0.955	0.833	0.666	0.269	0.253	0.281	1.164	1.162	1.180	0.896	0.791	0.206	0.211	0.213	1.207	1.202	1.186	1.087	1.053	0.405	0.418	0.442	1.196	1.203	1.175	1.096	1.031	0.231	0.261	0.284	1.180	1.162	1.153	1.152	1.077	0.869	0.816	1.018	1.037	1.083	0.039	0.039	0.039
45:33:36	25.1	0.188	0.272	0.293	1.110	0.975	0.953	0.830	0.657	0.270	0.255	0.281	1.168	1.165	1.183	0.894	0.776	0.206	0.212	0.215	1.208	1.204	1.189	1.088	1.052	0.405	0.421	0.444	1.197	1.204	1.178	1.098	1.032	0.232	0.261	0.283	1.181	1.164	1.155	1.151	1.076	0.867	0.814	1.016	1.035	1.081	0.039	0.039	0.039
45:49:19	25.1	0.187	0.274	0.292	1.021	0.983	0.952	0.825	0.648	0.268	0.255	0.282	1.170	1.167	1.184	0.886	0.768	0.206	0.212	0.215	1.209	1.206	1.191	1.087	1.049	0.407	0.421	0.447	1.200	1.206	1.179	1.098	1.031	0.232	0.262	0.285	1.184	1.166	1.156	1.151	1.075	0.860	0.800	1.013	1.034	1.078	0.039	0.039	0.039
46:05:02	25.1	0.187	0.273	0.292	1.035	0.974	0.949	0.821	0.637	0.270	0.255	0.282	1.172	1.169	1.185	0.881	0.759	0.207	0.213	0.217	1.216	1.221	1.191	1.087	1.048	0.408	0.422	0.448	1.201	1.208	1.181	1.098	1.030	0.232	0.262	0.285	1.187	1.172	1.158	1.149	1.072	0.857	1.524	1.011	1.032	1.075	0.039	0.039	0.039
46:20:44	25.1	0.185	0.272	0.290	0.981	0.972	0.948	0.816	0.627	0.270	0.256	0.282	1.174	1.170	1.185	0.873	0.751	0.208	0.214	0.216	1.216	1.224	1.194	1.085	1.047	0.409	0.422	0.450	1.204	1.211	1.183	1.098	1.028	0.232	0.262	0.286	1.189	1.170	1.162	1.147	1.069	0.852	1.342	1.008	1.031	1.073	0.039	0.039	0.039
46:36:27	25.1	0.186	0.271	0.291	0.969	0.971	0.947	0.814	0.619	0.270	0.256	0.283	1.176	1.175	1.186	0.869	0.773	0.208	0.214	0.217	1.228	1.214	1.198	1.084	1.047	0.412	0.424	0.449	1.207	1.213	1.186	1.097	1.027	0.232	0.262	0.286	1.190	1.174	1.163	1.146	1.067	0.847	1.570	1.005	1.028	1.069	0.039	0.039	0.039
46:52:10	25.1	0.185	0.271	0.289	1.089	0.970	0.945	0.808	0.608	0.271	0.257	0.284	1.178	1.174	1.188	0.864	0.767	0.208	0.215	0.218	1.221	1.218	1.198	1.083	1.045	0.412	0.424	0.452	1.208	1.215	1.187	1.097	1.024	0.233	0.263	0.287	1.192	1.174	1.165	1.145	1.065	0.835	1.597	1.001	1.025	1.066	0.039	0.039	0.039
47:07:52	25.1	0.184	0.270	0.290	1.161	0.977	0.945	0.804	0.603	0.270	0.258	0.283	1.180	1.176	1.189	0.857	0.782	0.208	0.215	0.219	1.223	1.231	1.201	1.081	1.043	0.414	0.425	0.453	1.211	1.217	1.189	1.095	1.021	0.233	0.264	0.287	1.195	1.176	1.166	1.142	1.060	0.834	0.801	0.999	1.023	1.064	0.039	0.039	0.039
47:23:35	25.1	0.182	0.270	0.289	0.974	0.967	0.942	0.799	0.589	0.271	0.258	0.283	1.182	1.177	1.189	0.857	0.834	0.209	0.216	0.218	1.227	1.273	1.203	1.080	1.039	0.415	0.426	0.455	1.212	1.219	1.192	1.093	1.020	0.233	0.264	0.289	1.197	1.178	1.169	1.140	1.058	0.831	0.878	0.995	1.020	1.059	0.039	0.039	0.039
47:39:18	25.1	0.179	0.270	0.286	0.960	0.964	0.944	0.794	0.581	0.269	0.258	0.283	1.187	1.183	1.193	0.859	0.746	0.208	0.215	0.218	1.238	1.444	1.211	1.079	1.036	0.414	0.426	0.453	1.217	1.224	1.196	1.095	1.018	0.233	0.264	0.286	1.202	1.182	1.173	1.138	1.054	0.827	0.785	0.991	1.019	1.056	0.039	0.039	0.039
47:55:01	25.0	0.177	0.268	0.287	1.106	0.965	0.940	0.791	0.576	0.271	0.259	0.285	1.186	1.182	1.193	0.851	0.833	0.210	0.216	0.218	1.229	1.224	1.205	1.078	1.035	0.417	0.428	0.457	1.217	1.222	1.195	1.088	1.011	0.234	0.266	0.289	1.200	1.182	1.171	1.135	1.052	0.824	0.775	0.989	1.018	1.054	0.039	0.039	0.039
48:10:43	25.1	0.173	0.267	0.288	0.985	0.965	0.938	0.788	0.561	0.270	0.260	0.285	1.187	1.182	1.191	0.866	0.765	0.210	0.217	0.220	1.232	1.244	1.210	1.077	1.033	0.419	0.431	0.459	1.218	1.227	1.197	1.090	1.013	0.233	0.264	0.289	1.202	1.184	1.174	1.135	1.049	0.816	0.776	0.985	1.012	1.050	0.039	0.039	0.039
48:26:26	25.1	0.171	0.268	0.286	0.965	0.963	0.936	0.784	0.553	0.271	0.259	0.287	1.190	1.186	1.193	0.862	0.858	0.212	0.217	0.220	1.234	1.231	1.212	1.075	1.031	0.420	0.431	0.459	1.220	1.227	1.198	1.089	1.011	0.233	0.265	0.289	1.204	1.186	1.176	1.133	1.046	0.813	0.771	0.982	1.008	1.047	0.039	0.039	0.039
48:42:08	25.0	0.169	0.266	0.287	0.968	0.959	0.934	0.780	0.545	0.271	0.259	0.285	1.191	1.187	1.193	0.854	0.741	0.212	0.217	0.220	1.237	1.237	1.215	1.074	1.029	0.420	0.432	0.460	1.222	1.229	1.200	1.089	1.008	0.233	0.266	0.291	1.206	1.187	1.177	1.130	1.044	0.805	0.763	0.979	1.008	1.044	0.039	0.039	0.039
48:57:51	25.1	0.166	0.266	0.287	1.006	0.958	0.933	0.774	0.536	0.270	0.260	0.287	1.193	1.188	1.195	0.846	0.785	0.211	0.217	0.221	1.240	1.246	1.216	1.072	1.027	0.422	0.433	0.463	1.224	1.231	1.202	1.088	1.006	0.233	0.265	0.292	1.207	1.188	1.179	1.127	1.041	0.800	0.770	0.976	1.004	1.041	0.039	0.039	0.039
49:13:34	25.1	0.162	0.264	0.286	0.975	0.955	0.930	0.769	0.527	0.271	0.259	0.285	1.198	1.192	1.199	0.847	0.788	0.211	0.219	0.223	1.243	1.243	1.220	1.071	1.025	0.421	0.432	0.462	1.227	1.235	1.205	1.087	1.005	0.233	0.265	0.291	1.212	1.193	1.183	1.127	1.038	0.803	0.773	0.973	1.003	1.037	0.039	0.039	0.039
49:29:17	25.1	0.160	0.264	0.284	0.996	0.955	0.929	0.768	0.520	0.271	0.262	0.286	1.198	1.193	1.197	0.849	0.956	0.213	0.218	0.223	1.245	1.249	1.218	1.070	1.024	0.425	0.435	0.463	1.228	1.234	1.206	1.080	0.999	0.233	0.267	0.293	1.211	1.191	1.182	1.123	1.036	0.788	0.757	0.971	0.999	1.034	0.039	0.039	0.038
49:44:59	25.1	0.157	0.263	0.286	1.070	0.956	0.928	0.766	0.512	0.270	0.261	0.288	1.198	1.194	1.196	0.841	0.752	0.212	0.218	0.222	1.247	1.243	1.225	1.070	1.025	0.425	0.436	0.465	1.234	1.237	1.207	1.085	1.001	0.234	0.267	0.293	1.213	1.194	1.183	1.123	1.033	0.780	0.749	0.968	0.995	1.031	0.039	0.039	0.039
50:00:42	25.1	0.154	0.262	0.285	1.091	0.952	0.927	0.762	0.503	0.271	0.262	0.287	1.200	1.195	1.198	0.854	1.010	0.213	0.220	0.222	1.250	1.246	1.224	1.068	1.023	0.426	0.437	0.467	1.232	1.238	1.209	1.083	0.999	0.234	0.268	0.293	1.214	1.195	1.185	1.121	1.031	0.766	0.759	0.965	0.992	1.029	0.039	0.039	0.039
50:16:24	25.0	0.151	0.260	0.283	1.114	0.952	0.926	0.757	0.496	0.270	0.262	0.287	1.202	1.197	1.198	0.835	1.041	0.214	0.219	0.223	1.252	1.248	1.223	1.067	1.021	0.427	0.437	0.468	1.234	1.240	1.211	1.083	0.997	0.233	0.268	0.294	1.216	1.196	1.187	1.120	1.028	0.757	0.741	0.962	0.990	1.025	0.039	0.039	0.039
50:32:07	25.1	0.147	0.261	0.283	0.990	0.951	0.922	0.753	0.487	0.271	0.263	0.287	1.205	1.199	1.199	0.830	0.725	0.213	0.219	0.224	1.253	1.249	1.229	1.067	1.018	0.427	0.438	0.469	1.235	1.242	1.212	1.081	0.994	0.232	0.268	0.295	1.217	1.197	1.188	1.118	1.025	0.747	0.736	0.959	0.989	1.022	0.039	0.039	0.039

Results
	1	2	3	4	5	6	7	8
A	-0.267	0.394	0.363	14.271	7.177	3.150	3.538	3.436	Max V [600]
	1.000	1.000	1.000	1.000	1.000	1.000	1.000	1.000	R-Squared [600]
	49:05:43	36:31:35	29:58:48	38:52:59	40:27:15	37:18:43	7:59:09	7:59:09	t at Max V [600]
	?????	28:24:22	25:14:08	37:37:17	38:06:59	32:15:49	5:23:03	5:25:23	Lagtime [600]
B	0.306	0.305	0.344	1.425	1.266	1.387	11.924	-32.507	Max V [600]
	1.000	1.000	1.000	1.000	1.000	1.000	1.000	1.000	R-Squared [600]
	18:27:32	17:24:42	17:08:59	41:14:23	9:49:07	9:01:59	22:54:37	38:37:16	t at Max V [600]
	12:41:48	12:27:43	12:43:50	28:23:38	6:48:50	6:34:02	21:13:15	39:10:00	Lagtime [600]
C	0.197	0.236	0.204	15.127	-14.682	6.903	3.446	3.554	Max V [600]
	1.000	1.000	1.000	1.000	1.000	1.000	1.000	1.000	R-Squared [600]
	23:41:45	24:13:10	23:41:45	41:30:05	42:17:13	42:48:39	6:56:18	6:56:18	t at Max V [600]
	18:13:28	19:04:28	18:02:22	40:08:19	43:41:46	40:00:21	4:41:34	4:38:45	Lagtime [600]
D	0.324	0.369	0.458	1.312	3.232	1.546	3.869	3.531	Max V [600]
	1.000	1.000	1.000	1.000	1.000	1.000	1.000	1.000	R-Squared [600]
	18:11:50	18:11:50	0:07:52	9:33:24	36:15:52	32:04:30	8:30:34	8:30:34	t at Max V [600]
	12:05:34	12:52:21	0:00:00	6:28:17	30:40:22	21:24:44	6:14:48	5:56:18	Lagtime [600]
E	0.261	-1.298	0.312	1.312	2.195	-1.858	3.541	3.497	Max V [600]
	1.000	1.000	1.000	1.000	1.000	1.000	1.000	1.000	R-Squared [600]
	20:01:48	0:07:52	18:43:15	9:33:24	9:01:59	0:07:52	6:56:18	5:53:28	t at Max V [600]
	13:48:37	0:00:00	13:02:27	6:43:49	7:29:09	0:00:00	4:36:09	3:26:57	Lagtime [600]
F	16.104	-50.694	3.550	8.176	3.490	0.013	0.006	0.013	Max V [600]
	1.000	1.000	1.000	1.000	1.000	1.000	1.000	1.000	R-Squared [600]
	18:58:58	47:00:01	6:40:36	24:44:36	6:56:18	26:34:34	35:44:26	29:27:23	t at Max V [600]
	17:37:57	47:22:32	4:49:10	22:11:26	4:35:15	26:42:25	36:39:23	29:50:57	Lagtime [600]

