

Software Version	3.03.14



Experiment File Path:	C:\Users\Public\Documents\Experiments\MURI\umax\Task2_48hr_48well_discon_171002_152958.xpt
Protocol File Path:	C:\Users\Public\Documents\Protocols\Task2_48hr_48well_discon.prt



Plate Number	Plate 1
Date	10/2/2017
Time	3:30:25 PM
Reader Type:	Synergy H1
Reader Serial Number:	1706221C
Reading Type	Reader

Procedure Details

Plate Type	Costar 48 well
Discontinuous Kinetics	Runtime 2:00:15 (D:HH:MM), Interval 0:00:15, 194 Reads
Set Temperature	Setpoint 25°C
	Preheat before moving to next step
Read	Absorbance Endpoint
	Full Plate
	Wavelengths:  600
	Read Speed: Normal,  Delay: 100 msec,  Measurements/Data Point: 8
Shake	Linear: 15:00 (MM:SS)
	Frequency: 567 cpm (3 mm)

Layout
	1	2	3	4	5	6	7	8
A	SPL1	SPL7	SPL13	SPL19	SPL25	SPL31	SPL37	SPL43	Well ID
B	SPL2	SPL8	SPL14	SPL20	SPL26	SPL32	SPL38	SPL44	Well ID
C	SPL3	SPL9	SPL15	SPL21	SPL27	SPL33	SPL39	SPL45	Well ID
D	SPL4	SPL10	SPL16	SPL22	SPL28	SPL34	SPL40	SPL46	Well ID
E	SPL5	SPL11	SPL17	SPL23	SPL29	SPL35	SPL41	SPL47	Well ID
F	SPL6	SPL12	SPL18	SPL24	SPL30	SPL36	SPL42	SPL48	Well ID

600

Time	T° 600	A1	A2	A3	A4	A5	A6	A7	A8	B1	B2	B3	B4	B5	B6	B7	B8	C1	C2	C3	C4	C5	C6	C7	C8	D1	D2	D3	D4	D5	D6	D7	D8	E1	E2	E3	E4	E5	E6	E7	E8	F1	F2	F3	F4	F5	F6	F7	F8
0:00:00	25.0	0.051	0.053	0.051	0.047	0.051	0.051	0.045	0.055	0.051	0.042	0.044	0.042	0.042	0.049	0.051	0.039	0.061	0.044	0.045	0.043	0.047	0.049	0.046	0.058	0.050	0.044	0.052	0.043	0.046	0.053	0.055	0.040	0.056	0.051	0.046	0.045	0.055	0.053	0.047	0.056	0.050	0.045	0.054	0.059	0.050	0.053	0.058	0.039
0:15:44	25.0	0.056	0.061	0.057	0.047	0.061	0.052	0.047	0.057	0.051	0.046	0.053	0.045	0.051	0.057	0.058	0.039	0.058	0.054	0.050	0.046	0.061	0.053	0.047	0.059	0.052	0.046	0.051	0.047	0.051	0.059	0.058	0.040	0.060	0.057	0.050	0.047	0.059	0.051	0.046	0.056	0.051	0.045	0.052	0.047	0.052	0.058	0.060	0.039
0:31:26	25.0	0.057	0.057	0.051	0.061	0.061	0.052	0.046	0.057	0.051	0.045	0.052	0.045	0.050	0.057	0.058	0.039	0.059	0.054	0.050	0.046	0.061	0.053	0.046	0.059	0.052	0.046	0.055	0.046	0.051	0.059	0.058	0.040	0.059	0.056	0.049	0.047	0.059	0.051	0.046	0.056	0.051	0.045	0.052	0.047	0.051	0.059	0.060	0.039
0:47:09	25.1	0.057	0.055	0.054	0.047	0.061	0.052	0.046	0.057	0.052	0.046	0.052	0.045	0.050	0.057	0.059	0.039	0.059	0.054	0.050	0.046	0.063	0.053	0.047	0.059	0.052	0.046	0.051	0.047	0.051	0.059	0.059	0.040	0.060	0.065	0.049	0.047	0.060	0.052	0.046	0.056	0.051	0.045	0.052	0.047	0.051	0.059	0.061	0.039
1:02:51	25.0	0.058	0.055	0.055	0.047	0.062	0.053	0.047	0.058	0.052	0.046	0.052	0.046	0.050	0.058	0.060	0.038	0.061	0.053	0.051	0.047	0.064	0.054	0.047	0.059	0.053	0.046	0.051	0.047	0.051	0.060	0.060	0.040	0.063	0.057	0.050	0.047	0.061	0.052	0.047	0.057	0.051	0.045	0.052	0.047	0.051	0.060	0.062	0.039
1:18:34	25.0	0.060	0.054	0.050	0.048	0.063	0.053	0.048	0.058	0.052	0.046	0.052	0.046	0.050	0.059	0.061	0.038	0.062	0.053	0.051	0.047	0.065	0.054	0.047	0.060	0.053	0.047	0.051	0.047	0.051	0.061	0.062	0.040	0.063	0.056	0.050	0.048	0.062	0.052	0.047	0.058	0.051	0.046	0.052	0.047	0.051	0.061	0.063	0.039
1:34:16	25.0	0.061	0.058	0.050	0.048	0.065	0.054	0.049	0.059	0.052	0.047	0.052	0.046	0.050	0.060	0.063	0.038	0.064	0.053	0.052	0.048	0.066	0.054	0.049	0.061	0.053	0.047	0.051	0.048	0.053	0.062	0.063	0.040	0.066	0.056	0.050	0.049	0.063	0.052	0.048	0.059	0.053	0.046	0.052	0.048	0.051	0.062	0.064	0.039
1:49:59	25.0	0.063	0.053	0.050	0.049	0.066	0.053	0.048	0.061	0.053	0.047	0.052	0.047	0.051	0.061	0.064	0.038	0.065	0.053	0.052	0.049	0.068	0.055	0.049	0.063	0.053	0.048	0.052	0.048	0.051	0.063	0.064	0.040	0.073	0.056	0.051	0.049	0.064	0.053	0.048	0.059	0.051	0.046	0.052	0.048	0.051	0.063	0.066	0.039
2:05:41	25.0	0.065	0.055	0.052	0.050	0.068	0.054	0.048	0.062	0.052	0.048	0.052	0.047	0.051	0.062	0.066	0.038	0.069	0.053	0.054	0.049	0.070	0.055	0.049	0.065	0.053	0.048	0.052	0.049	0.051	0.065	0.066	0.040	0.071	0.057	0.051	0.050	0.066	0.053	0.049	0.061	0.051	0.047	0.053	0.049	0.051	0.064	0.068	0.039
2:21:24	25.1	0.067	0.056	0.051	0.050	0.070	0.054	0.049	0.064	0.052	0.049	0.053	0.048	0.051	0.063	0.068	0.038	0.071	0.054	0.056	0.050	0.072	0.055	0.050	0.067	0.053	0.049	0.052	0.049	0.052	0.066	0.068	0.040	0.073	0.057	0.052	0.051	0.068	0.053	0.056	0.063	0.051	0.048	0.053	0.050	0.052	0.065	0.070	0.039
2:37:06	25.0	0.070	0.057	0.052	0.051	0.072	0.054	0.050	0.065	0.052	0.050	0.053	0.048	0.052	0.065	0.070	0.038	0.074	0.054	0.056	0.052	0.076	0.057	0.051	0.070	0.054	0.050	0.053	0.050	0.052	0.068	0.071	0.040	0.077	0.057	0.054	0.052	0.070	0.053	0.050	0.065	0.052	0.049	0.054	0.050	0.052	0.067	0.079	0.039
2:52:48	25.0	0.073	0.054	0.054	0.053	0.075	0.055	0.051	0.068	0.053	0.051	0.054	0.049	0.052	0.066	0.073	0.038	0.077	0.054	0.057	0.053	0.080	0.056	0.053	0.072	0.054	0.052	0.054	0.051	0.053	0.070	0.073	0.040	0.082	0.058	0.055	0.054	0.074	0.053	0.051	0.068	0.056	0.050	0.054	0.051	0.053	0.070	0.075	0.039
3:08:31	25.0	0.077	0.059	0.056	0.055	0.078	0.055	0.056	0.071	0.053	0.052	0.055	0.050	0.053	0.069	0.076	0.038	0.084	0.055	0.059	0.055	0.084	0.057	0.054	0.076	0.054	0.053	0.055	0.053	0.054	0.073	0.078	0.040	0.086	0.058	0.057	0.056	0.078	0.054	0.053	0.070	0.053	0.051	0.055	0.053	0.054	0.072	0.079	0.039
3:24:13	25.1	0.082	0.058	0.058	0.057	0.082	0.056	0.054	0.075	0.053	0.054	0.056	0.051	0.055	0.072	0.082	0.038	0.090	0.056	0.061	0.058	0.088	0.058	0.056	0.081	0.054	0.055	0.056	0.054	0.056	0.079	0.083	0.040	0.104	0.059	0.059	0.058	0.082	0.055	0.055	0.074	0.052	0.052	0.056	0.055	0.056	0.076	0.088	0.039
3:39:55	25.0	0.087	0.060	0.061	0.060	0.086	0.057	0.057	0.080	0.053	0.057	0.057	0.053	0.056	0.077	0.088	0.038	0.098	0.056	0.064	0.060	0.095	0.059	0.059	0.089	0.055	0.058	0.060	0.056	0.057	0.082	0.089	0.040	0.105	0.060	0.062	0.061	0.087	0.056	0.058	0.079	0.053	0.055	0.058	0.058	0.057	0.081	0.090	0.039
3:55:38	25.1	0.095	0.060	0.063	0.063	0.091	0.058	0.059	0.085	0.054	0.060	0.059	0.054	0.058	0.082	0.095	0.038	0.106	0.057	0.068	0.064	0.101	0.060	0.062	0.095	0.056	0.062	0.059	0.058	0.060	0.088	0.095	0.040	0.113	0.062	0.065	0.064	0.093	0.056	0.059	0.085	0.053	0.057	0.059	0.062	0.060	0.086	0.098	0.039
4:11:21	25.1	0.102	0.064	0.068	0.067	0.095	0.060	0.062	0.092	0.055	0.063	0.061	0.057	0.061	0.088	0.103	0.038	0.117	0.059	0.073	0.068	0.107	0.061	0.066	0.101	0.056	0.066	0.061	0.061	0.063	0.095	0.103	0.040	0.125	0.064	0.069	0.069	0.100	0.057	0.063	0.092	0.053	0.060	0.061	0.068	0.063	0.094	0.107	0.039
4:27:03	25.1	0.111	0.087	0.073	0.071	0.101	0.061	0.065	0.100	0.055	0.067	0.062	0.060	0.064	0.095	0.108	0.038	0.132	0.061	0.078	0.072	0.115	0.063	0.070	0.110	0.057	0.071	0.063	0.064	0.066	0.105	0.112	0.040	0.139	0.067	0.074	0.074	0.107	0.059	0.066	0.099	0.054	0.064	0.063	0.074	0.067	0.103	0.117	0.039
4:42:46	25.1	0.120	0.094	0.078	0.077	0.108	0.063	0.070	0.106	0.056	0.072	0.065	0.063	0.067	0.106	0.116	0.038	0.143	0.063	0.085	0.079	0.123	0.065	0.075	0.122	0.058	0.076	0.067	0.068	0.070	0.115	0.124	0.040	0.151	0.070	0.079	0.080	0.115	0.061	0.071	0.108	0.055	0.068	0.066	0.084	0.071	0.114	0.128	0.039
4:58:28	25.1	0.129	0.082	0.085	0.084	0.115	0.065	0.075	0.115	0.057	0.077	0.068	0.067	0.071	0.110	0.127	0.038	0.158	0.065	0.091	0.088	0.134	0.067	0.082	0.133	0.059	0.084	0.069	0.073	0.075	0.130	0.135	0.040	0.165	0.073	0.086	0.087	0.123	0.063	0.077	0.119	0.056	0.074	0.069	0.093	0.076	0.124	0.141	0.039
5:14:11	25.1	0.142	0.066	0.093	0.091	0.124	0.069	0.081	0.127	0.058	0.085	0.071	0.072	0.075	0.126	0.138	0.038	0.170	0.068	0.099	0.095	0.146	0.071	0.090	0.146	0.060	0.094	0.073	0.079	0.080	0.140	0.148	0.040	0.178	0.077	0.094	0.096	0.132	0.067	0.083	0.132	0.056	0.080	0.072	0.105	0.082	0.137	0.155	0.039
5:29:53	25.1	0.153	0.070	0.102	0.102	0.133	0.071	0.089	0.142	0.059	0.095	0.074	0.079	0.083	0.137	0.151	0.038	0.184	0.072	0.109	0.105	0.156	0.074	0.099	0.160	0.062	0.105	0.077	0.086	0.086	0.153	0.162	0.040	0.195	0.082	0.103	0.107	0.142	0.071	0.091	0.145	0.058	0.088	0.076	0.119	0.088	0.150	0.168	0.039
5:45:36	25.1	0.163	0.072	0.112	0.112	0.142	0.076	0.112	0.155	0.060	0.105	0.082	0.086	0.088	0.154	0.161	0.038	0.204	0.075	0.120	0.118	0.166	0.078	0.110	0.178	0.063	0.117	0.082	0.096	0.094	0.165	0.175	0.040	0.214	0.086	0.113	0.120	0.151	0.074	0.102	0.156	0.059	0.098	0.079	0.133	0.096	0.166	0.178	0.039
6:01:18	25.1	0.179	0.076	0.124	0.125	0.158	0.080	0.108	0.169	0.062	0.118	0.082	0.095	0.097	0.156	0.173	0.038	0.225	0.080	0.132	0.131	0.180	0.082	0.123	0.198	0.066	0.131	0.087	0.107	0.103	0.179	0.192	0.040	0.238	0.093	0.124	0.132	0.164	0.080	0.113	0.171	0.060	0.110	0.084	0.147	0.106	0.176	0.195	0.039
6:17:01	25.1	0.199	0.081	0.137	0.138	0.169	0.087	0.121	0.188	0.064	0.132	0.088	0.105	0.109	0.170	0.194	0.038	0.248	0.085	0.149	0.145	0.195	0.088	0.136	0.218	0.068	0.147	0.093	0.117	0.116	0.193	0.208	0.040	0.270	0.100	0.136	0.147	0.177	0.085	0.125	0.190	0.062	0.123	0.090	0.158	0.119	0.191	0.214	0.039
6:32:43	25.1	0.219	0.088	0.148	0.152	0.181	0.095	0.133	0.206	0.065	0.147	0.094	0.118	0.120	0.182	0.213	0.038	0.278	0.092	0.162	0.157	0.220	0.097	0.150	0.242	0.070	0.158	0.100	0.129	0.131	0.208	0.231	0.040	0.295	0.109	0.150	0.157	0.192	0.091	0.139	0.209	0.063	0.137	0.096	0.172	0.134	0.206	0.233	0.039
6:48:26	25.1	0.245	0.117	0.162	0.163	0.203	0.103	0.146	0.225	0.069	0.159	0.102	0.129	0.136	0.197	0.231	0.038	0.306	0.102	0.176	0.168	0.245	0.105	0.160	0.259	0.074	0.172	0.110	0.141	0.150	0.231	0.253	0.040	0.337	0.121	0.162	0.169	0.214	0.099	0.149	0.230	0.066	0.152	0.103	0.189	0.154	0.228	0.255	0.039
7:04:08	25.1	0.272	0.104	0.173	0.174	0.226	0.114	0.157	0.243	0.073	0.170	0.111	0.142	0.154	0.220	0.249	0.038	0.332	0.111	0.191	0.183	0.273	0.116	0.176	0.280	0.078	0.186	0.118	0.153	0.169	0.252	0.278	0.040	0.350	0.135	0.176	0.184	0.241	0.109	0.161	0.250	0.069	0.162	0.112	0.203	0.173	0.246	0.273	0.039
7:19:50	25.1	0.293	0.117	0.186	0.188	0.248	0.123	0.169	0.257	0.076	0.184	0.118	0.154	0.170	0.238	0.267	0.038	0.359	0.124	0.203	0.197	0.303	0.128	0.190	0.297	0.098	0.199	0.126	0.164	0.186	0.271	0.295	0.040	0.378	0.150	0.188	0.197	0.269	0.121	0.174	0.268	0.072	0.175	0.121	0.214	0.190	0.265	0.294	0.039
7:35:33	25.0	0.316	0.150	0.197	0.200	0.275	0.136	0.183	0.276	0.082	0.196	0.129	0.164	0.189	0.257	0.289	0.038	0.385	0.138	0.212	0.209	0.334	0.141	0.203	0.313	0.091	0.210	0.140	0.178	0.207	0.293	0.316	0.040	0.404	0.170	0.197	0.207	0.299	0.135	0.189	0.285	0.077	0.189	0.131	0.221	0.211	0.284	0.314	0.039
7:51:15	25.1	0.339	0.146	0.204	0.209	0.303	0.152	0.196	0.295	0.089	0.207	0.140	0.178	0.211	0.279	0.308	0.038	0.407	0.155	0.217	0.218	0.366	0.157	0.212	0.331	0.099	0.219	0.152	0.193	0.231	0.316	0.339	0.040	0.429	0.191	0.206	0.217	0.329	0.149	0.200	0.303	0.083	0.202	0.143	0.225	0.235	0.304	0.333	0.039
8:06:58	25.1	0.360	0.164	0.215	0.218	0.330	0.167	0.206	0.310	0.096	0.217	0.153	0.192	0.236	0.304	0.327	0.038	0.432	0.174	0.215	0.229	0.388	0.171	0.221	0.345	0.108	0.232	0.166	0.202	0.254	0.338	0.356	0.040	0.461	0.212	0.210	0.224	0.360	0.164	0.208	0.321	0.089	0.211	0.155	0.223	0.257	0.323	0.351	0.039
8:22:40	25.1	0.379	0.184	0.216	0.224	0.349	0.180	0.214	0.324	0.107	0.229	0.169	0.201	0.258	0.325	0.346	0.038	0.450	0.195	0.211	0.230	0.412	0.185	0.222	0.360	0.120	0.234	0.183	0.210	0.276	0.360	0.377	0.040	0.466	0.230	0.208	0.223	0.384	0.177	0.214	0.337	0.097	0.220	0.170	0.218	0.275	0.343	0.372	0.039
8:38:23	25.1	0.396	0.202	0.212	0.221	0.368	0.195	0.222	0.341	0.117	0.236	0.185	0.209	0.277	0.350	0.365	0.038	0.475	0.214	0.208	0.226	0.433	0.204	0.219	0.375	0.132	0.231	0.196	0.216	0.297	0.383	0.402	0.040	0.495	0.251	0.204	0.219	0.409	0.194	0.213	0.351	0.107	0.230	0.185	0.215	0.297	0.365	0.396	0.039
8:54:05	25.0	0.419	0.224	0.208	0.217	0.386	0.209	0.221	0.356	0.131	0.234	0.200	0.218	0.300	0.372	0.386	0.038	0.497	0.233	0.204	0.222	0.455	0.222	0.214	0.388	0.149	0.229	0.216	0.214	0.319	0.405	0.425	0.040	0.521	0.274	0.201	0.216	0.432	0.210	0.208	0.358	0.119	0.229	0.200	0.212	0.318	0.386	0.415	0.039
9:09:48	25.1	0.441	0.248	0.205	0.213	0.411	0.218	0.217	0.371	0.144	0.232	0.216	0.217	0.320	0.398	0.410	0.038	0.517	0.257	0.200	0.218	0.479	0.236	0.211	0.401	0.165	0.224	0.231	0.209	0.336	0.428	0.451	0.040	0.553	0.296	0.198	0.212	0.456	0.226	0.205	0.372	0.132	0.227	0.217	0.209	0.335	0.412	0.441	0.039
9:25:31	25.1	0.460	0.267	0.202	0.210	0.430	0.228	0.213	0.383	0.161	0.227	0.234	0.212	0.336	0.435	0.436	0.038	0.538	0.276	0.196	0.215	0.503	0.252	0.208	0.418	0.184	0.217	0.249	0.206	0.348	0.450	0.476	0.040	0.577	0.319	0.194	0.209	0.477	0.242	0.203	0.385	0.146	0.223	0.232	0.206	0.346	0.431	0.458	0.039
9:41:13	25.1	0.480	0.290	0.197	0.207	0.453	0.240	0.209	0.400	0.178	0.222	0.253	0.209	0.351	0.451	0.462	0.038	0.573	0.302	0.192	0.211	0.526	0.264	0.204	0.433	0.201	0.211	0.266	0.203	0.359	0.473	0.499	0.040	0.612	0.340	0.191	0.205	0.499	0.250	0.200	0.397	0.162	0.217	0.249	0.203	0.357	0.452	0.477	0.039
9:56:56	25.1	0.505	0.312	0.194	0.203	0.473	0.247	0.206	0.416	0.196	0.215	0.273	0.205	0.362	0.473	0.486	0.038	0.605	0.326	0.188	0.207	0.552	0.276	0.201	0.452	0.219	0.206	0.290	0.201	0.368	0.491	0.522	0.040	0.648	0.355	0.187	0.201	0.523	0.259	0.196	0.411	0.179	0.210	0.267	0.200	0.365	0.471	0.519	0.039
10:12:38	25.1	0.536	0.331	0.190	0.199	0.501	0.254	0.204	0.432	0.213	0.209	0.294	0.203	0.373	0.495	0.514	0.038	0.639	0.344	0.185	0.203	0.576	0.281	0.198	0.468	0.242	0.200	0.312	0.197	0.375	0.505	0.542	0.040	0.684	0.369	0.184	0.197	0.548	0.265	0.193	0.428	0.196	0.203	0.288	0.197	0.374	0.486	0.522	0.039
10:28:21	25.1	0.563	0.348	0.187	0.196	0.526	0.258	0.201	0.448	0.237	0.204	0.318	0.199	0.381	0.511	0.535	0.038	0.675	0.359	0.182	0.199	0.604	0.287	0.194	0.488	0.261	0.196	0.338	0.193	0.386	0.521	0.570	0.040	0.711	0.382	0.182	0.193	0.572	0.273	0.189	0.444	0.210	0.197	0.311	0.195	0.382	0.502	0.546	0.039
10:44:03	25.1	0.598	0.361	0.184	0.191	0.551	0.267	0.197	0.469	0.260	0.200	0.342	0.197	0.391	0.526	0.567	0.038	0.707	0.373	0.181	0.195	0.636	0.297	0.190	0.510	0.282	0.192	0.364	0.190	0.395	0.534	0.598	0.040	0.739	0.391	0.180	0.188	0.602	0.281	0.185	0.464	0.229	0.193	0.335	0.192	0.392	0.518	0.570	0.039
10:59:46	25.1	0.626	0.374	0.182	0.187	0.577	0.273	0.195	0.488	0.274	0.196	0.366	0.193	0.401	0.540	0.597	0.038	0.737	0.384	0.179	0.191	0.663	0.306	0.187	0.534	0.303	0.189	0.388	0.186	0.405	0.548	0.626	0.040	0.805	0.403	0.179	0.184	0.632	0.288	0.182	0.484	0.247	0.188	0.359	0.189	0.401	0.533	0.597	0.039
11:15:28	25.1	0.653	0.387	0.180	0.183	0.608	0.279	0.191	0.510	0.295	0.191	0.386	0.190	0.411	0.556	0.628	0.038	0.765	0.395	0.178	0.187	0.695	0.317	0.182	0.556	0.320	0.186	0.409	0.182	0.417	0.563	0.654	0.040	0.795	0.415	0.177	0.180	0.663	0.294	0.178	0.505	0.264	0.185	0.382	0.187	0.412	0.550	0.623	0.039
11:31:11	25.1	0.683	0.401	0.179	0.179	0.640	0.286	0.187	0.532	0.317	0.189	0.412	0.186	0.424	0.571	0.660	0.038	0.796	0.407	0.179	0.183	0.726	0.321	0.179	0.579	0.338	0.184	0.431	0.179	0.429	0.582	0.684	0.040	0.815	0.431	0.177	0.177	0.691	0.300	0.174	0.528	0.283	0.182	0.405	0.185	0.424	0.569	0.649	0.039
11:46:54	25.1	0.711	0.415	0.178	0.176	0.671	0.292	0.184	0.552	0.336	0.187	0.434	0.182	0.435	0.585	0.691	0.038	0.820	0.422	0.178	0.179	0.758	0.332	0.175	0.606	0.358	0.181	0.452	0.175	0.441	0.599	0.711	0.040	0.831	0.447	0.177	0.173	0.722	0.308	0.170	0.549	0.302	0.179	0.428	0.183	0.438	0.588	0.678	0.039
12:02:36	25.1	0.736	0.431	0.177	0.172	0.704	0.298	0.180	0.578	0.352	0.184	0.453	0.180	0.447	0.603	0.719	0.038	0.833	0.437	0.179	0.176	0.783	0.339	0.172	0.628	0.376	0.180	0.474	0.172	0.456	0.621	0.737	0.040	0.873	0.465	0.177	0.171	0.752	0.313	0.167	0.570	0.320	0.177	0.448	0.181	0.450	0.610	0.705	0.039
12:18:18	25.1	0.749	0.446	0.178	0.169	0.732	0.306	0.177	0.601	0.371	0.182	0.475	0.176	0.462	0.623	0.747	0.038	0.850	0.453	0.180	0.172	0.812	0.345	0.169	0.646	0.391	0.178	0.494	0.169	0.471	0.641	0.760	0.040	0.866	0.484	0.177	0.167	0.779	0.318	0.164	0.591	0.336	0.176	0.468	0.180	0.464	0.632	0.725	0.039
12:34:01	25.1	0.769	0.465	0.176	0.166	0.759	0.314	0.174	0.623	0.388	0.180	0.494	0.174	0.478	0.645	0.773	0.038	0.868	0.470	0.180	0.169	0.836	0.355	0.166	0.672	0.412	0.177	0.513	0.166	0.485	0.664	0.781	0.040	0.887	0.504	0.177	0.165	0.800	0.326	0.160	0.610	0.353	0.174	0.487	0.179	0.479	0.655	0.751	0.039
12:49:44	25.0	0.789	0.482	0.176	0.164	0.786	0.318	0.171	0.647	0.404	0.179	0.514	0.172	0.494	0.667	0.797	0.038	0.891	0.490	0.181	0.167	0.861	0.367	0.164	0.691	0.427	0.175	0.529	0.164	0.500	0.687	0.802	0.040	0.905	0.523	0.177	0.162	0.826	0.331	0.158	0.633	0.370	0.173	0.504	0.179	0.494	0.679	0.766	0.039
13:05:26	25.1	0.812	0.501	0.176	0.161	0.824	0.325	0.168	0.668	0.429	0.177	0.530	0.169	0.507	0.688	0.818	0.038	0.909	0.510	0.182	0.164	0.888	0.375	0.161	0.710	0.443	0.174	0.544	0.160	0.513	0.710	0.822	0.040	0.925	0.543	0.178	0.160	0.852	0.340	0.156	0.652	0.387	0.171	0.521	0.178	0.508	0.706	0.786	0.039
13:21:09	25.1	0.832	0.520	0.176	0.159	0.848	0.332	0.165	0.687	0.440	0.176	0.545	0.167	0.520	0.721	0.838	0.038	0.931	0.528	0.183	0.162	0.919	0.384	0.160	0.726	0.460	0.172	0.560	0.159	0.527	0.735	0.836	0.040	0.943	0.563	0.178	0.158	0.881	0.347	0.154	0.670	0.404	0.169	0.538	0.177	0.521	0.727	0.797	0.039
13:36:51	25.1	0.854	0.539	0.175	0.156	0.878	0.340	0.163	0.707	0.457	0.174	0.559	0.165	0.532	0.737	0.851	0.038	0.948	0.548	0.184	0.160	0.951	0.395	0.160	0.750	0.478	0.171	0.573	0.156	0.538	0.756	0.846	0.040	0.962	0.584	0.177	0.157	0.913	0.353	0.153	0.687	0.420	0.169	0.553	0.177	0.533	0.747	0.810	0.039
13:52:34	25.1	0.869	0.559	0.175	0.155	0.911	0.347	0.161	0.724	0.473	0.173	0.569	0.163	0.542	0.763	0.864	0.038	0.966	0.569	0.185	0.160	0.986	0.404	0.160	0.765	0.496	0.170	0.581	0.154	0.547	0.772	0.863	0.040	0.981	0.603	0.177	0.156	0.944	0.363	0.151	0.706	0.437	0.168	0.564	0.176	0.541	0.763	0.827	0.039
14:08:16	25.1	0.885	0.578	0.174	0.154	0.950	0.354	0.159	0.743	0.490	0.172	0.575	0.161	0.550	0.775	0.884	0.038	0.984	0.589	0.186	0.158	1.020	0.418	0.159	0.778	0.516	0.169	0.586	0.152	0.553	0.791	0.881	0.040	0.996	0.624	0.179	0.155	0.979	0.375	0.150	0.724	0.452	0.168	0.572	0.176	0.550	0.782	0.845	0.039
14:23:59	25.1	0.906	0.596	0.174	0.153	0.983	0.365	0.159	0.765	0.509	0.171	0.582	0.160	0.557	0.793	0.906	0.038	1.000	0.610	0.189	0.157	1.035	0.427	0.158	0.793	0.532	0.168	0.595	0.152	0.561	0.807	0.896	0.040	1.019	0.642	0.180	0.154	1.014	0.383	0.150	0.740	0.469	0.166	0.577	0.175	0.556	0.801	0.864	0.039
14:39:42	25.1	0.925	0.615	0.174	0.152	1.016	0.373	0.157	0.779	0.527	0.170	0.589	0.159	0.562	0.811	0.920	0.038	1.014	0.629	0.191	0.157	1.038	0.440	0.159	0.806	0.549	0.168	0.602	0.150	0.565	0.822	0.913	0.040	1.025	0.657	0.180	0.154	1.030	0.393	0.150	0.750	0.484	0.166	0.584	0.173	0.561	0.816	0.882	0.039
14:55:24	25.1	0.938	0.634	0.174	0.150	1.025	0.377	0.156	0.794	0.543	0.169	0.597	0.158	0.568	0.825	0.936	0.038	1.028	0.646	0.193	0.157	1.042	0.452	0.158	0.825	0.569	0.167	0.612	0.149	0.570	0.837	0.927	0.040	1.037	0.671	0.181	0.154	1.040	0.404	0.150	0.763	0.501	0.166	0.594	0.173	0.567	0.830	0.897	0.039
15:11:07	25.1	0.953	0.650	0.175	0.150	1.032	0.416	0.155	0.809	0.562	0.168	0.604	0.157	0.570	0.838	0.955	0.038	1.040	0.660	0.196	0.156	1.047	0.463	0.159	0.843	0.592	0.168	0.617	0.148	0.574	0.850	0.942	0.040	1.068	0.683	0.183	0.153	1.046	0.412	0.150	0.781	0.519	0.166	0.600	0.171	0.570	0.847	0.915	0.039
15:26:49	25.0	0.966	0.664	0.175	0.150	1.034	0.398	0.155	0.818	0.581	0.168	0.610	0.157	0.573	0.852	0.969	0.038	1.053	0.674	0.200	0.157	1.053	0.475	0.159	0.857	0.614	0.167	0.624	0.149	0.578	0.864	0.953	0.040	1.058	0.698	0.186	0.154	1.051	0.422	0.151	0.796	0.536	0.166	0.607	0.169	0.572	0.860	0.939	0.039
15:42:32	25.1	0.976	0.677	0.176	0.152	1.039	0.408	0.155	0.837	0.602	0.167	0.617	0.157	0.575	0.866	0.980	0.038	1.065	0.687	0.204	0.157	1.063	0.490	0.160	0.875	0.634	0.168	0.633	0.148	0.581	0.878	0.966	0.040	1.070	0.713	0.191	0.154	1.059	0.432	0.152	0.814	0.555	0.167	0.614	0.166	0.575	0.874	0.943	0.039
15:58:14	25.1	0.992	0.686	0.178	0.150	1.044	0.418	0.154	0.854	0.621	0.168	0.625	0.157	0.579	0.880	0.996	0.038	1.080	0.704	0.209	0.158	1.072	0.503	0.161	0.894	0.652	0.170	0.639	0.148	0.586	0.887	0.978	0.040	1.079	0.731	0.195	0.156	1.067	0.446	0.152	0.830	0.575	0.168	0.620	0.164	0.577	0.884	0.956	0.039
16:13:57	25.1	1.005	0.702	0.187	0.150	1.056	0.430	0.154	0.875	0.638	0.169	0.630	0.156	0.583	0.890	1.009	0.038	1.091	0.720	0.214	0.159	1.079	0.516	0.161	0.902	0.674	0.172	0.647	0.149	0.591	0.899	0.994	0.040	1.091	0.745	0.199	0.156	1.077	0.456	0.153	0.847	0.593	0.170	0.627	0.162	0.582	0.895	0.968	0.039
16:29:39	25.1	1.012	0.719	0.228	0.151	1.063	0.437	0.154	0.891	0.657	0.171	0.637	0.156	0.587	0.902	1.023	0.038	1.102	0.736	0.220	0.159	1.091	0.532	0.162	0.914	0.690	0.174	0.653	0.149	0.598	0.911	1.008	0.040	1.100	0.758	0.205	0.157	1.087	0.467	0.153	0.856	0.613	0.173	0.631	0.160	0.584	0.905	0.983	0.039
16:45:22	25.1	1.024	0.736	0.208	0.151	1.075	0.457	0.153	0.904	0.671	0.173	0.642	0.156	0.592	0.913	1.036	0.038	1.111	0.750	0.225	0.161	1.100	0.546	0.165	0.925	0.699	0.179	0.659	0.150	0.602	0.921	1.022	0.040	1.109	0.771	0.210	0.157	1.097	0.482	0.154	0.870	0.630	0.176	0.638	0.159	0.590	0.916	1.000	0.039
17:01:04	25.1	1.035	0.815	0.189	0.151	1.083	0.461	0.154	0.915	0.686	0.176	0.649	0.155	0.597	0.925	1.052	0.038	1.121	0.763	0.231	0.162	1.109	0.559	0.165	0.931	0.707	0.184	0.664	0.151	0.609	0.930	1.033	0.040	1.116	0.782	0.215	0.160	1.107	0.494	0.156	0.880	0.649	0.181	0.644	0.160	0.595	0.926	1.009	0.039
17:16:47	25.1	1.042	0.760	0.194	0.151	1.092	0.472	0.153	0.926	0.696	0.180	0.652	0.155	0.604	0.936	1.063	0.038	1.131	0.774	0.237	0.163	1.120	0.571	0.167	0.939	0.719	0.188	0.667	0.151	0.614	0.943	1.047	0.040	1.115	0.792	0.222	0.162	1.118	0.505	0.158	0.890	0.659	0.185	0.649	0.159	0.600	0.937	1.021	0.039
17:32:30	25.1	1.053	0.771	0.204	0.153	1.103	0.486	0.153	0.938	0.706	0.184	0.654	0.154	0.609	0.945	1.076	0.038	1.137	0.788	0.244	0.166	1.128	0.585	0.170	0.947	0.731	0.194	0.665	0.153	0.619	0.954	1.058	0.040	1.115	0.801	0.227	0.165	1.126	0.518	0.160	0.898	0.668	0.190	0.650	0.159	0.605	0.947	1.025	0.039
17:48:12	25.1	1.054	0.783	0.205	0.154	1.114	0.496	0.154	0.947	0.711	0.189	0.655	0.155	0.615	0.961	1.084	0.038	1.135	0.797	0.251	0.169	1.140	0.593	0.173	0.957	0.738	0.200	0.666	0.154	0.623	0.964	1.060	0.040	1.115	0.812	0.235	0.167	1.136	0.531	0.162	0.908	0.676	0.196	0.650	0.159	0.608	0.953	1.028	0.039
18:03:55	25.1	1.053	0.796	0.205	0.155	1.124	0.508	0.154	0.952	0.719	0.195	0.654	0.155	0.618	0.966	1.084	0.038	1.135	0.808	0.257	0.171	1.150	0.598	0.176	0.966	0.744	0.206	0.666	0.156	0.626	0.970	1.059	0.040	1.113	0.822	0.245	0.171	1.144	0.540	0.165	0.917	0.687	0.201	0.650	0.160	0.611	0.950	1.028	0.039
18:19:38	25.1	1.062	0.813	0.211	0.158	1.144	0.526	0.154	0.973	0.730	0.201	0.655	0.156	0.626	0.979	1.097	0.038	1.139	0.822	0.264	0.177	1.166	0.609	0.181	0.988	0.753	0.214	0.666	0.158	0.634	0.970	1.067	0.040	1.115	0.832	0.249	0.176	1.160	0.555	0.169	0.932	0.697	0.208	0.652	0.160	0.616	0.952	1.044	0.039
18:35:20	25.1	1.052	0.812	0.212	0.159	1.136	0.529	0.155	0.970	0.730	0.208	0.651	0.157	0.628	0.974	1.088	0.038	1.133	0.829	0.270	0.182	1.163	0.609	0.185	0.984	0.755	0.222	0.663	0.160	0.637	0.964	1.063	0.040	1.113	0.841	0.255	0.181	1.162	0.562	0.173	0.934	0.698	0.215	0.647	0.161	0.617	0.945	1.036	0.039
18:51:03	25.1	1.047	0.821	0.225	0.162	1.144	0.538	0.155	0.981	0.737	0.214	0.649	0.157	0.632	0.970	1.091	0.038	1.134	0.840	0.278	0.190	1.174	0.613	0.189	0.990	0.758	0.229	0.660	0.163	0.643	0.963	1.065	0.040	1.113	0.848	0.260	0.188	1.170	0.565	0.176	0.944	0.702	0.223	0.646	0.162	0.623	0.946	1.036	0.039
19:06:45	25.0	1.046	0.829	0.221	0.167	1.150	0.541	0.155	0.991	0.741	0.222	0.648	0.159	0.637	0.967	1.094	0.038	1.136	0.847	0.284	0.196	1.178	0.617	0.195	1.002	0.765	0.236	0.659	0.167	0.651	0.962	1.068	0.040	1.115	0.857	0.268	0.194	1.179	0.568	0.180	0.953	0.706	0.231	0.643	0.163	0.629	0.948	1.040	0.039
19:22:28	25.0	1.045	0.838	0.226	0.170	1.160	0.553	0.157	0.996	0.752	0.229	0.646	0.162	0.646	0.965	1.095	0.038	1.136	0.855	0.292	0.203	1.185	0.622	0.200	1.008	0.767	0.244	0.656	0.172	0.660	0.965	1.071	0.040	1.118	0.864	0.274	0.203	1.186	0.571	0.187	0.964	0.711	0.239	0.642	0.165	0.635	0.951	1.042	0.039
19:38:10	25.1	1.045	0.844	0.274	0.175	1.166	0.555	0.158	1.005	0.747	0.235	0.643	0.165	0.652	0.965	1.098	0.038	1.139	0.863	0.297	0.211	1.190	0.623	0.206	1.014	0.764	0.252	0.652	0.176	0.665	0.967	1.072	0.040	1.118	0.871	0.281	0.209	1.192	0.577	0.192	0.972	0.716	0.247	0.639	0.166	0.642	0.954	1.047	0.039
19:53:53	25.1	1.044	0.851	0.243	0.180	1.167	0.558	0.160	1.016	0.750	0.245	0.641	0.168	0.660	0.968	1.102	0.038	1.140	0.870	0.306	0.218	1.196	0.626	0.211	1.019	0.766	0.259	0.651	0.179	0.676	0.971	1.076	0.040	1.119	0.876	0.289	0.217	1.197	0.584	0.197	0.977	0.717	0.256	0.636	0.169	0.649	0.957	1.046	0.039
20:09:36	25.1	1.042	0.858	0.239	0.186	1.176	0.563	0.161	1.019	0.751	0.252	0.636	0.172	0.667	0.970	1.103	0.038	1.142	0.876	0.313	0.227	1.202	0.629	0.217	1.030	0.766	0.267	0.647	0.186	0.682	0.976	1.079	0.040	1.121	0.881	0.297	0.226	1.201	0.586	0.203	0.985	0.717	0.264	0.633	0.171	0.658	0.962	1.052	0.039
20:25:18	25.0	1.038	0.862	0.260	0.193	1.181	0.566	0.165	1.025	0.750	0.259	0.635	0.176	0.675	0.976	1.105	0.038	1.145	0.881	0.319	0.234	1.207	0.631	0.224	1.027	0.763	0.273	0.645	0.192	0.691	0.980	1.079	0.040	1.125	0.886	0.303	0.234	1.207	0.588	0.210	0.993	0.717	0.270	0.630	0.173	0.666	0.963	1.056	0.039
20:41:01	25.1	1.037	0.866	0.247	0.199	1.185	0.568	0.167	1.034	0.748	0.266	0.631	0.181	0.685	0.979	1.108	0.038	1.148	0.888	0.327	0.244	1.213	0.632	0.229	1.026	0.759	0.281	0.642	0.198	0.698	0.983	1.084	0.040	1.124	0.889	0.310	0.242	1.212	0.592	0.216	0.995	0.714	0.278	0.625	0.176	0.673	0.965	1.057	0.039
20:56:44	25.1	1.033	0.868	0.255	0.205	1.192	0.574	0.170	1.032	0.745	0.274	0.629	0.187	0.692	0.984	1.112	0.038	1.148	0.890	0.335	0.254	1.217	0.631	0.236	1.025	0.756	0.287	0.641	0.205	0.704	0.986	1.083	0.040	1.129	0.893	0.318	0.251	1.217	0.591	0.223	0.993	0.713	0.284	0.623	0.177	0.682	0.966	1.071	0.039
21:12:26	25.1	1.030	0.872	0.258	0.212	1.196	0.573	0.173	1.034	0.742	0.281	0.626	0.192	0.699	0.988	1.115	0.038	1.151	0.896	0.344	0.263	1.220	0.629	0.245	1.021	0.753	0.292	0.639	0.209	0.706	0.988	1.086	0.040	1.128	0.896	0.326	0.260	1.221	0.591	0.230	0.993	0.706	0.289	0.620	0.180	0.687	0.967	1.062	0.039
21:28:09	25.1	1.027	0.874	0.267	0.221	1.201	0.573	0.176	1.029	0.737	0.287	0.624	0.197	0.704	0.988	1.114	0.038	1.153	0.899	0.351	0.273	1.223	0.629	0.252	1.025	0.747	0.298	0.636	0.215	0.710	0.990	1.091	0.040	1.127	0.897	0.334	0.268	1.227	0.593	0.237	0.994	0.702	0.295	0.617	0.183	0.693	0.968	1.065	0.039
21:43:51	25.1	1.022	0.877	0.266	0.226	1.202	0.575	0.181	1.030	0.733	0.292	0.622	0.205	0.710	0.991	1.119	0.038	1.154	0.901	0.360	0.283	1.233	0.628	0.259	1.015	0.741	0.303	0.634	0.221	0.713	0.992	1.094	0.040	1.129	0.900	0.343	0.276	1.230	0.592	0.244	0.991	0.696	0.300	0.613	0.186	0.699	0.969	1.067	0.039
21:59:34	25.1	1.019	0.878	0.271	0.233	1.208	0.575	0.184	1.024	0.728	0.299	0.619	0.209	0.714	0.995	1.122	0.038	1.155	0.905	0.369	0.291	1.238	0.628	0.268	1.017	0.739	0.306	0.633	0.225	0.714	0.995	1.095	0.040	1.131	0.903	0.350	0.286	1.232	0.590	0.252	0.988	0.692	0.304	0.612	0.189	0.702	0.972	1.066	0.039
22:15:17	25.1	1.014	0.880	0.275	0.240	1.208	0.572	0.187	1.025	0.723	0.303	0.617	0.215	0.716	0.994	1.126	0.038	1.157	0.908	0.376	0.298	1.237	0.627	0.276	1.018	0.738	0.311	0.631	0.231	0.716	0.997	1.100	0.040	1.133	0.906	0.358	0.294	1.237	0.590	0.260	0.985	0.686	0.308	0.610	0.193	0.704	0.974	1.072	0.039
22:30:59	25.1	1.010	0.880	0.280	0.247	1.217	0.572	0.192	1.025	0.717	0.308	0.616	0.220	0.720	0.998	1.128	0.038	1.158	0.908	0.385	0.307	1.243	0.624	0.284	1.015	0.731	0.314	0.630	0.237	0.717	0.998	1.101	0.040	1.131	0.906	0.366	0.303	1.239	0.591	0.268	0.984	0.681	0.312	0.606	0.196	0.705	0.976	1.075	0.039
22:46:42	25.1	1.004	0.887	0.286	0.255	1.230	0.577	0.197	1.028	0.715	0.312	0.617	0.227	0.725	1.005	1.141	0.038	1.164	0.915	0.395	0.318	1.253	0.625	0.294	1.028	0.724	0.317	0.632	0.242	0.721	1.003	1.111	0.040	1.137	0.912	0.378	0.312	1.246	0.591	0.277	0.990	0.677	0.314	0.604	0.198	0.709	0.977	1.079	0.039
23:02:25	25.1	1.001	0.882	0.288	0.262	1.224	0.569	0.199	1.022	0.708	0.316	0.612	0.231	0.721	1.001	1.134	0.038	1.162	0.914	0.401	0.327	1.244	0.620	0.301	1.017	0.721	0.321	0.631	0.245	0.719	1.002	1.108	0.040	1.134	0.912	0.384	0.318	1.245	0.587	0.284	0.980	0.669	0.318	0.603	0.200	0.710	0.978	1.084	0.039
23:18:07	25.0	0.998	0.883	0.292	0.269	1.224	0.566	0.203	1.022	0.702	0.318	0.611	0.237	0.722	1.003	1.135	0.038	1.163	0.915	0.410	0.334	1.249	0.618	0.309	1.021	0.718	0.324	0.630	0.251	0.718	1.002	1.107	0.040	1.139	0.913	0.391	0.328	1.248	0.586	0.293	0.985	0.666	0.322	0.602	0.203	0.708	0.978	1.081	0.039
23:33:50	25.1	0.995	0.885	0.296	0.276	1.226	0.564	0.207	1.024	0.699	0.322	0.611	0.243	0.722	1.006	1.136	0.038	1.165	0.919	0.416	0.344	1.253	0.615	0.319	1.017	0.711	0.328	0.630	0.256	0.717	1.005	1.109	0.040	1.139	0.914	0.400	0.335	1.253	0.584	0.302	0.987	0.659	0.325	0.601	0.205	0.710	0.978	1.082	0.039
23:49:32	25.1	0.990	0.885	0.313	0.284	1.229	0.563	0.212	1.018	0.694	0.327	0.612	0.246	0.723	1.009	1.140	0.038	1.168	0.921	0.425	0.353	1.254	0.613	0.327	1.021	0.706	0.332	0.632	0.260	0.716	1.006	1.112	0.040	1.140	0.915	0.409	0.343	1.249	0.581	0.309	0.986	0.653	0.329	0.599	0.206	0.712	0.979	1.081	0.039
24:05:15	25.1	0.987	0.980	0.302	0.291	1.232	0.579	0.213	1.026	0.688	0.332	0.612	0.250	0.723	1.009	1.142	0.038	1.171	0.922	0.432	0.361	1.259	0.611	0.337	1.024	0.704	0.335	0.633	0.265	0.713	1.008	1.117	0.040	1.141	0.917	0.416	0.350	1.257	0.577	0.318	0.988	0.648	0.334	0.599	0.209	0.713	0.980	1.088	0.039
24:20:57	25.1	0.983	0.883	0.306	0.298	1.233	0.559	0.223	1.026	0.684	0.335	0.612	0.254	0.722	1.010	1.144	0.038	1.172	0.923	0.440	0.369	1.261	0.609	0.346	1.027	0.698	0.338	0.635	0.269	0.709	1.007	1.117	0.040	1.142	0.920	0.423	0.359	1.259	0.575	0.326	0.990	0.643	0.337	0.600	0.211	0.712	0.980	1.086	0.039
24:36:40	25.1	0.979	0.889	0.310	0.304	1.236	0.552	0.222	1.023	0.680	0.339	0.613	0.259	0.721	1.010	1.145	0.038	1.173	0.924	0.446	0.378	1.266	0.605	0.355	1.029	0.697	0.343	0.637	0.274	0.707	1.011	1.121	0.040	1.146	0.920	0.429	0.366	1.263	0.572	0.335	0.991	0.637	0.339	0.599	0.211	0.706	0.979	1.087	0.039
24:52:22	25.1	0.975	0.883	0.314	0.311	1.241	0.549	0.225	1.024	0.675	0.342	0.615	0.263	0.716	1.012	1.147	0.038	1.174	0.927	0.453	0.385	1.266	0.603	0.365	1.028	0.692	0.345	0.637	0.277	0.703	1.012	1.121	0.040	1.146	0.923	0.436	0.373	1.269	0.570	0.345	0.993	0.633	0.343	0.601	0.213	0.709	0.982	1.096	0.039
25:08:05	25.1	0.969	0.883	0.317	0.317	1.241	0.552	0.230	1.025	0.669	0.345	0.616	0.267	0.715	1.013	1.148	0.038	1.177	0.929	0.458	0.394	1.272	0.599	0.375	1.027	0.685	0.348	0.638	0.283	0.699	1.013	1.121	0.040	1.148	0.923	0.441	0.380	1.270	0.568	0.353	0.992	0.627	0.347	0.599	0.213	0.707	0.981	1.087	0.039
25:23:48	25.1	0.963	0.882	0.321	0.323	1.247	0.547	0.232	1.028	0.665	0.350	0.617	0.272	0.711	1.013	1.150	0.038	1.178	0.929	0.463	0.400	1.274	0.599	0.385	1.030	0.684	0.350	0.640	0.287	0.694	1.014	1.124	0.040	1.149	0.925	0.445	0.386	1.273	0.564	0.361	0.992	0.622	0.350	0.601	0.215	0.702	0.981	1.089	0.039
25:39:30	25.1	0.960	0.883	0.332	0.329	1.249	0.540	0.235	1.022	0.661	0.352	0.618	0.276	0.708	1.018	1.151	0.038	1.180	0.931	0.466	0.405	1.275	0.595	0.394	1.027	0.678	0.351	0.640	0.291	0.688	1.014	1.122	0.040	1.149	0.925	0.451	0.392	1.274	0.562	0.371	0.992	0.616	0.353	0.601	0.216	0.700	0.981	1.089	0.039
25:55:13	25.1	0.951	0.894	0.328	0.336	1.244	0.538	0.238	1.021	0.655	0.355	0.618	0.279	0.703	1.014	1.151	0.038	1.183	0.932	0.468	0.412	1.284	0.593	0.402	1.026	0.675	0.355	0.643	0.294	0.683	1.015	1.125	0.040	1.152	0.926	0.453	0.397	1.277	0.561	0.380	0.992	0.612	0.356	0.603	0.217	0.694	0.982	1.090	0.039
26:10:56	25.0	0.944	0.883	0.334	0.339	1.248	0.535	0.245	1.019	0.652	0.360	0.619	0.284	0.698	1.017	1.153	0.038	1.184	0.935	0.471	0.417	1.285	0.589	0.411	1.024	0.672	0.356	0.649	0.298	0.677	1.015	1.126	0.040	1.153	0.928	0.455	0.400	1.280	0.558	0.387	0.992	0.606	0.359	0.602	0.218	0.692	0.983	1.097	0.039
26:26:38	25.1	0.938	0.905	0.337	0.343	1.254	0.533	0.246	1.020	0.648	0.361	0.622	0.287	0.693	1.017	1.155	0.038	1.187	0.936	0.474	0.421	1.283	0.588	0.418	1.022	0.667	0.357	0.646	0.303	0.672	1.019	1.128	0.040	1.156	0.928	0.458	0.404	1.286	0.554	0.394	0.989	0.601	0.360	0.603	0.219	0.687	0.982	1.092	0.039
26:42:21	25.1	0.929	0.880	0.342	0.348	1.252	0.529	0.249	1.012	0.643	0.362	0.623	0.291	0.686	1.018	1.155	0.038	1.187	0.937	0.475	0.425	1.288	0.585	0.424	1.018	0.664	0.359	0.648	0.306	0.666	1.018	1.129	0.040	1.157	0.930	0.459	0.409	1.284	0.553	0.401	0.987	0.596	0.361	0.603	0.220	0.684	0.983	1.094	0.039
26:58:03	25.1	0.919	0.879	0.345	0.352	1.241	0.525	0.252	1.009	0.639	0.364	0.623	0.295	0.682	1.019	1.158	0.038	1.191	0.939	0.477	0.428	1.288	0.582	0.430	1.019	0.662	0.360	0.649	0.311	0.663	1.019	1.131	0.040	1.158	0.929	0.461	0.411	1.286	0.551	0.407	0.981	0.590	0.363	0.604	0.220	0.680	0.983	1.094	0.039
27:13:46	25.1	0.912	0.894	0.348	0.355	1.253	0.521	0.254	1.005	0.634	0.365	0.624	0.299	0.677	1.019	1.159	0.038	1.192	0.940	0.477	0.431	1.291	0.579	0.434	1.016	0.656	0.360	0.649	0.314	0.656	1.018	1.131	0.040	1.159	0.931	0.462	0.413	1.286	0.544	0.413	0.984	0.585	0.363	0.604	0.221	0.671	0.982	1.095	0.039
27:29:29	25.1	0.903	0.878	0.361	0.358	1.254	0.517	0.257	0.997	0.631	0.365	0.625	0.303	0.671	1.021	1.159	0.038	1.195	0.940	0.478	0.434	1.296	0.577	0.438	1.011	0.653	0.361	0.651	0.318	0.651	1.020	1.132	0.040	1.160	0.930	0.463	0.416	1.281	0.544	0.416	0.981	0.580	0.365	0.605	0.222	0.666	0.983	1.095	0.039
27:45:11	25.1	0.893	0.875	0.356	0.361	1.250	0.516	0.260	0.994	0.626	0.368	0.627	0.307	0.664	1.019	1.160	0.038	1.197	0.942	0.482	0.437	1.295	0.574	0.442	1.008	0.651	0.360	0.651	0.321	0.644	1.020	1.134	0.040	1.162	0.930	0.464	0.417	1.287	0.542	0.420	0.976	0.576	0.364	0.605	0.222	0.660	0.983	1.096	0.039
28:00:54	25.1	0.885	0.874	0.361	0.364	1.249	0.512	0.262	0.990	0.622	0.367	0.627	0.311	0.657	1.019	1.160	0.038	1.199	0.941	0.483	0.438	1.296	0.572	0.444	1.009	0.645	0.361	0.652	0.325	0.636	1.019	1.133	0.040	1.163	0.931	0.464	0.419	1.290	0.539	0.422	0.973	0.569	0.365	0.605	0.223	0.657	0.983	1.097	0.039
28:16:37	25.1	0.877	0.871	0.364	0.364	1.258	0.529	0.264	0.981	0.617	0.368	0.627	0.312	0.651	1.020	1.163	0.038	1.200	0.941	0.487	0.439	1.299	0.569	0.448	1.005	0.642	0.361	0.653	0.329	0.630	1.020	1.134	0.040	1.164	0.930	0.466	0.421	1.298	0.538	0.426	0.973	0.565	0.367	0.605	0.224	0.650	0.982	1.097	0.039
28:32:19	25.1	0.866	0.868	0.374	0.365	1.258	0.505	0.268	0.976	0.614	0.368	0.629	0.316	0.644	1.019	1.162	0.038	1.204	0.945	0.490	0.440	1.302	0.568	0.450	1.008	0.638	0.362	0.654	0.333	0.625	1.021	1.138	0.040	1.167	0.932	0.468	0.422	1.299	0.537	0.427	0.974	0.559	0.366	0.606	0.224	0.642	0.983	1.097	0.039
28:48:02	25.1	0.859	0.866	0.405	0.366	1.264	0.503	0.270	0.972	0.610	0.367	0.629	0.319	0.638	1.020	1.165	0.038	1.204	0.944	0.492	0.440	1.302	0.565	0.452	1.007	0.640	0.361	0.655	0.335	0.617	1.023	1.138	0.040	1.166	0.930	0.471	0.421	1.291	0.532	0.430	0.976	0.555	0.365	0.605	0.225	0.637	0.982	1.097	0.039
29:03:44	25.1	0.851	0.865	0.381	0.368	1.254	0.500	0.273	0.965	0.605	0.367	0.630	0.322	0.631	1.021	1.165	0.038	1.207	0.944	0.494	0.441	1.307	0.562	0.454	1.007	0.631	0.359	0.655	0.339	0.611	1.022	1.138	0.040	1.168	0.931	0.473	0.422	1.297	0.531	0.433	0.972	0.550	0.366	0.606	0.225	0.630	0.980	1.096	0.039
29:19:27	25.1	0.840	0.864	0.372	0.369	1.257	0.496	0.274	0.958	0.601	0.367	0.630	0.325	0.625	1.019	1.165	0.038	1.208	0.944	0.497	0.439	1.301	0.561	0.456	0.996	0.628	0.359	0.657	0.341	0.604	1.024	1.139	0.040	1.168	0.930	0.477	0.422	1.297	0.527	0.434	0.971	0.545	0.365	0.605	0.226	0.625	0.981	1.097	0.039
29:35:10	25.1	0.835	0.860	0.374	0.370	1.262	0.495	0.277	0.954	0.595	0.366	0.630	0.328	0.616	1.020	1.167	0.038	1.208	0.943	0.498	0.439	1.306	0.560	0.462	1.003	0.624	0.358	0.657	0.343	0.596	1.022	1.140	0.040	1.170	0.929	0.479	0.422	1.299	0.527	0.435	0.971	0.539	0.365	0.605	0.227	0.614	0.982	1.101	0.039
29:50:52	25.1	0.826	0.859	0.374	0.370	1.265	0.493	0.279	0.944	0.592	0.365	0.632	0.331	0.610	1.021	1.168	0.038	1.212	0.944	0.502	0.439	1.310	0.556	0.466	1.008	0.620	0.357	0.658	0.347	0.588	1.024	1.142	0.040	1.171	0.928	0.480	0.421	1.304	0.522	0.438	0.974	0.533	0.365	0.605	0.227	0.608	0.982	1.102	0.039
30:06:35	25.1	0.817	0.856	0.390	0.370	1.254	0.488	0.281	0.936	0.587	0.364	0.631	0.334	0.601	1.021	1.167	0.038	1.212	0.942	0.500	0.440	1.311	0.555	0.471	1.006	0.616	0.356	0.657	0.348	0.580	1.023	1.142	0.040	1.171	0.927	0.483	0.422	1.301	0.522	0.442	0.975	0.530	0.364	0.605	0.227	0.599	0.981	1.099	0.039
30:22:17	25.1	0.809	0.853	0.376	0.372	1.246	0.485	0.284	0.938	0.586	0.364	0.633	0.337	0.593	1.021	1.169	0.038	1.216	0.943	0.504	0.439	1.312	0.551	0.475	1.003	0.614	0.354	0.659	0.351	0.572	1.024	1.144	0.040	1.172	0.925	0.483	0.421	1.308	0.518	0.446	0.973	0.523	0.364	0.605	0.228	0.592	0.981	1.100	0.039
30:38:00	25.0	0.803	0.851	0.375	0.369	1.259	0.483	0.286	0.926	0.581	0.362	0.633	0.340	0.584	1.022	1.170	0.038	1.218	0.941	0.503	0.441	1.313	0.551	0.478	1.010	0.610	0.353	0.659	0.353	0.563	1.025	1.143	0.040	1.173	0.924	0.482	0.421	1.305	0.516	0.449	0.968	0.518	0.362	0.603	0.229	0.583	0.980	1.101	0.039
30:53:43	25.1	0.794	0.848	0.375	0.369	1.259	0.479	0.289	0.924	0.578	0.361	0.632	0.342	0.576	1.019	1.172	0.038	1.219	0.941	0.505	0.442	1.314	0.548	0.482	1.011	0.608	0.352	0.660	0.356	0.554	1.025	1.146	0.040	1.182	0.923	0.485	0.421	1.304	0.516	0.452	0.971	0.513	0.364	0.604	0.228	0.575	0.981	1.101	0.039
31:09:25	25.1	0.790	0.847	0.375	0.369	1.259	0.476	0.291	0.915	0.573	0.359	0.632	0.343	0.567	1.021	1.169	0.038	1.220	0.940	0.504	0.442	1.310	0.545	0.485	1.008	0.603	0.350	0.659	0.356	0.544	1.025	1.145	0.040	1.176	0.923	0.485	0.421	1.302	0.515	0.455	0.975	0.508	0.361	0.603	0.229	0.566	0.981	1.097	0.039
31:25:08	25.1	0.783	0.843	0.375	0.367	1.260	0.472	0.293	0.908	0.571	0.357	0.632	0.346	0.558	1.019	1.169	0.038	1.222	0.940	0.502	0.444	1.308	0.544	0.489	1.008	0.604	0.351	0.660	0.358	0.535	1.026	1.149	0.040	1.177	0.921	0.485	0.423	1.299	0.512	0.458	0.972	0.503	0.361	0.604	0.229	0.556	0.980	1.098	0.039
31:40:51	25.1	0.778	0.842	0.386	0.367	1.257	0.470	0.297	0.904	0.566	0.356	0.632	0.347	0.549	1.019	1.168	0.038	1.223	0.938	0.501	0.445	1.307	0.542	0.489	1.013	0.598	0.349	0.662	0.358	0.525	1.026	1.147	0.040	1.177	0.920	0.484	0.424	1.294	0.509	0.461	0.972	0.498	0.361	0.602	0.230	0.548	0.980	1.098	0.039
31:56:33	25.1	0.774	0.838	0.376	0.366	1.261	0.468	0.298	0.894	0.562	0.355	0.632	0.350	0.538	1.021	1.172	0.038	1.225	0.937	0.501	0.446	1.303	0.540	0.489	1.011	0.592	0.347	0.661	0.359	0.516	1.027	1.147	0.040	1.178	0.917	0.484	0.424	1.292	0.508	0.462	0.974	0.490	0.360	0.602	0.229	0.539	0.979	1.099	0.039
32:12:16	25.1	0.768	0.837	0.374	0.364	1.255	0.465	0.301	0.889	0.559	0.354	0.634	0.351	0.529	1.022	1.172	0.038	1.227	0.936	0.500	0.446	1.298	0.537	0.490	1.008	0.591	0.347	0.661	0.359	0.506	1.027	1.149	0.040	1.178	0.915	0.482	0.426	1.285	0.506	0.462	0.973	0.484	0.359	0.601	0.230	0.529	0.979	1.095	0.039
32:27:59	25.1	0.764	0.832	0.372	0.364	1.252	0.462	0.304	0.883	0.555	0.353	0.633	0.351	0.519	1.020	1.173	0.038	1.227	0.933	0.499	0.448	1.289	0.536	0.491	1.008	0.587	0.345	0.662	0.359	0.496	1.029	1.151	0.040	1.180	0.913	0.483	0.426	1.282	0.507	0.464	0.981	0.479	0.358	0.600	0.230	0.518	0.979	1.098	0.039
32:43:41	25.1	0.761	0.829	0.370	0.361	1.248	0.458	0.304	0.878	0.551	0.351	0.632	0.352	0.510	1.022	1.175	0.038	1.229	0.933	0.499	0.450	1.288	0.534	0.490	1.013	0.585	0.345	0.662	0.359	0.486	1.028	1.151	0.040	1.181	0.912	0.482	0.427	1.275	0.503	0.463	0.977	0.473	0.359	0.599	0.231	0.509	0.977	1.097	0.039
32:59:24	25.1	0.757	0.826	0.370	0.361	1.237	0.458	0.308	0.870	0.547	0.350	0.633	0.353	0.500	1.023	1.174	0.038	1.231	0.931	0.498	0.449	1.279	0.534	0.490	1.017	0.581	0.341	0.662	0.358	0.477	1.029	1.150	0.040	1.179	0.910	0.480	0.427	1.267	0.501	0.462	0.976	0.468	0.358	0.598	0.231	0.499	0.978	1.091	0.039
33:15:07	25.1	0.754	0.821	0.369	0.360	1.236	0.454	0.309	0.866	0.544	0.349	0.632	0.353	0.490	1.020	1.172	0.038	1.232	0.929	0.497	0.450	1.275	0.533	0.491	1.020	0.577	0.342	0.663	0.358	0.467	1.029	1.152	0.040	1.179	0.906	0.479	0.428	1.263	0.502	0.463	0.978	0.461	0.358	0.598	0.231	0.490	0.978	1.090	0.039
33:30:49	25.1	0.750	0.821	0.367	0.358	1.225	0.449	0.311	0.858	0.541	0.347	0.633	0.353	0.480	1.022	1.172	0.038	1.234	0.928	0.495	0.450	1.271	0.532	0.490	1.020	0.577	0.342	0.663	0.358	0.459	1.029	1.153	0.040	1.180	0.904	0.477	0.428	1.258	0.501	0.465	0.984	0.455	0.358	0.598	0.230	0.480	0.978	1.095	0.040
33:46:32	25.1	0.746	0.818	0.366	0.357	1.216	0.448	0.313	0.852	0.538	0.345	0.634	0.354	0.471	1.023	1.177	0.038	1.235	0.925	0.493	0.450	1.265	0.530	0.489	1.019	0.573	0.339	0.663	0.356	0.451	1.030	1.154	0.040	1.181	0.902	0.476	0.428	1.252	0.497	0.463	0.981	0.449	0.356	0.597	0.232	0.470	0.978	1.096	0.040
34:02:14	25.1	0.744	0.813	0.369	0.357	1.213	0.446	0.317	0.848	0.534	0.345	0.634	0.354	0.462	1.025	1.177	0.038	1.236	0.924	0.492	0.450	1.261	0.529	0.488	1.019	0.569	0.338	0.664	0.356	0.442	1.032	1.154	0.040	1.182	0.900	0.476	0.427	1.247	0.495	0.462	0.987	0.443	0.357	0.595	0.231	0.461	0.977	1.091	0.040
34:17:57	25.1	0.740	0.811	0.363	0.354	1.200	0.442	0.317	0.840	0.531	0.343	0.632	0.352	0.452	1.022	1.175	0.038	1.236	0.921	0.490	0.450	1.255	0.528	0.488	1.022	0.565	0.337	0.665	0.353	0.434	1.032	1.156	0.040	1.183	0.897	0.474	0.426	1.241	0.496	0.462	0.983	0.436	0.356	0.596	0.232	0.452	0.979	1.096	0.040
34:33:40	25.1	0.738	0.808	0.367	0.353	1.189	0.439	0.318	0.836	0.526	0.342	0.632	0.352	0.443	1.024	1.176	0.038	1.237	0.919	0.488	0.449	1.250	0.527	0.485	1.027	0.563	0.334	0.665	0.352	0.425	1.032	1.155	0.039	1.181	0.894	0.471	0.425	1.234	0.495	0.462	0.986	0.432	0.355	0.594	0.232	0.442	0.977	1.092	0.040
34:49:22	25.1	0.735	0.802	0.362	0.351	1.189	0.436	0.320	0.829	0.523	0.341	0.633	0.352	0.435	1.023	1.177	0.038	1.238	0.917	0.488	0.447	1.245	0.524	0.484	1.021	0.560	0.334	0.664	0.351	0.418	1.032	1.156	0.040	1.182	0.891	0.471	0.425	1.228	0.491	0.459	0.985	0.426	0.355	0.592	0.231	0.434	0.976	1.092	0.040
35:05:05	25.1	0.732	0.799	0.361	0.350	1.179	0.433	0.321	0.825	0.520	0.340	0.632	0.350	0.427	1.022	1.175	0.038	1.239	0.914	0.486	0.448	1.241	0.524	0.483	1.028	0.559	0.332	0.666	0.351	0.411	1.033	1.157	0.039	1.182	0.889	0.469	0.424	1.228	0.490	0.458	0.987	0.420	0.355	0.593	0.233	0.426	0.977	1.083	0.041
35:20:47	25.1	0.730	0.794	0.359	0.349	1.166	0.431	0.322	0.818	0.517	0.339	0.632	0.349	0.419	1.022	1.175	0.038	1.239	0.912	0.485	0.447	1.236	0.524	0.483	1.026	0.555	0.332	0.667	0.349	0.404	1.036	1.159	0.040	1.183	0.887	0.468	0.425	1.220	0.488	0.456	0.988	0.415	0.353	0.591	0.233	0.417	0.977	1.088	0.041
35:36:30	25.0	0.728	0.785	0.359	0.348	1.155	0.428	0.322	0.814	0.514	0.336	0.631	0.348	0.412	1.024	1.176	0.038	1.240	0.909	0.483	0.445	1.232	0.522	0.481	1.027	0.553	0.330	0.665	0.346	0.398	1.034	1.158	0.040	1.182	0.883	0.465	0.422	1.213	0.489	0.456	0.991	0.409	0.354	0.590	0.232	0.409	0.977	1.090	0.042
35:52:12	25.1	0.724	0.781	0.358	0.347	1.158	0.427	0.324	0.810	0.511	0.335	0.632	0.346	0.406	1.024	1.179	0.038	1.241	0.907	0.479	0.444	1.229	0.522	0.479	1.026	0.552	0.329	0.666	0.346	0.392	1.036	1.161	0.040	1.182	0.881	0.464	0.420	1.209	0.487	0.455	0.992	0.405	0.354	0.589	0.232	0.402	0.976	1.082	0.042
36:07:55	25.0	0.722	0.776	0.360	0.346	1.155	0.424	0.322	0.807	0.506	0.335	0.633	0.346	0.399	1.026	1.180	0.038	1.242	0.904	0.479	0.442	1.222	0.520	0.477	1.024	0.547	0.327	0.666	0.345	0.388	1.035	1.159	0.039	1.182	0.880	0.463	0.421	1.204	0.485	0.453	0.988	0.401	0.352	0.589	0.232	0.395	0.975	1.083	0.043
36:23:38	25.1	0.719	0.767	0.364	0.344	1.141	0.421	0.322	0.801	0.503	0.332	0.633	0.345	0.392	1.025	1.178	0.038	1.242	0.902	0.477	0.441	1.219	0.519	0.476	1.031	0.544	0.325	0.666	0.343	0.382	1.037	1.160	0.040	1.182	0.875	0.460	0.418	1.200	0.484	0.452	0.990	0.395	0.353	0.588	0.233	0.391	0.975	1.083	0.044
36:39:20	25.1	0.717	0.763	0.354	0.343	1.137	0.419	0.322	0.795	0.501	0.332	0.633	0.342	0.388	1.025	1.180	0.038	1.243	0.899	0.474	0.439	1.216	0.517	0.476	1.038	0.542	0.324	0.669	0.343	0.380	1.037	1.161	0.040	1.181	0.873	0.459	0.417	1.195	0.484	0.450	0.993	0.392	0.353	0.586	0.233	0.385	0.974	1.077	0.045
36:55:03	25.1	0.715	0.757	0.351	0.341	1.127	0.417	0.320	0.792	0.497	0.330	0.632	0.341	0.381	1.026	1.176	0.038	1.243	0.896	0.472	0.438	1.208	0.518	0.474	1.025	0.541	0.322	0.668	0.341	0.375	1.038	1.162	0.040	1.181	0.872	0.456	0.416	1.192	0.481	0.450	0.997	0.387	0.354	0.585	0.232	0.378	0.974	1.079	0.046
37:10:46	25.1	0.711	0.749	0.352	0.340	1.119	0.414	0.320	0.787	0.494	0.329	0.633	0.340	0.377	1.028	1.181	0.038	1.244	0.894	0.471	0.437	1.208	0.516	0.469	1.036	0.546	0.320	0.668	0.341	0.371	1.040	1.162	0.040	1.181	0.867	0.453	0.414	1.188	0.480	0.447	0.991	0.383	0.350	0.585	0.232	0.372	0.974	1.074	0.047
37:26:28	25.1	0.709	0.743	0.349	0.338	1.114	0.412	0.318	0.783	0.491	0.328	0.633	0.338	0.373	1.026	1.182	0.038	1.244	0.892	0.470	0.436	1.202	0.516	0.468	1.022	0.534	0.319	0.669	0.341	0.369	1.039	1.164	0.040	1.179	0.866	0.452	0.413	1.182	0.481	0.445	0.994	0.379	0.350	0.584	0.233	0.369	0.973	1.069	0.049
37:42:11	25.1	0.706	0.734	0.347	0.336	1.106	0.410	0.318	0.782	0.488	0.326	0.634	0.336	0.370	1.029	1.179	0.038	1.244	0.889	0.468	0.433	1.198	0.514	0.466	1.023	0.533	0.318	0.669	0.340	0.366	1.040	1.164	0.040	1.179	0.863	0.450	0.411	1.177	0.477	0.443	0.994	0.374	0.351	0.582	0.233	0.362	0.973	1.067	0.051
37:57:54	25.1	0.703	0.730	0.344	0.334	1.098	0.407	0.316	0.779	0.484	0.324	0.633	0.336	0.366	1.029	1.182	0.038	1.243	0.887	0.466	0.432	1.194	0.513	0.463	1.021	0.530	0.315	0.668	0.338	0.364	1.040	1.163	0.040	1.178	0.858	0.448	0.410	1.173	0.479	0.440	0.991	0.370	0.352	0.581	0.233	0.358	0.972	1.065	0.052
38:13:36	25.1	0.700	0.721	0.342	0.332	1.089	0.405	0.314	0.773	0.481	0.323	0.632	0.334	0.363	1.028	1.182	0.038	1.243	0.884	0.463	0.429	1.189	0.512	0.462	1.023	0.529	0.314	0.670	0.337	0.361	1.040	1.163	0.040	1.176	0.856	0.446	0.408	1.169	0.475	0.439	0.985	0.367	0.349	0.580	0.233	0.354	0.973	1.062	0.055
38:29:19	25.1	0.698	0.716	0.339	0.327	1.084	0.401	0.314	0.769	0.479	0.321	0.634	0.333	0.363	1.034	1.190	0.038	1.248	0.885	0.464	0.430	1.198	0.517	0.461	1.028	0.526	0.313	0.671	0.337	0.364	1.046	1.170	0.040	1.177	0.857	0.446	0.408	1.170	0.477	0.440	0.983	0.364	0.351	0.579	0.233	0.353	0.972	1.058	0.058
38:45:02	25.0	0.695	0.708	0.337	0.328	1.068	0.398	0.311	0.756	0.475	0.320	0.632	0.332	0.358	1.028	1.181	0.038	1.244	0.878	0.460	0.425	1.183	0.510	0.457	1.016	0.521	0.312	0.670	0.335	0.357	1.041	1.164	0.039	1.176	0.851	0.442	0.404	1.161	0.474	0.436	0.974	0.361	0.351	0.577	0.233	0.349	0.971	1.058	0.062
39:00:44	25.1	0.692	0.701	0.335	0.326	1.064	0.395	0.310	0.750	0.472	0.318	0.632	0.329	0.357	1.031	1.181	0.038	1.244	0.876	0.457	0.424	1.179	0.509	0.454	1.009	0.522	0.310	0.670	0.333	0.359	1.042	1.165	0.040	1.173	0.849	0.440	0.403	1.155	0.473	0.433	0.980	0.358	0.349	0.576	0.233	0.343	0.970	1.053	0.066
39:16:27	25.1	0.689	0.694	0.332	0.323	1.058	0.393	0.307	0.745	0.470	0.317	0.631	0.328	0.355	1.029	1.186	0.038	1.243	0.873	0.455	0.422	1.174	0.508	0.452	1.005	0.519	0.309	0.669	0.333	0.358	1.042	1.164	0.039	1.172	0.844	0.436	0.400	1.151	0.472	0.430	0.985	0.354	0.349	0.575	0.233	0.342	0.970	1.050	0.071
39:32:10	25.1	0.685	0.686	0.328	0.322	1.051	0.390	0.304	0.742	0.467	0.315	0.631	0.327	0.353	1.030	1.181	0.038	1.242	0.871	0.453	0.420	1.170	0.510	0.449	0.997	0.515	0.307	0.670	0.331	0.357	1.043	1.166	0.040	1.170	0.843	0.435	0.399	1.147	0.472	0.428	0.977	0.352	0.346	0.573	0.233	0.342	0.969	1.043	0.077
39:47:53	25.1	0.683	0.684	0.324	0.318	1.045	0.389	0.302	0.740	0.464	0.313	0.634	0.326	0.355	1.033	1.188	0.038	1.246	0.873	0.453	0.420	1.175	0.512	0.449	1.008	0.519	0.306	0.673	0.330	0.359	1.047	1.173	0.040	1.172	0.843	0.435	0.399	1.150	0.475	0.430	0.977	0.348	0.348	0.573	0.233	0.340	0.968	1.042	0.083
40:03:35	25.1	0.678	0.671	0.321	0.317	1.032	0.384	0.300	0.731	0.461	0.312	0.633	0.326	0.353	1.031	1.182	0.038	1.243	0.866	0.449	0.417	1.161	0.507	0.445	0.993	0.511	0.304	0.671	0.329	0.357	1.045	1.165	0.040	1.168	0.836	0.430	0.397	1.140	0.471	0.424	0.967	0.345	0.346	0.571	0.233	0.338	0.968	1.041	0.089
40:19:18	25.1	0.675	0.664	0.320	0.314	1.022	0.381	0.297	0.722	0.457	0.310	0.632	0.323	0.349	1.030	1.181	0.038	1.242	0.864	0.447	0.415	1.158	0.506	0.441	0.990	0.511	0.304	0.671	0.327	0.357	1.045	1.169	0.040	1.166	0.836	0.428	0.394	1.135	0.469	0.422	0.962	0.342	0.346	0.570	0.233	0.336	0.966	1.034	0.097
40:35:01	25.1	0.672	0.656	0.315	0.312	1.017	0.378	0.294	0.713	0.455	0.308	0.632	0.324	0.349	1.032	1.179	0.038	1.241	0.862	0.444	0.414	1.153	0.504	0.440	0.988	0.507	0.302	0.671	0.326	0.358	1.047	1.167	0.039	1.164	0.833	0.425	0.391	1.131	0.467	0.419	0.964	0.339	0.345	0.568	0.232	0.335	0.966	1.029	0.106
40:50:43	25.1	0.669	0.649	0.313	0.310	1.005	0.373	0.291	0.705	0.452	0.307	0.634	0.322	0.355	1.031	1.182	0.038	1.241	0.860	0.442	0.411	1.152	0.504	0.437	0.985	0.506	0.301	0.672	0.324	0.360	1.047	1.171	0.039	1.163	0.831	0.424	0.390	1.126	0.466	0.417	0.954	0.336	0.344	0.566	0.233	0.331	0.964	1.026	0.118
41:06:26	25.1	0.666	0.645	0.311	0.307	0.994	0.370	0.290	0.699	0.448	0.305	0.631	0.320	0.352	1.031	1.181	0.038	1.238	0.857	0.440	0.410	1.149	0.503	0.434	0.982	0.504	0.300	0.672	0.322	0.358	1.047	1.170	0.039	1.161	0.827	0.422	0.389	1.122	0.467	0.415	0.953	0.334	0.345	0.565	0.233	0.329	0.963	1.021	0.129
41:22:09	25.1	0.661	0.650	0.308	0.304	0.988	0.368	0.288	0.690	0.444	0.304	0.633	0.319	0.353	1.032	1.182	0.038	1.232	0.856	0.438	0.408	1.144	0.502	0.432	0.977	0.503	0.299	0.673	0.320	0.360	1.047	1.167	0.040	1.159	0.825	0.421	0.387	1.119	0.465	0.412	0.952	0.331	0.343	0.563	0.232	0.329	0.962	1.015	0.137
41:37:51	25.1	0.658	0.633	0.304	0.303	0.980	0.366	0.286	0.684	0.444	0.303	0.631	0.317	0.354	1.031	1.182	0.038	1.227	0.853	0.435	0.406	1.140	0.501	0.429	0.974	0.500	0.297	0.672	0.320	0.364	1.047	1.169	0.039	1.155	0.823	0.418	0.385	1.113	0.464	0.410	0.948	0.328	0.341	0.561	0.232	0.329	0.960	1.014	0.143
41:53:34	25.1	0.653	0.628	0.302	0.299	0.971	0.362	0.284	0.676	0.440	0.301	0.631	0.317	0.354	1.033	1.180	0.038	1.221	0.851	0.435	0.404	1.139	0.500	0.427	0.969	0.498	0.296	0.673	0.317	0.360	1.048	1.169	0.040	1.148	0.822	0.416	0.383	1.110	0.465	0.408	0.944	0.326	0.342	0.561	0.232	0.328	0.960	1.007	0.147
42:09:16	25.1	0.647	0.623	0.299	0.297	0.962	0.361	0.283	0.670	0.437	0.300	0.631	0.315	0.354	1.033	1.183	0.038	1.215	0.849	0.432	0.402	1.133	0.500	0.424	0.966	0.495	0.295	0.672	0.316	0.363	1.049	1.165	0.039	1.141	0.818	0.414	0.381	1.107	0.464	0.405	0.941	0.323	0.341	0.558	0.231	0.329	0.959	0.999	0.149
42:24:59	25.1	0.640	0.617	0.297	0.296	0.953	0.356	0.280	0.664	0.434	0.298	0.631	0.314	0.355	1.029	1.180	0.038	1.208	0.847	0.430	0.401	1.130	0.500	0.423	0.964	0.499	0.294	0.674	0.314	0.363	1.050	1.165	0.040	1.134	0.817	0.412	0.380	1.102	0.464	0.403	0.939	0.322	0.336	0.556	0.233	0.326	0.957	0.989	0.150
42:40:41	25.1	0.631	0.613	0.293	0.293	0.941	0.355	0.278	0.659	0.432	0.297	0.630	0.312	0.355	1.034	1.179	0.038	1.201	0.844	0.429	0.398	1.128	0.499	0.421	0.960	0.492	0.292	0.673	0.313	0.363	1.050	1.163	0.040	1.127	0.814	0.412	0.378	1.099	0.463	0.401	0.934	0.318	0.336	0.555	0.232	0.324	0.957	0.982	0.153
42:56:24	25.1	0.625	0.606	0.292	0.291	0.934	0.350	0.276	0.652	0.429	0.296	0.631	0.311	0.351	1.034	1.174	0.038	1.198	0.842	0.427	0.397	1.125	0.501	0.419	0.955	0.490	0.291	0.674	0.313	0.361	1.052	1.162	0.039	1.120	0.813	0.408	0.376	1.095	0.463	0.398	0.929	0.318	0.333	0.553	0.231	0.328	0.955	0.976	0.156
43:12:07	25.1	0.617	0.602	0.290	0.289	0.925	0.349	0.274	0.643	0.426	0.294	0.629	0.309	0.352	1.032	1.172	0.038	1.192	0.840	0.425	0.395	1.121	0.498	0.417	0.953	0.491	0.290	0.675	0.311	0.368	1.052	1.164	0.040	1.113	0.811	0.407	0.375	1.091	0.461	0.397	0.925	0.314	0.333	0.552	0.233	0.324	0.953	0.974	0.159
43:27:49	25.1	0.611	0.595	0.285	0.287	0.911	0.347	0.272	0.636	0.423	0.293	0.632	0.309	0.355	1.036	1.173	0.038	1.186	0.839	0.424	0.393	1.115	0.498	0.415	0.950	0.484	0.289	0.674	0.310	0.364	1.051	1.160	0.040	1.106	0.808	0.405	0.373	1.084	0.462	0.394	0.923	0.313	0.333	0.550	0.231	0.323	0.951	0.964	0.162
43:43:32	25.1	0.603	0.593	0.282	0.284	0.904	0.343	0.270	0.630	0.420	0.291	0.630	0.306	0.354	1.033	1.168	0.038	1.180	0.838	0.422	0.392	1.115	0.499	0.412	0.944	0.484	0.288	0.676	0.308	0.375	1.053	1.163	0.039	1.098	0.806	0.404	0.372	1.083	0.461	0.392	0.917	0.311	0.330	0.548	0.230	0.325	0.949	0.967	0.165
43:59:15	25.1	0.597	0.586	0.280	0.282	0.897	0.342	0.268	0.625	0.417	0.290	0.630	0.306	0.359	1.033	1.170	0.038	1.175	0.835	0.420	0.391	1.109	0.497	0.410	0.941	0.483	0.287	0.675	0.306	0.367	1.054	1.163	0.040	1.092	0.805	0.402	0.369	1.078	0.460	0.391	0.913	0.308	0.327	0.545	0.230	0.325	0.947	0.945	0.170
44:14:58	25.1	0.594	0.585	0.279	0.280	0.889	0.339	0.265	0.616	0.417	0.289	0.632	0.304	0.363	1.039	1.176	0.038	1.172	0.838	0.421	0.390	1.118	0.501	0.410	0.943	0.481	0.286	0.678	0.304	0.374	1.056	1.166	0.040	1.087	0.804	0.401	0.371	1.079	0.462	0.392	0.911	0.306	0.324	0.544	0.229	0.321	0.945	0.942	0.173
44:30:40	25.0	0.583	0.578	0.275	0.278	0.875	0.337	0.263	0.611	0.411	0.287	0.629	0.303	0.360	1.033	1.169	0.038	1.162	0.831	0.418	0.387	1.103	0.498	0.407	0.933	0.480	0.285	0.677	0.304	0.374	1.054	1.161	0.039	1.077	0.802	0.400	0.367	1.069	0.459	0.386	0.905	0.305	0.323	0.542	0.229	0.324	0.944	0.937	0.178
44:46:23	25.1	0.576	0.573	0.273	0.275	0.865	0.336	0.261	0.605	0.411	0.287	0.630	0.301	0.361	1.038	1.170	0.038	1.158	0.830	0.414	0.385	1.098	0.497	0.404	0.926	0.476	0.284	0.675	0.302	0.370	1.054	1.162	0.039	1.070	0.798	0.397	0.365	1.064	0.458	0.385	0.902	0.302	0.323	0.539	0.228	0.323	0.942	0.929	0.182
45:02:06	25.1	0.568	0.570	0.270	0.273	0.855	0.333	0.259	0.599	0.408	0.286	0.629	0.300	0.366	1.037	1.168	0.038	1.152	0.828	0.414	0.384	1.097	0.497	0.402	0.920	0.476	0.282	0.677	0.301	0.375	1.054	1.157	0.039	1.063	0.797	0.395	0.364	1.056	0.458	0.382	0.899	0.300	0.319	0.537	0.229	0.321	0.939	0.920	0.186
45:17:48	25.1	0.563	0.566	0.266	0.271	0.844	0.332	0.256	0.592	0.405	0.284	0.628	0.298	0.364	1.037	1.167	0.038	1.146	0.827	0.412	0.383	1.091	0.496	0.399	0.917	0.474	0.283	0.677	0.300	0.378	1.055	1.155	0.039	1.054	0.796	0.394	0.362	1.054	0.457	0.381	0.892	0.299	0.315	0.534	0.229	0.322	0.937	0.908	0.190
45:33:31	25.1	0.550	0.563	0.265	0.268	0.833	0.329	0.255	0.586	0.403	0.283	0.629	0.297	0.360	1.036	1.164	0.038	1.140	0.824	0.409	0.380	1.089	0.498	0.398	0.912	0.473	0.281	0.677	0.299	0.383	1.057	1.150	0.039	1.048	0.794	0.391	0.360	1.049	0.459	0.378	0.887	0.297	0.314	0.531	0.228	0.321	0.934	0.898	0.195
45:49:14	25.1	0.541	0.561	0.261	0.267	0.823	0.328	0.253	0.579	0.399	0.282	0.629	0.296	0.366	1.036	1.161	0.038	1.134	0.824	0.409	0.378	1.085	0.497	0.396	0.906	0.469	0.280	0.676	0.297	0.382	1.058	1.144	0.040	1.039	0.791	0.390	0.359	1.043	0.457	0.377	0.882	0.295	0.311	0.529	0.227	0.322	0.930	0.886	0.200
46:04:56	25.1	0.532	0.557	0.260	0.265	0.811	0.324	0.250	0.576	0.396	0.281	0.627	0.293	0.373	1.034	1.154	0.038	1.127	0.821	0.407	0.377	1.081	0.496	0.395	0.902	0.469	0.279	0.677	0.296	0.380	1.057	1.138	0.039	1.032	0.789	0.389	0.357	1.039	0.456	0.376	0.877	0.293	0.307	0.526	0.227	0.321	0.929	0.876	0.204
46:20:39	25.1	0.522	0.552	0.257	0.262	0.806	0.323	0.249	0.566	0.392	0.279	0.628	0.293	0.373	1.036	1.150	0.038	1.123	0.819	0.405	0.376	1.076	0.495	0.393	0.898	0.467	0.277	0.677	0.296	0.383	1.057	1.134	0.039	1.023	0.788	0.386	0.355	1.032	0.456	0.375	0.874	0.292	0.306	0.524	0.227	0.320	0.924	0.866	0.211
46:36:21	25.1	0.516	0.549	0.255	0.261	0.794	0.322	0.247	0.561	0.389	0.278	0.627	0.292	0.376	1.035	1.141	0.038	1.118	0.820	0.405	0.375	1.071	0.496	0.392	0.894	0.466	0.276	0.678	0.294	0.384	1.057	1.131	0.039	1.018	0.786	0.384	0.354	1.024	0.456	0.373	0.868	0.289	0.302	0.522	0.225	0.321	0.921	0.856	0.216
46:52:04	25.1	0.506	0.547	0.252	0.259	0.785	0.320	0.245	0.553	0.386	0.277	0.627	0.290	0.373	1.037	1.138	0.038	1.111	0.819	0.402	0.372	1.069	0.497	0.390	0.890	0.464	0.275	0.677	0.292	0.385	1.058	1.126	0.039	1.010	0.785	0.383	0.353	1.020	0.456	0.371	0.865	0.286	0.300	0.518	0.225	0.319	0.917	0.847	0.220
47:07:46	25.1	0.498	0.544	0.249	0.257	0.774	0.318	0.242	0.547	0.383	0.275	0.627	0.289	0.377	1.036	1.133	0.038	1.107	0.817	0.401	0.371	1.063	0.496	0.388	0.886	0.461	0.274	0.678	0.292	0.385	1.058	1.123	0.039	1.003	0.784	0.382	0.352	1.012	0.455	0.370	0.861	0.286	0.300	0.516	0.224	0.320	0.915	0.837	0.224
47:23:29	25.1	0.486	0.541	0.248	0.254	0.762	0.316	0.241	0.542	0.380	0.275	0.628	0.289	0.377	1.035	1.131	0.038	1.101	0.815	0.399	0.369	1.057	0.496	0.387	0.882	0.459	0.274	0.677	0.290	0.396	1.058	1.119	0.039	0.996	0.782	0.380	0.350	1.006	0.456	0.368	0.854	0.285	0.296	0.513	0.223	0.319	0.910	0.830	0.233
47:39:12	25.1	0.478	0.540	0.246	0.253	0.754	0.316	0.239	0.536	0.377	0.273	0.627	0.287	0.376	1.038	1.124	0.038	1.096	0.814	0.398	0.368	1.055	0.496	0.385	0.877	0.460	0.272	0.678	0.290	0.388	1.058	1.116	0.039	0.989	0.781	0.379	0.349	1.000	0.456	0.366	0.852	0.283	0.293	0.510	0.223	0.318	0.907	0.821	0.238
47:54:54	25.1	0.470	0.536	0.243	0.250	0.745	0.314	0.236	0.529	0.374	0.272	0.626	0.286	0.377	1.035	1.117	0.038	1.091	0.815	0.398	0.366	1.049	0.496	0.384	0.872	0.457	0.272	0.679	0.289	0.397	1.059	1.113	0.039	0.983	0.780	0.379	0.346	0.994	0.455	0.364	0.847	0.285	0.292	0.507	0.223	0.310	0.902	0.813	0.245
48:10:37	25.1	0.459	0.531	0.242	0.248	0.735	0.311	0.235	0.526	0.371	0.271	0.626	0.284	0.386	1.035	1.115	0.038	1.088	0.814	0.395	0.366	1.043	0.496	0.383	0.870	0.457	0.271	0.678	0.287	0.393	1.060	1.109	0.040	0.975	0.779	0.376	0.345	0.985	0.453	0.362	0.842	0.279	0.290	0.504	0.221	0.320	0.899	0.805	0.250
48:26:19	25.0	0.449	0.529	0.240	0.246	0.726	0.309	0.233	0.516	0.368	0.271	0.625	0.284	0.388	1.034	1.110	0.038	1.083	0.812	0.393	0.363	1.039	0.495	0.380	0.866	0.454	0.269	0.678	0.285	0.396	1.060	1.105	0.039	0.969	0.777	0.375	0.344	0.978	0.453	0.361	0.838	0.277	0.287	0.502	0.222	0.318	0.894	0.798	0.257
48:42:02	25.1	0.440	0.527	0.238	0.243	0.719	0.307	0.232	0.511	0.365	0.269	0.624	0.282	0.375	1.033	1.103	0.038	1.078	0.810	0.391	0.362	1.034	0.497	0.379	0.864	0.453	0.270	0.679	0.285	0.395	1.060	1.102	0.040	0.963	0.776	0.372	0.343	0.971	0.454	0.361	0.832	0.275	0.286	0.498	0.219	0.314	0.890	0.789	0.258
48:57:45	25.1	0.432	0.525	0.236	0.243	0.709	0.306	0.229	0.504	0.363	0.268	0.624	0.281	0.383	1.036	1.101	0.038	1.073	0.809	0.390	0.361	1.028	0.495	0.377	0.857	0.451	0.268	0.678	0.284	0.401	1.058	1.096	0.039	0.955	0.774	0.371	0.342	0.964	0.452	0.358	0.827	0.274	0.283	0.495	0.219	0.313	0.885	0.782	0.263
49:13:27	25.1	0.423	0.522	0.234	0.240	0.701	0.305	0.228	0.496	0.359	0.267	0.624	0.280	0.385	1.035	1.097	0.038	1.068	0.808	0.389	0.360	1.022	0.495	0.376	0.852	0.449	0.268	0.678	0.283	0.403	1.060	1.093	0.039	0.949	0.773	0.370	0.340	0.956	0.451	0.357	0.820	0.274	0.280	0.492	0.218	0.315	0.880	0.776	0.267
49:29:10	25.1	0.417	0.520	0.233	0.239	0.691	0.302	0.226	0.491	0.357	0.265	0.625	0.279	0.392	1.035	1.091	0.038	1.063	0.807	0.388	0.358	1.016	0.494	0.375	0.850	0.448	0.266	0.678	0.282	0.405	1.059	1.090	0.039	0.943	0.772	0.368	0.339	0.951	0.452	0.356	0.819	0.271	0.280	0.490	0.217	0.306	0.876	0.767	0.267
49:44:53	25.0	0.410	0.516	0.230	0.237	0.679	0.301	0.224	0.482	0.354	0.265	0.623	0.278	0.387	1.034	1.086	0.038	1.058	0.808	0.386	0.357	1.011	0.496	0.374	0.846	0.446	0.265	0.679	0.281	0.402	1.061	1.087	0.039	0.936	0.771	0.367	0.338	0.942	0.452	0.353	0.814	0.269	0.276	0.486	0.217	0.311	0.871	0.762	0.277
50:00:35	25.0	0.403	0.514	0.228	0.235	0.672	0.301	0.223	0.477	0.350	0.263	0.623	0.277	0.390	1.034	1.081	0.038	1.053	0.806	0.384	0.355	1.006	0.496	0.372	0.843	0.447	0.264	0.679	0.280	0.409	1.061	1.082	0.039	0.930	0.769	0.366	0.336	0.934	0.452	0.353	0.809	0.266	0.274	0.483	0.216	0.309	0.866	0.756	0.271
50:16:18	25.1	0.395	0.512	0.227	0.233	0.664	0.298	0.221	0.470	0.349	0.262	0.623	0.275	0.383	1.034	1.078	0.038	1.049	0.804	0.383	0.353	1.000	0.497	0.370	0.837	0.443	0.263	0.678	0.279	0.405	1.059	1.079	0.039	0.923	0.768	0.364	0.334	0.927	0.452	0.351	0.804	0.264	0.272	0.481	0.215	0.304	0.861	0.750	0.280
50:32:01	25.1	0.389	0.508	0.226	0.232	0.657	0.297	0.219	0.462	0.346	0.262	0.623	0.274	0.393	1.035	1.075	0.038	1.044	0.806	0.381	0.352	0.993	0.496	0.368	0.834	0.443	0.262	0.679	0.278	0.406	1.061	1.076	0.039	0.916	0.767	0.363	0.333	0.919	0.451	0.349	0.797	0.262	0.270	0.478	0.213	0.307	0.855	0.743	0.268

Results
	1	2	3	4	5	6	7	8
A	2.191	-6.185	3.013	-0.923	2.465	2.501	1.463	1.611	Max V [600]
	1.000	1.000	1.000	1.000	1.000	1.000	1.000	1.000	R-Squared [600]
	10:36:12	24:13:06	19:30:19	0:39:18	14:00:25	15:03:16	5:37:45	11:54:45	t at Max V [600]
	6:34:30	26:35:02	18:24:27	0:46:43	8:03:36	12:44:47	4:59:49	6:38:03	Lagtime [600]
B	1.580	0.968	1.603	0.878	1.572	2.392	2.045	0.013	Max V [600]
	1.000	1.000	1.000	1.000	1.000	1.000	1.000	1.000	R-Squared [600]
	12:57:35	6:24:52	11:23:20	7:59:07	7:59:07	9:17:40	10:36:12	14:31:51	t at Max V [600]
	9:06:01	4:44:41	7:42:06	5:16:35	6:03:31	6:43:55	6:31:29	15:03:17	Lagtime [600]
C	2.310	1.643	1.075	0.924	2.221	1.209	1.006	1.699	Max V [600]
	1.000	1.000	1.000	1.000	1.000	1.000	1.000	1.000	R-Squared [600]
	10:20:30	9:33:22	6:09:10	6:56:17	13:44:43	8:30:32	6:56:17	11:39:03	t at Max V [600]
	6:02:36	7:03:51	4:40:24	4:32:33	6:49:48	6:29:45	4:54:39	6:24:27	Lagtime [600]
D	1.452	1.050	1.667	0.942	1.567	1.591	1.960	-0.013	Max V [600]
	1.000	1.000	1.000	1.000	1.000	1.000	1.000	1.000	R-Squared [600]
	15:18:58	6:09:10	10:20:30	7:27:42	7:43:24	13:13:18	11:23:20	12:26:10	t at Max V [600]
	8:57:58	4:39:12	7:36:51	5:11:52	5:53:07	6:12:32	6:09:55	12:10:27	Lagtime [600]
E	4.174	1.438	0.892	0.949	2.217	1.069	0.916	1.495	Max V [600]
	1.000	1.000	1.000	1.000	1.000	1.000	1.000	1.000	R-Squared [600]
	10:51:55	9:17:40	6:56:17	6:56:17	14:00:25	8:30:32	7:27:42	12:41:53	t at Max V [600]
	8:00:22	6:19:21	4:38:28	4:37:21	7:11:08	6:26:29	5:00:27	6:23:10	Lagtime [600]
F	1.248	0.961	1.565	1.094	1.541	1.739	2.634	-0.783	Max V [600]
	1.000	1.000	1.000	1.000	1.000	1.000	1.000	1.000	R-Squared [600]
	16:21:48	6:40:35	10:51:55	6:40:35	7:43:24	12:57:35	9:49:05	50:24:10	t at Max V [600]
	8:58:31	4:57:04	7:44:47	4:49:00	5:51:02	6:49:44	7:01:53	?????	Lagtime [600]

